Name	Length	Identity	Relative length
00052d2b-be8b-4649-b6d5-9bdbd88a1ea5	24027	86.27711	95.62015
0005323f-791d-4bd1-bd5f-3f110cb72b08	39891	95.56750	98.93641
00077d28-f985-4800-898e-d4baede5d2aa	54612	94.27493	98.92448
0013b07b-474d-4993-a6fb-ad3d2df26e3d	39331	94.60698	99.02122
001a42a8-c6e6-4022-acbb-fb96723c8fc0	34671	87.57981	96.65492
001d8d6e-757f-480d-a669-0006d8a5f626	43474	92.59894	96.39033
001f7476-594f-4678-af46-5099a88715d6	43603	94.79047	98.75380
00230607-1f5e-4ef3-9671-469337df680e	51809	95.24593	98.77625
0027714b-2b4b-4746-b59c-b96cfa4d7c64	51296	91.29340	98.32594
00297c69-4e23-4bd1-ac47-19cb7be83482	29793	95.63140	98.87196
002ad6a6-683b-4690-b9c6-575bcabf37ce	24564	95.62588	99.12952
002b0292-e6c9-49e5-a8bb-f8cf770e6a86	30037	90.38358	96.65365
0030daee-d66b-476e-aa7b-e6f4f56f5ab4	38906	94.54687	98.78623
00390b97-655b-46b0-a98b-58447dd648da	51381	89.05973	97.95127
003a3b1d-3539-42a4-85ff-ef45fe9e4491	26040	93.44416	99.04624
004859f1-928a-4eaf-baf9-05d6d22e6a39	31749	76.24546	93.96045
00522979-c6f1-469f-8be0-79be118254e5	33819	89.14733	95.87893
005dc13e-03d7-476a-b96e-8ab951632af7	20651	82.80900	96.00636
005f1a32-ca9f-4eb0-a18b-24ecea6c9970	30486	94.73600	98.86131
005f8bdd-8b37-4329-8faa-afeeaa0bbdab	61531	95.79967	99.03944
0061df3e-73ca-45e3-a1af-acefebde42f7	22786	90.08708	98.43506
00655c70-1351-4499-a549-cf7d37787857	24296	82.93172	94.01948
00670f05-efd1-41c1-9191-9d30bbe3d3d6	45973	86.68906	96.38894
0067d222-d113-46c9-8786-b9abab8e4cfe	35041	93.37515	98.47913
006bfc22-acbe-4577-b755-ccf23d255cd9	24741	86.76248	92.00597
0074f16d-d0be-4bd9-8f72-9dc13b0fd9ce	33481	90.35343	97.40135
0075fd5b-313a-48e1-8c75-484ee3840279	43363	93.00765	98.28185
00762ae9-bcac-4e83-9d1f-8fde551e2f07	25602	94.59771	99.59419
007b7cbf-a56c-4932-94f7-f6a1c39d4f41	22427	96.31391	99.14325
007ed5ba-a641-43c9-88b0-547ffd8952c8	31068	94.09292	98.63314
007f2ca7-fcf4-4e7d-bc9a-683915879a34	26198	95.33051	98.94972
0080aae4-bb96-4aaa-857a-927e2db3b71b	62171	95.43794	99.35166
0085852b-6a7c-4f6d-bfc7-0d490a28d968	31056	83.78794	96.86366
0099944b-e682-4fed-9fd2-c7d6fc3b85b9	25381	90.42254	96.75409
00a1a5b4-43b7-48d5-84fb-be8040321103	27412	95.66809	99.14400
00a37701-ab30-4634-bdea-177896677e22	36468	91.31137	98.38561
00b5ce50-59cb-493a-94a4-dba854087886	26806	89.41942	97.12374
00bd02df-db70-4d71-a40a-513c1eee4a2c	14464	88.20838	96.67672
00bfda47-f1f3-4a7c-a800-8f6472265c1b	24205	88.53682	97.66594
00cbb800-86d0-45f4-885e-08a23b3a1e8f	33814	95.11848	99.00511
00cc2868-998d-4ec6-99cc-458917e05188	38629	89.79602	98.00311
00cda24f-c49d-4974-880c-b8a0ec00183d	66675	93.52166	98.67980
00ce1209-346b-457f-81cc-e45ec5ce1ebe	40772	94.22082	98.80712
00d4fc3b-9848-4d01-a320-653852d68990	60780	92.71169	98.21325
00d5ebcd-4727-44e2-9800-8123837e80d4	45106	87.29384	96.49679
00d7992e-006f-48b6-be8c-e51905fda9ee	29208	90.75395	96.35840
00dd83e2-b142-4917-9dd4-8bfef0e895b4	69071	93.26921	98.89467
00e60ace-39f1-4a34-aeed-87ac2d214fac	25356	94.39988	98.81981
00e78f56-6438-444f-af8c-d66b9a695bad	77189	93.99881	99.34294
00e9aa99-0025-4d45-827f-2892f15e1ded	26185	91.54754	97.67311
00ef41bb-b716-411e-9a73-e8ff95758820	30409	85.07893	96.97047
00f76a80-ce33-40fc-9f0a-8e4db26cabf4	36517	95.64645	98.91148
00f90c84-0921-44fc-ba5d-f1b244a7d9c4	24674	89.36441	96.61936
00fcb531-d045-4f64-94af-1e15aa90726e	29464	89.99314	98.37537
0101a7bd-66b2-4b83-9228-5fa424a743e2	49848	86.28833	93.71620
010ed54d-2c7f-48f8-8143-5e61bcefc86e	24083	94.51692	99.23929
010efc3a-5954-4192-8b1f-605a8fe3f57a	44707	95.18249	98.89049
0111425a-4694-4dc2-809d-e3fb7e606952	42032	92.62322	98.40700
0113008f-2e5e-4683-8035-c8539b7a2cf4	22341	84.34685	95.73507
0117cfef-4330-49af-a1fa-55ba10670a48	33148	89.23838	97.83040
0119c56e-8ca4-408d-9437-c00d3376724e	30131	92.61229	99.27017
012a1baa-7674-4ced-8986-d25685a3db1f	54083	89.12031	96.54587
012a5c36-a376-41d4-8202-ba109f64a045	38461	93.28681	98.35293
012ab4f9-9623-4aad-9d55-d2f58df5bf81	60607	75.35551	91.30565
012b331e-7a57-40d1-b8b0-dbb59a6d7b2b	43230	94.95277	99.11986
012d88c7-d7be-4cb1-955e-f715b56fc785	45060	89.63577	97.21448
0135b3ea-119a-4b90-bb23-c4a259b5485c	22238	87.71296	98.24344
013b50b8-059f-4ea1-b72c-5b860d934ab6	22757	91.48927	98.78925
014173c1-d464-4167-b298-e0830c537817	36592	94.75434	99.12538
014388b1-7568-44f8-8ab7-28138c974c1c	41315	92.31257	98.49042
01453be5-a426-476c-a620-8d000d05e321	30772	95.99360	99.20176
01496e86-5502-4a77-bc5a-29d9c4a03054	51985	95.72516	98.92699
01497bf6-f687-45e8-80e7-cf78cdc58a94	1474	96.02467	98.13665
01501472-204a-4918-8c9c-097d4baf56ea	48771	94.99257	99.04615
01547db8-3056-4cbd-91df-89b627291d83	42469	94.62654	99.36016
0154f3a0-ed79-4228-abfc-6049826a1e32	23002	93.56423	98.28495
01551840-3909-4aac-a4d0-c25fe65771f2	36039	94.10152	99.10148
0156020b-1033-407b-a9fe-794df68c17e4	35869	93.44939	98.63848
01606fa1-47d0-4eb2-a17f-2d546f130f69	25584	92.83894	98.64269
0164aa87-6262-4444-93b7-e57e877c799e	55925	80.01861	92.33835
0167daca-3f20-4219-9ffb-fb06bd2e813b	27235	77.78102	90.42500
0169c841-f1ee-4788-96e5-e3a8ae8a64db	25373	92.03142	98.22150
017093c2-660a-4b35-a91c-ed087c8ca46a	23867	94.19809	98.59873
017813fc-4d95-42dd-8f0b-60c3e6094374	39842	95.65422	99.66165
017ab821-317f-491c-907d-91bff47bc966	27369	94.56884	99.05263
017ada6c-b56a-4b24-abd0-41462b64a29a	92188	88.34063	98.24400
017d08cd-0dad-4d59-8877-f71297c5c5db	28833	95.58824	98.81083
017fb78f-3b78-4104-bc9d-fd848ba36b28	34855	91.41689	95.76584
018139bb-bb1b-4c16-9918-2a0756f00731	22973	82.97847	95.48487
01876460-c3ef-41de-aa50-237b7f14ed36	34336	90.50434	98.15239
018bf019-582c-4b17-804b-a79bfbab3e81	42912	87.62480	96.51644
018f2d1f-ff5d-4645-81a7-78a9f25c750e	61742	87.51105	96.43975
0193dbb8-2f3c-4592-8aef-7780f0ff8c9d	24625	92.45917	98.86826
01943edb-2dab-424e-bbf0-e04ea9f10b2e	33017	94.70672	98.75866
019a82ad-2078-4f87-b698-75436a4ad232	67983	94.98820	98.98106
01a5fca4-835e-4c31-9880-6889d2bfc221	31404	89.70103	97.87121
01a86738-6b06-4a93-93c8-53fb3936f756	32652	95.69108	99.14174
01a99807-5555-4656-9a7e-b5e698b37ce0	52849	96.11786	99.25328
01ac1f7c-1b50-4814-b3e5-0b5d0674c9a9	27516	90.73193	97.89248
01ac7e5d-6c05-4b06-8c11-f77cce45e0fb	48017	95.53915	99.07821
01ad116d-d507-40d4-a01b-4cfb88138aef	26545	89.78769	96.88484
01b1aaa4-0a34-4b5d-a454-d30f873c384d	23218	93.23842	97.08363
01b1e39a-1260-4cc1-a5d2-aca5a00775ab	33036	87.60772	95.96911
01b21edf-aa37-4ff5-83b3-c24b921f4152	45928	93.35664	98.84032
01b462b0-5ccf-4f26-99f0-bc3240d212ff	23276	85.17678	97.20183
01ceffe1-b1fb-4c47-baa4-a410ef6755fd	82402	82.62190	96.27771
01cfa790-5cd5-4733-a389-7efc8669d89e	21823	79.66052	95.46374
01d1a864-ed70-4ee2-88bd-b642cb8f9890	29117	91.20985	97.84061
01d4eb52-ebae-48aa-9540-8474dac8e235	26590	92.73837	98.42224
01d65bc7-7b5f-4fb6-83cd-867379d68174	62985	86.55178	96.25882
01d9a8e1-406e-4f0c-b3cd-e75da55d87c4	24716	83.46773	96.62480
01e2fa42-c5cd-4f1e-8c77-8284bb83a080	65414	91.24282	98.32979
01e667ce-1ccd-4d3a-a26b-6de73800b64b	28375	89.50306	99.20746
01ea1d09-e95c-468e-8e95-0f6231b73563	30582	93.27726	98.66969
01ea6552-b910-47d6-9ae4-9b5add9e6f54	37191	91.38415	98.35335
01eba46c-b431-4902-9f82-7f3f9824235d	2315	93.60035	98.85159
01ec6768-f08b-4948-88de-2b17fe698fcb	27483	92.11000	98.56100
01f0a624-dd8b-4d8a-bc6c-526daef5cf92	25243	95.76809	99.68272
01fc5475-f9a2-499c-bf6f-1cb9cab382c1	61997	92.14054	97.23684
01fca52a-1d6f-49d7-8d8a-7c145fe2cc6c	29760	94.84424	98.78503
01fdde22-01b8-4a79-8807-c50c446348f3	37386	89.70834	98.30441
01feffea-ccd0-4cb8-9faa-a5b96976c5a4	30652	95.29096	98.80745
02007dbf-4403-41f5-b911-d1abd4d7c905	22187	94.49472	98.72683
02059120-d5b5-4609-ab96-3d47c69c6361	21362	93.28488	99.25047
02064e0a-42b1-49e9-9ddf-c43da3d348c5	41584	93.98780	98.65722
0206ab12-cc88-4a0b-9b90-587d2c6aad5c	25489	87.44303	96.20541
020aeb88-49cd-42a1-be7c-15f9a4219c37	41293	90.92185	98.71807
020c05e5-8127-426b-8542-c2ee20cb7733	30270	94.67674	99.29265
020e276e-636c-4e5c-b464-506a4db39b27	27183	94.38279	99.41673
02185f78-36c0-4ff8-893a-ccbb18044644	32639	96.36936	99.28343
021a138b-e4d9-4879-9db8-e99d553af41f	62835	88.28450	97.65057
021d342f-9af3-433f-b974-69eed24591b8	57320	92.46456	98.34075
02216516-22a3-4036-9e80-73c1ad7ba057	58575	89.84712	96.18965
02232b93-76ef-4a9d-9ece-e2435e7e992d	33932	90.75736	96.61863
0223ef3e-fcfe-47ee-9b2a-30852009e7e5	41816	89.80335	98.59887
0225a861-e2b7-48f4-b516-b2ab43653f3c	40530	81.12849	90.71369
0225d99c-8985-4bab-9908-d9d97c35fca6	40340	85.15770	97.10551
022d67b4-388e-4aec-989e-8f6faf0164e3	30363	89.93504	97.60531
0232f167-a229-4fcf-8e71-b2a5d40f46a7	24275	87.82686	95.67178
02368a92-064c-4e8a-8453-3a60ef5e4856	37059	87.00069	97.52480
0237fef3-9d5d-4f55-86a6-1bb4d0ce3d5a	37318	90.10865	97.27019
023870cb-e522-4202-bf35-1a66ba3d399b	40585	90.68801	97.63115
023af1f9-d94d-4494-aab1-d5ff9c47815b	27850	87.96640	96.96652
023cfc92-2286-4d5e-95f0-4e6e712f66bc	43208	85.89793	95.62683
023dbe15-92cd-49c8-9d33-275867e614dd	22968	95.23789	99.03513
023f2770-124a-44c8-8cbb-ffdc5d5baafb	26703	93.28958	99.28779
0240b786-ea56-435a-8279-508742539ca7	30478	95.51772	98.99697
024bf275-5a7b-4320-bca8-cda18b999330	27933	88.69467	98.53019
025aee64-0096-4b57-984f-4d789d6802d9	22908	88.80427	98.95901
027340e0-33d3-4b1c-b130-23fdb76e03cd	29221	92.78192	99.17299
027f5874-fccb-46bd-884b-3f962fc75513	37085	91.22224	98.10746
027f8f0b-db58-4d78-9084-b479d6b33278	52598	88.95462	97.35701
0281bbdc-d782-4f28-b399-522ee19c95b7	38152	91.44411	97.56667
0282dec3-b838-407e-a4e2-30ffa2521de9	24373	95.58883	98.95320
0284046f-87e6-4077-9171-8e86e817c4af	36495	91.24838	98.51655
028d1601-8b30-44f6-8c89-1b6ee27696ac	26697	90.73035	98.60345
028dbd34-73b3-448b-974a-c62a9dba6150	26498	93.46201	98.71455
02912069-540a-478d-bc7f-5af93169eccf	34662	95.29509	99.31652
02920c41-9709-46e4-9276-6a678cbfa413	33396	86.87016	96.08555
02939279-e7c0-4a13-8538-eb6de93777b9	24736	83.52853	96.20258
0296a971-a7ff-43f5-b7ef-4d7281258d84	38688	94.32168	98.60806
029bd873-30be-4f79-9daf-3cd294d362a7	38653	91.58453	98.38516
02a1e1c4-ff9c-4437-9890-1f1e4ee9e023	56697	94.83357	99.01709
02a3733c-1663-4acd-b79e-16fe32eff6ff	48251	94.87633	99.20073
02a7d7c0-cff2-4f7e-b2f4-14185369db01	37544	90.24646	98.00654
02ac5776-83b0-4507-a59d-a6f57f552d15	28704	92.99743	98.46217
02b0a1b3-f736-4dd9-83ba-87c88c230b9d	29005	82.65479	95.17941
02b23290-e5b3-46e9-86f3-06c1930d8b61	31171	95.80336	98.93377
02b480d0-aea5-476d-932c-452ce05427d0	29338	86.91064	96.03303
02b92592-0490-4be4-a951-a6e26db12506	25747	95.85437	99.03445
02bd5995-70e4-419d-b7cd-d89e79d6334f	24268	95.57863	99.19216
02beb957-0c68-4fd7-a591-5c4f1fa7cd54	35606	92.16224	98.01904
02cb87f4-4d99-4028-86f6-69be7371f879	39394	93.10660	98.37341
02d36cc7-59ff-4487-8e3f-762eaf6169a2	45652	95.01743	99.36763
02d6d8dd-1220-4b7a-8fd9-24a192e054d3	26830	85.03191	94.17438
02d9fb29-9e28-4b27-b769-987f3e7f112b	34822	91.75129	98.42745
02dc9df0-1149-4d85-b359-f1ac1e5563da	26961	85.92907	96.50591
02dfac75-5490-4cd3-9077-76663df492eb	22210	87.75256	97.13871
02e55dee-8e05-4a26-bf19-e683f5bac155	42726	95.69571	98.90543
02e5a0c7-2c16-4c60-b208-db552fad0fb3	25622	86.96104	97.66917
02f03b03-a654-4d66-9433-0e896246f739	41532	92.38249	98.55458
02f20025-594b-45ac-9cfd-d921dbee9154	39216	84.60118	96.78443
02f472ff-6fde-4ed2-b1ed-c23c87623d1b	49340	94.20810	99.01925
02f4cd4c-afaa-4ddf-aafa-c19204fad9a9	27366	92.06082	96.89942
02f8035f-779b-46fa-b05c-54f88578bc82	39419	94.76368	99.01062
02f95db4-d2aa-471e-86eb-0b3ef1c2ae6d	28804	90.11388	99.38845
02ff7ffe-7b88-488b-83aa-1f677c96af6e	27908	94.17275	99.01793
03086212-aa78-4cb9-a48d-2bbd5d285a38	22242	94.94127	98.52850
030a96c3-0db7-4e21-9f91-3c96916a200a	24096	95.39039	98.95340
030b61db-815d-4c59-8c1c-947cf71013b8	31216	93.92535	98.85364
030c3970-ae48-4835-a600-c091d370ff38	56334	92.01502	98.91505
030fb7e7-17f0-43ab-942c-a8b3ce8712ff	47924	90.49994	98.02167
03121c69-8136-437a-9912-0df605e7fcbe	45368	78.64907	96.36371
03122d52-1193-4ce0-bd8a-ea5666c20843	29208	94.71496	98.92670
031918c1-a7e7-4367-a088-d59bb374b576	54331	94.20998	98.58090
031c19e0-8092-4103-b130-0d60ae118765	62691	92.70970	99.49144
0323b990-2bec-4508-919b-e7dfd3329d43	21923	94.77698	98.52921
032711a7-fe3a-4745-9ee0-7f793665331a	38168	87.49409	97.45101
033bb6e9-dbbd-49df-b6c2-18f313b0c152	27989	95.12384	99.33801
0340ed9c-db8f-41a0-b9b3-7cc7292d103c	47109	91.04312	98.55771
0343b054-623a-4870-8bca-71f4ad2f99ad	92368	94.80103	98.94818
034f256a-997d-4fc8-a332-c00dc2eaaf33	30548	94.85030	99.16355
03528384-ab1a-4110-9c96-dd37880a9e46	24925	92.12798	99.09443
035448bb-4970-49fa-b9e5-f2175102d6a2	32321	93.21110	98.09193
035744c2-8c62-4b76-a206-8a9dddce777a	32871	94.05055	98.45480
035f3f9f-fe26-4ca1-9191-5afa6782aed7	29656	70.89836	94.81663
035fdeee-a68f-4a69-9829-d14b0ecaeee8	64565	84.84712	96.50815
03675cbb-170f-4a4a-98e1-9725cd7ba4ae	37035	95.22813	99.00889
037564ed-bb10-4a3a-8188-211b71f0358f	33811	92.82309	98.59097
0377be4b-8bc2-41fa-8739-53b1681b463e	12047	85.13261	96.70020
037ead8b-67ed-4a30-9d55-b0d87f633dc7	27541	92.40846	98.68832
0382cd06-5c2c-45f3-97ba-731867de3eeb	26315	88.91938	96.99882
0385a2b0-17f1-423e-8ce9-17e649aac73c	33662	95.50099	99.07975
038b38be-fe4e-4aa4-be2b-b72d52f2239e	22490	93.62615	98.41703
038d47c3-4574-49e1-b309-95f679468481	23512	90.14845	98.07636
038fd056-6a39-4d49-8fe1-29f7d983de47	22373	80.73197	92.33390
03998c2b-cce7-487b-bc24-a816ea45bd09	38403	94.94885	98.83445
039d319a-8495-49d7-a7f6-f9d168f5e171	30951	93.77977	99.12070
039dd59c-9411-4d91-9308-51c2552eefa5	33801	94.72786	98.59954
039f52c9-f9a7-40f7-9073-50759ba85d24	24350	86.90237	96.22522
03a86f17-300c-4b62-abed-9d4b506f63a9	33758	91.96040	98.13978
03b13216-c433-49b8-9ee9-66daf232e9d8	41211	93.74882	98.72801
03b4a0f8-30ff-4073-af62-23ba3fe9fe81	23338	92.29680	98.65948
03c5e03d-9235-4956-9944-6ab5986fc9f2	32733	90.78693	97.49156
03c846a2-0f51-4962-91e4-3d4a022634fb	34648	93.52057	97.96844
03c8cddb-c6cd-41f3-9ce6-7bcf3a926947	39649	90.28272	98.08894
03cb29bc-2092-46a8-9afa-8e2fe26a836e	69223	91.72112	97.80610
03d0bf28-050e-438e-8ffd-bb980534f940	63006	94.04236	98.90913
03df50fa-dec5-46f2-9a1c-b19e02a2500b	23968	89.95094	98.59632
03e46fa5-5750-432f-936d-331cc1c0c863	31205	95.64476	99.48220
03e6a07d-2a3f-493a-b062-77ff319db74d	52591	90.90909	97.99966
03e6b214-521d-4c89-abfd-b9244992fcba	32243	95.94694	98.97881
03ea7836-c5db-4b05-aa09-0ec6a4db42d4	28015	95.06800	99.21875
03ed5cde-2025-420e-86a6-fe27dea746a4	27080	95.08375	99.33775
03ed7a0c-4e46-4cc4-b046-7bb5a94a224d	51713	95.61399	99.18932
03fb48d9-f502-450b-a366-f56f013a2105	32006	93.09540	98.18517
0404d6c9-d78e-4fb0-b094-5c360d4f778f	26070	89.36202	97.99472
0405b64f-d85c-4fee-bd96-f49677338b07	25141	94.78302	98.82126
04061c41-e77c-4690-aa6f-4841756783ab	10255	81.80756	94.37350
040a7e13-065c-429c-9a75-8795e0326a82	24458	90.89293	98.34207
040bff46-3205-4c90-a9b5-4ec3e123aae5	30398	89.01548	96.58823
04152a48-a25b-445d-b3c2-8ff3395dd344	27003	95.74088	99.05813
0419a68b-c1ce-494c-8be3-d42ad5fedc8e	42582	95.85209	99.00550
041c5770-e810-493d-9230-968dff57481b	41135	85.53862	95.91245
0420a89d-b703-4c67-bd98-27c560d1dae2	24486	93.78448	98.93380
0423b8c4-3254-427a-9fa5-be9f39213f68	17787	86.47062	97.34362
0425bf73-be36-400f-9055-6cc616fda84d	28894	88.75648	96.82513
04298cb4-9205-48aa-9ac5-52fa72e27e5c	59117	92.74858	99.21188
04346a9a-e84e-4604-bd4f-54c85049d063	41492	83.53941	96.24191
043d59b6-2400-413a-90c7-57bb19cea678	36605	95.75658	99.34731
044030e6-58ba-4390-bdb1-b5e8b0fabc56	28230	82.56627	94.29032
0441e719-3e67-4217-8246-e389daa2bdf6	29798	88.02509	96.65095
04441abf-3c75-4e90-9a99-9e77359643d4	33320	95.26544	98.74343
0448bdda-ffed-469b-8e40-d3b47373ddaa	33707	90.42493	97.67401
044c8632-21ae-4a72-8574-c8d065681297	61539	93.89503	98.57585
045293ba-d5df-4045-a72b-85d36322dccc	27664	90.01782	96.17490
04546149-fba6-4eee-b160-b8f063c2b17b	30679	94.12924	98.33414
045b2866-11e3-407f-ad20-bc956f353fbc	23462	84.48116	97.15119
0465086e-20a7-4338-bc1c-6337b5f2d78b	42546	83.17519	96.68740
046c14da-0196-4c76-b5ef-7dbe8e9e271b	22207	81.82388	95.97167
047610dc-2a06-4518-8291-d5f1493dec0c	36252	90.82873	99.28182
04787f21-0223-45c8-9898-39bf181584f5	29684	94.94428	99.06311
0478a6a6-7626-4103-8098-dffb95732579	28704	89.04951	95.67208
04792852-bfda-4c6e-afe9-0fe09a643399	34839	95.19675	99.15283
047f0731-40d1-4200-8073-7dfa7c7c8eed	38110	81.72405	99.02958
047fbda3-a25f-45d3-b391-60ceb1896f83	48375	90.53470	96.33311
0480adf8-cc08-4d15-9ad9-9f16beafa299	56376	89.73106	97.95400
0482d9d2-f31d-4fce-8872-ee9238fbde43	33776	91.42554	98.15296
0486252a-483c-48ee-965c-63d03ef3eb13	24272	92.95432	97.96183
049161c8-bcfe-4888-ac5f-55fbfe62aa62	23424	95.16522	99.33183
049168c8-115e-4c1b-b312-3f17157e759a	59893	95.42301	99.27469
049b851a-0c5c-4271-9c34-963e0dc28a70	54159	93.85886	98.62504
04a66bf4-0fa7-4491-b444-18c15e13eff1	22328	80.19649	92.88041
04aab5c7-2d5e-4063-ad28-89579f495e8e	23101	93.22528	99.01041
04ae64b2-823c-49cb-8722-dc2c73175e52	75449	95.60146	99.10713
04b0db73-e9a4-46e6-b9bb-b40c09736c6e	46099	93.29939	98.71294
04b0ff00-86e8-4e9a-8ed8-d925d2409ea7	25170	93.95367	99.04378
04b8a403-1782-43d1-9f1f-0216569bf69d	24276	79.58889	92.17106
04ba88c0-aed1-4b6d-8d17-54c6b49c0efd	24774	85.12629	97.31234
04c67972-e0e9-40f9-9a4f-296e95ae5ae9	51550	93.45807	98.70760
04c9b434-17aa-4133-af4a-cf8f69813356	24423	94.79713	98.78800
04d35366-07dd-4297-a943-01de96184225	41126	88.88636	95.20584
04d51a5f-03c9-4e5e-aa2c-4e20e83b8f4e	23552	96.50723	99.44013
04d70149-b291-44fd-b06b-b066e0d2b764	24887	87.89580	97.02404
04e168bd-8918-42c3-a76c-aa8cac471adb	41389	92.38803	97.06774
04e2878f-96c0-4a9a-93f3-239b9c18bf09	39036	94.12868	98.73283
04efe336-04d4-44e1-ab37-c9740e9c2110	25359	96.19125	99.29295
04efe7f0-588f-46ce-b109-35797932b475	29045	92.32589	98.27481
04f352b5-0f17-4210-8aba-ac90335693ea	23433	94.46281	98.97834
04f380df-9834-411c-b33c-8c1dc8cba667	41485	85.77037	95.91974
04f88258-f675-428c-b8dc-357b1954c573	53737	92.03693	98.14161
04fa5a8c-a191-43bd-bf2b-f12898bbcb15	29989	92.87524	98.93519
050735b2-4ac9-4e71-ba52-4d842bb17f65	54253	95.12393	98.99136
050dd110-b69e-4703-adda-a355b87cdbfa	26112	89.60750	98.49442
050e57f4-56d9-4706-91ed-5b0e676ccd08	28636	93.18011	98.98444
05146908-5a62-4d12-94ac-e4273663a21d	34366	93.45405	98.54556
0515b8a8-5637-4ac1-88b2-3baf1bb1dba3	38660	92.77524	98.61970
05228f17-98ca-4d88-8812-d1da92c578f7	36493	93.99091	98.68599
052f8d77-2eeb-4c21-bab1-1c6956dd5f81	22444	87.34833	96.81454
0534cc7e-ab45-4c47-9fee-9f7b78addcbe	26372	73.97762	91.37874
05376688-343b-426b-8272-13c7635431ee	51018	90.60659	98.38675
054b1ee2-ba90-44b0-af5a-7760a5297e5c	46101	84.55628	94.91256
054ce663-7ecb-4ebf-8568-0f882d90db79	29700	86.09978	96.29292
05526905-93a5-48b4-9777-d4591ae19f95	29924	93.29335	98.08938
055c8c52-4a15-4f8f-86a2-917b26d4df6c	2610	96.38044	98.64603
055cceb3-9dfd-49ba-9feb-b6a9f8941243	44279	78.16156	94.35231
055e0110-535b-4634-b25c-c27b273d1413	59722	91.90387	98.82850
05614657-f171-49e8-b9bf-3a566ecf82d7	27656	94.79728	98.93781
05618807-7397-4241-a51f-af31e866053e	33452	90.32573	98.05720
056faddb-0473-4b09-9bf3-de6178b7a585	38635	91.87526	96.45681
0574ee62-6815-4a66-a45e-3ab26ddfe441	33268	95.87019	99.34461
05768b11-741c-4785-80ce-c0b99bf07291	36781	89.63296	97.02756
0577c259-c4ea-4901-afdf-8ea38e9ed9d5	39272	84.04668	89.41838
0577f0a0-1f03-4364-8147-49f2ed6b1c11	38215	89.13841	97.38515
057b2f6b-a3b3-4a53-a219-7eca26acc59d	23314	95.13997	99.43104
057e826b-8a32-4233-b3be-5d4dcb224229	26867	86.09964	96.35078
057fb1e7-8ee1-4905-94cd-796676661d0e	49315	89.28524	96.72524
0583b170-033f-453c-acca-8ee04166c2c3	31918	95.33506	99.41928
0586f952-2e73-4edf-926d-f15ffad5a593	50717	94.74389	99.00285
05897437-4bf7-4361-a2b5-349576c75d7c	47412	92.55815	99.05145
058a7cb5-d4f4-4aba-98b5-12a12c5c7c7b	72208	94.04091	98.49662
0590c691-80e7-456c-9c54-dccfa0224a01	27197	95.74815	98.99953
0593b272-d3fe-465a-8508-4f3a5a27d894	29244	87.56260	95.49727
05964d5f-8f0c-43dc-9090-095afe586c62	48948	95.00200	98.96124
05974d07-220f-43f5-b830-b33d5a732e24	25140	95.74051	99.43682
059f02b1-c351-4dc6-ab59-48a1c2e74d52	36824	94.55488	98.87740
05a3314e-06bd-4c3e-865a-60110a7235a4	34136	91.73389	96.85163
05a643e6-ee6f-4657-940b-fa0a80b3060f	27058	95.37896	99.36655
05a751dc-e534-477f-a364-77c7e8fc154e	64404	95.50804	99.29311
05b483e4-7602-47a0-b518-a83734411f45	33539	92.06492	98.69050
05bd0154-a921-443f-806d-2a88ea81914c	10565	95.89041	99.02191
05c96a34-8099-42bf-afd2-0b6945e2ea9b	79748	92.70603	96.66934
05ca544f-c2ba-43a6-8e06-45bb2438fa24	26383	95.01770	99.12195
05cd3d88-8d5e-4fdb-b4c5-a96db44afaf5	24141	89.03374	97.21178
05d119e6-e7f1-434e-8210-08902d65a435	72914	82.03010	93.67015
05d89078-4649-4245-82f5-732fed2cecd8	32138	94.94703	99.10369
05da3c17-cfd8-411d-87e5-a0b8dc01acf9	32570	95.43796	98.94644
05e1c957-7f77-4a83-976e-a3d73c2d2c5e	29545	92.92464	96.69752
05e43cb7-ebd7-4bc3-aaa9-28aacd2a6e19	45254	94.70873	99.50878
05e93831-d599-467f-a9ee-30693fd5469a	81064	87.53579	97.40311
05ec29ab-154c-4e77-8476-f885f17ae8b3	39013	94.80760	98.66528
05f1b088-aa94-4549-855a-f9045aa8091d	42065	87.96555	97.87711
05f705b0-b36b-425f-a9c4-4c068f02ad8e	25946	94.21102	98.42876
05f803e6-535f-4baa-a742-e369f50f858f	34430	94.36752	99.06017
05fa5329-c770-4ad7-85c2-582e02ca8c59	30785	87.14854	97.45389
05fd077f-b15f-490f-9b5a-18c62518ec48	36744	89.97153	98.05207
06008849-4609-4a02-9960-d03bc4dd4e4c	29015	93.35056	98.63621
0606766e-2a14-4a04-873b-216ff3b16367	28633	95.38504	98.79589
060ca23b-c63f-4b1b-a411-8c75427fe228	23413	93.80258	98.65704
06163d3a-98fb-4cb1-ac9c-ce3ac171d227	42051	94.46396	98.89716
0616bd3a-b7ef-4af6-9cdd-960a24b53cc0	25809	93.13314	98.86639
0617f124-ab77-4277-b542-b198d8b45291	89839	95.65646	99.32826
061f3088-1dac-4d85-9446-92fda61da406	54831	88.83846	97.11016
0623ec60-7d99-41a6-b5fa-609d92dfa9ee	28115	89.85060	98.25934
062b4b17-ac01-493a-8d4b-d378baf764f2	33035	93.56772	98.77987
062c9d88-47a1-4c0f-a4cb-99be6285a573	24452	94.60771	98.98407
0632c061-f418-4d34-bc8e-7b62b6aefb0a	26407	91.78682	97.77563
063b76ff-064d-49f8-aabe-7c047e72df95	53217	94.51866	98.88903
063e92a1-39ed-4ba2-acb5-25440f86cbe8	27722	93.88955	98.79565
064aa68e-b711-4bd4-95e7-722d2c0c9ed0	45196	85.76840	96.21071
064c5b1b-c255-4285-af43-833b66a813d2	23233	84.64229	97.04969
064deb65-8058-41a8-aab6-89c0f52f4763	31687	85.90652	96.72191
065085d3-a485-417b-86c5-9c2a2004a340	8453	95.90698	98.74502
06514856-b1e7-4165-a8a5-7666561504bf	50368	95.35971	99.04513
065387f7-22f6-4a63-857e-39dd31fa665f	49308	88.92261	97.08226
06550078-a803-44f8-9a60-5524c7217801	33722	93.60120	98.65986
065d61b4-bd0e-4d2d-ade7-f8dd747dea74	37799	89.07440	96.70928
06679542-a753-4927-aeb1-d0f4b6d99495	29464	87.92870	97.26105
066b67e4-88fd-4838-9799-86d159ba56ac	31198	95.59345	98.54343
066ee763-ed07-42cd-a170-b5c0be0f91fd	52671	91.74715	98.45336
067c15c3-b9d6-4fe8-a53e-9d15e091d065	52163	96.77841	99.39127
068067b0-051c-4fa7-8258-e97c24416ae9	32119	89.40631	98.05998
06817773-1834-4c94-b0e3-039f945dcfd9	26930	94.32720	98.91890
0683a4e6-aa38-4c80-aa4a-eb205e8c61fb	66901	95.37549	98.77461
06842a87-bd07-4094-a4fa-e27d2ac83738	9618	95.17850	98.99419
06845375-c0dc-427c-b26e-873714d228ef	23604	84.37338	97.45833
0686d4d4-1e9a-4598-bea3-755e394fa61d	54103	88.96581	97.57780
0687924b-6e9b-4d74-9771-a9be3b6ffd09	26758	85.73997	96.03757
0691c277-7513-4410-aaf5-f283496a8efa	25825	95.22127	98.87494
06a173e4-c7cf-4f57-8885-cec729d88c1f	61386	92.84207	97.98772
06ab3ec4-e6c2-457a-90a3-802854685fd0	26147	91.36725	98.40187
06ac96fc-5ff0-479e-abc0-54e77e777fd7	40631	96.96918	99.25106
06ac98dc-4a13-4752-83dc-4769a023cc58	53073	89.10043	96.79335
06b2e77c-a3f1-4bf4-9377-080f1c65724f	38505	95.43730	98.81451
06ba1bad-4f4e-4cc3-8874-b01ab015dbb0	24932	89.19200	97.65127
06bb591d-2b40-4b2e-a3fd-f219c99c8773	24819	89.05883	97.43438
06bc2c09-832c-4279-8552-d5f24f2468c6	41876	94.17860	98.43573
06c1ae76-726e-4a6e-9c10-fe8597e7e6c4	36874	95.72914	99.01771
06c47f38-dded-4ad7-8af6-ff5e4427cc63	29554	86.80045	96.52054
06caddb3-5001-47a8-95c9-38f7953906c2	22108	93.20931	98.33564
06cf4f65-fc15-41da-b0a1-0a8d8f295684	38991	78.54939	92.01954
06d08d33-d769-442a-a4d6-a31c5be1e87f	26217	88.47012	98.17245
06d8ed72-cafb-4c20-b140-2501ed3c2fda	24038	94.75574	98.97968
06db855c-9856-4b17-b6d3-6db2f8a3822b	21588	94.51098	99.06942
06de6f45-8e1f-4e09-a1cb-6b8f5964f9cc	23735	91.95156	97.35824
06e6c32a-21f3-4481-9431-803f80f9bb7f	46678	84.08344	97.27020
06f10df4-1156-4ef3-8cc3-ebba7bc01ef4	43495	94.41326	98.72419
06f55b0a-479a-4c03-adf4-f170248b5f4f	30275	91.11402	98.52485
06f7bc8f-bc71-4a4e-a9d6-209787e1e9ce	26187	96.28445	99.21335
06fa64e3-9ce0-40a2-9f03-4a77e3d033da	54602	94.81609	99.23375
06fb1b97-3d54-4614-af24-f9ac82e90777	34976	93.62730	98.29897
06fd9a9e-6945-4789-8e05-02cc08301632	28631	94.64824	99.25604
0702a2cd-528a-47dd-93b3-b9118e85b232	49275	88.87826	95.98658
07081a9e-256d-47e9-9fe2-45ac605feca2	32595	93.63277	98.91301
070c040e-16fd-4f07-984c-c91230e29959	38128	94.82273	99.51322
07118fb4-dce1-4764-923d-fccd34b0cbde	37382	94.08568	98.69285
07127c19-162b-4e0c-860d-59ade892d9ab	27411	89.88429	96.33716
07144a4c-46fd-4d2a-ae57-24728b627901	39478	94.61087	99.43461
07147faf-b3bb-46f9-acb0-26b3d18fa523	35837	92.86063	98.56099
07166658-a5fa-4bdf-ae5b-c24983f90aae	26864	95.32112	99.05329
071675b4-a334-4205-b9f6-3c50da226169	30391	85.22520	96.87510
071b7dfb-32d1-4907-9a16-6b5d347ca98a	24857	90.65206	98.34947
071bd205-fdb0-4ab1-9e9a-4832d39bfd67	21554	87.63906	97.61440
0722ddfa-e262-4276-b6b8-d63e0caf3896	34457	78.26669	94.20109
0728f602-85c6-4e91-ae31-278c9fe5627e	41480	91.00664	98.28826
0739ae13-7ccd-4a07-b7d6-a7b0374f4a34	25443	91.48245	97.59889
074408b0-3505-4b31-9cf0-bc7c6486b5b7	34781	94.75951	98.82671
075a2c6b-48ec-46db-a223-4d87ff4b8b58	35700	96.18811	99.12088
075d62ef-0ada-4de2-b00e-b1611ec70f8a	25498	90.24664	96.71276
075dced8-3cc1-4241-a92a-da1d18bb1453	33343	88.55249	97.75225
07600d63-3230-4da7-98cf-343b3c1d323a	31048	92.65932	98.19560
076bfd27-b0ca-4a8c-a71b-cc4fc364b88a	33539	93.70568	98.49859
076c7246-5870-4def-9b39-009a97ab6aa5	22836	93.01151	98.03339
076f89c0-adef-41c7-a7d5-adccd319c18e	33541	77.70739	90.97617
07700a35-63c3-450b-af38-c86eb260d919	31858	93.93594	99.48324
077334e6-db7c-4094-a636-e85df13de221	28141	89.61263	97.32288
077f9954-2217-4769-be6a-e105c81c3184	30332	94.77489	98.74674
0782361a-a5ee-478d-bad6-e3f207c4578a	37929	88.85673	96.41364
078a2ac1-84c3-44bc-8532-4dc4c555c281	24963	90.41499	98.62422
078ad6e3-6f6d-4a61-854e-26d62e909d09	32544	95.41567	99.10254
078ecf3e-b0c4-4cec-ab6b-6c322620f61f	73009	93.39682	99.09202
0790b468-36ec-4fdb-acf0-4596180c9474	23027	77.81753	91.67667
0792d453-3552-4022-a95a-76f0da40a8ca	59618	96.83488	98.82982
079540ab-bbb1-4eca-af37-45ea5b790f4f	24901	90.19166	98.54273
07993313-6dcd-477e-99c4-535427862a54	35574	96.21695	99.27834
079b4f8c-d8c7-4e07-9deb-e1ff3bcf265b	28656	95.75024	99.37404
07a2727c-9fc2-4e0c-b643-012601280d9e	22799	95.78464	99.52704
07a36112-51d5-4aa1-b759-fdcba61f390a	36493	96.24540	99.53800
07a7f94d-f836-4aa9-86d7-404a397f8d70	33173	94.93068	98.99788
07b32293-567a-4a47-b859-3d0b13f91bba	17526	95.13532	98.88537
07b4032e-6a71-4a7e-8293-9136844a1b1e	46274	83.37529	96.46045
07c4a54b-f2d7-4a62-89c5-d710d26af31e	30034	95.25662	98.98549
07c687ec-bfb3-4eea-ac21-082b22764bc3	22462	93.54503	98.30322
07c856cd-353a-4243-bf35-4eb57d10b088	32622	87.01377	96.06579
07c89793-06e5-4b81-b36e-69cb21c18460	30580	88.55741	96.92317
07cced81-e2c2-4cbe-b8c1-07b8d3b6d533	39281	90.77857	98.53241
07cd9499-b39f-448b-8ab6-37171537b8cf	30380	93.99505	98.63317
07d0a6d5-7b4c-4056-bbc1-9e55cfd05165	68655	87.84902	97.53225
07d0cb40-0136-4e74-84ff-30381acb661a	46043	81.67138	98.17568
07d1f9f1-f07c-4e0f-be66-d68b2cac7405	30702	94.51093	98.81836
07d2630c-9b83-4ead-8d5f-4453612e696a	25998	81.29471	93.29847
07d6fdc7-fe7c-4e9e-9ec5-5b704c13892e	23795	90.48501	97.48438
07d851da-ab2c-4d62-8a2e-a27f975785f9	34843	95.37006	99.09174
07d9fb95-dadf-4a32-b0a4-169eee57a5e7	28033	77.78134	91.99208
07dc7ab4-885a-46b2-9157-1910a72607e2	22111	91.33686	98.34814
07dd1fcd-f0b1-437a-8ec4-44d1059f0c75	28242	80.28922	95.00152
07e40888-0cb5-45c7-91d8-c526c17787f5	34033	88.87170	98.00410
07ee6e0a-780d-4e27-9f5f-71b3f9c493d3	66241	88.76537	97.61194
07f4665b-f73a-42ee-a7da-c534b39959d6	23315	95.70777	98.99489
07ff757e-097f-4366-9afa-18c575eeaf28	65111	89.01294	94.42622
080c85d7-73ba-4ea0-8a70-f9b4ba82215c	22113	94.98977	99.21129
080c8c98-51f9-4be6-a0ca-8a3b78d00d36	42544	92.03182	98.39207
080f4ea9-d56f-41b7-863c-4d12e342dcb8	36088	92.51679	96.11228
08110459-93ab-4620-8340-44fa46e5f3a7	29677	90.79745	96.25882
081a5851-0288-4223-8e51-6ac3d0644997	33737	90.37280	98.07788
08201767-c25d-4674-9306-632da35d4bd6	40210	82.85372	93.13298
08245aff-13d8-489a-a9eb-2d2776462760	30067	95.07003	99.05505
0827735f-6dfd-4fce-a422-dc7be8a73895	26682	88.58104	97.89458
08279f90-a838-4567-bc5d-7299ad956f4c	40961	94.66377	99.00969
08282ed1-a1b2-4edb-b8e5-6dd242b9fee5	34527	94.92140	98.66071
082867e0-2aa7-4ba7-863a-e549421c345c	22367	90.80629	98.54874
0829666b-914f-440e-8c22-d320c33b4367	39196	89.95131	97.98612
083cdb64-508d-4a39-9ac3-8628be46d449	44474	75.97084	92.40245
084365f5-b2cf-493f-95a7-132fd4bc2015	31092	94.56149	98.71036
084586b3-b2ed-4cff-a09d-0289d501d1f6	33799	96.63335	99.29322
0848794d-75f8-4511-a171-269d443eb6cb	35677	95.27914	99.72272
084c0e0d-c4d7-4b6b-9fc9-156355017ace	22357	92.20932	98.71960
084c5773-5240-4a15-9f0b-b84324702bcf	43049	95.53308	99.67292
084fa7d9-e206-4f09-94e4-5b308b71cb43	45696	86.18336	97.59261
084faf16-5b5e-4eb7-9849-467097d1d6c6	29948	86.13899	97.34855
0850cdf1-4e38-4943-affe-341228294daa	23018	91.43805	98.62196
0859fb9d-039d-4380-9489-5aa0b6880352	37475	94.59545	99.55511
085cb358-7776-43e2-8043-6108e59759c0	34641	95.36694	98.64711
085eff03-2150-4e80-88b4-1acafdfbb2ec	44933	94.99523	98.94110
086492d9-75ae-49fb-ad22-5916559b662d	25807	94.74963	98.94632
08688328-6086-4a3b-b887-ea6727d693d7	40479	91.11143	97.68414
08688cd7-1cfe-4126-8fbd-45aeae3d92d3	55238	91.08164	97.71785
08701809-e32f-4650-9d2a-05185fa3ddf3	40349	81.73624	95.91584
08775f1b-bab4-4e08-94fe-5a5276a8b592	49575	92.80357	97.59811
087f5a29-dfb1-4c29-bbe2-40d884a7e999	37158	88.15530	97.21741
088013cf-7f45-4d54-b890-935852477635	31159	95.04213	98.70109
088541e8-8c9b-4f6c-ab2f-6f8e93cc88f0	62443	94.75686	98.61151
0886c153-3bac-466f-917c-eba26bc3900c	35833	89.30517	97.17958
08884e9a-b26a-4ead-ae94-ec6c84779acd	25559	95.92442	98.87871
0889bada-46c9-4459-b3d1-470c59fb434c	34980	83.54296	95.93641
088b7809-b793-419b-a957-03ea1d2f1916	58005	95.63022	99.08657
08995cfb-f35f-44e7-a2af-d54a0284a35a	27274	82.61209	95.18439
08a0957d-2730-4e6e-ba42-9f54d2968fa7	29759	88.48856	97.76928
08a298f0-fdc0-428a-8acb-38006a3e81a5	43059	92.82351	98.22388
08a64f5a-a527-4ff6-8129-10a05edc3192	42205	88.47846	96.55070
08aadd47-01f5-4ad8-8fd2-25875e5fef3e	40882	95.27944	98.91858
08ac22e6-9fb0-48e6-be3f-c12b8830d1bb	26758	88.58233	97.34988
08ad2f12-f12c-4b89-ab22-98d7d1b72f45	38318	88.63359	97.12978
08b461bc-7d27-45f8-8ab1-5079aadc7b90	26423	91.75322	98.56688
08b4b18b-3be6-4ea9-a07e-7b9d76a65d56	70122	91.09656	97.22353
08b891d9-7d9e-4a95-9f35-264b439fd14e	38548	92.00379	97.28172
08b900fa-971b-42b4-9959-6347c6a26988	22010	89.37751	96.62728
08b91e7d-aba5-450f-bdd0-efd905206313	31660	84.08706	94.80691
08bd94dd-9b59-42c6-9a4d-140729fc2273	41237	75.75467	90.52121
08bf33cd-ce56-491f-85a4-5ad28feddbfa	28791	93.84810	99.41760
08c3bcca-2583-433d-a40d-78392c7a04b7	30048	85.85688	96.18141
08c5cecb-3184-42ac-a172-161248051230	24535	93.95532	98.75676
08c6ecb9-2830-4e21-95f0-094bbec7d3cf	32523	93.50599	99.01132
08c8f655-5efc-4b09-ae95-eead971ee499	66183	89.05045	97.71004
08d0eb6b-f8d0-42e9-887b-654f78de3ed1	52099	95.55523	99.11731
08d65d22-ddc8-40cb-b149-49ce8dc3b8a4	31942	88.77469	96.69278
08d82fd9-505d-44fb-b9da-7a58ca3cc555	32992	94.56786	98.69130
08dbae41-df88-4a86-be28-35158c7242b1	31682	94.82199	99.14072
08de69e0-8d71-4108-90ec-c4349297ff52	27510	89.12854	97.48159
08e7c939-ca87-4ae3-a944-0abaff491a9a	25888	82.41832	93.51553
08e866f8-8e24-4675-bfb6-b4c19400cca6	37684	92.34826	98.50179
08e97034-2683-4e73-a655-4b7e17ffeadf	36450	95.24590	98.73263
08ec48e4-30eb-43ac-9380-fb1c9adba526	24655	90.66996	96.49798
08f0f9d5-b881-4340-b525-0fd717255a06	22665	93.81923	98.60286
08f2309e-233d-4fe3-bc87-0d23bb6c240c	30736	93.55116	99.08876
08f3d2a1-cae2-4bf0-b1ab-19f108043e3c	26168	95.89201	99.04317
08f408ef-5869-4d7a-b54a-a6e7d1ee32ac	9349	94.59374	99.68961
08f5ed3b-f454-4054-9c97-2f695c6d4d7b	27620	90.43620	97.27906
08f8c2f0-74e2-49b4-a9e6-cf40a4d062df	28047	83.74725	96.79895
08f9eae1-d273-4a87-9725-d195dc247d07	43759	94.50675	98.57860
0900d440-d8f7-4719-a3ed-75902b393344	44134	77.16763	94.45338
09022fd6-596b-4b23-822f-b9cd77dc5886	23725	80.82473	95.35494
091b7d92-a0a6-48d0-afdf-5c14cb0ff739	36710	92.07934	97.92759
0921dd48-35d9-45a6-9f25-866a47395647	29430	94.40804	98.78500
09229040-c403-442b-9f6e-d390f9e3f248	31466	90.76079	98.95883
0925a440-bb9f-4553-9c4b-e9b137770c8f	26084	94.73684	98.20181
0926f518-5e6d-4639-a9f8-f29486ee3fb8	40153	92.73561	98.08111
09289403-1196-4fe8-a47f-f374d6667cd0	38194	93.81535	98.33824
092c3fe8-6673-4663-a77f-bd6099a6a7ed	36646	91.03405	96.65468
092c9e36-25be-4e87-9ca6-25f367bad158	59305	84.05522	96.84214
092d8fd9-c275-4c4f-830b-9fda166bc801	30049	90.49033	97.66623
0937ad76-17b4-48a9-900d-8608996b64e2	24373	96.02151	99.23209
0940a4dc-b81c-4431-840c-bdc9ba0e49db	26082	94.93399	99.31559
09436e7b-e83f-4c9d-85d5-31be36328af6	32303	95.87739	99.12979
09460f3a-6885-4832-9137-eaf5300bf908	44260	87.62330	97.46039
0947381e-0c2b-4856-8a78-aba9d6480286	23670	84.75143	94.13361
094c69a3-6b47-4429-a8d1-b0f49d22df56	41802	89.54168	97.42152
09504a05-cb37-4e35-bb7b-551d3425e38f	54581	94.64535	98.68721
095b8371-3a8e-44fa-8a54-bc3004553919	24292	93.36430	98.25359
095d8fc0-216d-42ea-aa4f-833ad85a8b38	53706	91.41091	98.52476
095f66a1-fb48-4f39-a2ca-91606c4a124e	36269	91.41240	98.50673
095fadee-eec8-4ede-8ddc-bf9f648e996a	43813	93.55778	98.67370
0960a4d7-d992-446e-a2cc-903483399908	25163	91.17111	97.17427
09658a47-7678-475a-a32a-0be4187290ea	24479	95.73757	99.03721
09659343-51ad-40ea-a9ee-2c689e563850	26723	88.82301	96.55673
096726b1-86cd-4d51-99b6-c0d0cc96f6f3	93158	88.97499	97.16514
096ad92d-f53b-4101-a175-8c27b9b8af99	32344	94.20023	98.79953
096d018a-432f-4a8d-bfbf-24641c28d058	38664	97.29571	99.44333
097b3469-18b8-4acd-a61d-e9bcfe6c641f	52702	88.72408	98.13381
097e06c7-e7c5-4af7-b0d4-f963030ff609	87145	95.10294	99.10432
09882aae-d0c9-4fca-9e4c-88e478b2718f	25365	90.51780	98.43902
09889f5e-9fe3-4bee-ac37-facd1ff2cc4a	24049	94.08482	99.04144
099142bd-14ac-40b4-855e-6cb33e0ef4d2	43461	89.14777	97.91629
0994fd6b-71b6-463c-91fe-2531c9c647b6	27792	95.54580	99.18743
099d4beb-7845-425e-9d59-520978ad8e91	42909	92.50118	98.90013
09a02cd4-2d95-401a-898d-4d3ea2541771	43916	87.54438	97.43601
09a8d4b9-8f8e-426c-8023-5b59f92a83fc	31907	94.25238	99.11243
09ae9b89-21f2-4dcd-9d20-0b608159d839	79383	94.47777	98.70925
09b17a96-5ccb-4459-856f-07fa7b4216b7	87903	88.03938	97.44332
09b2c497-fe8c-47ac-887f-1e0f7362bf59	44752	86.91279	97.55692
09b53e1f-3f4b-4d53-b6ab-48ebea1a2bb7	33681	87.21095	98.04413
09b64b14-68b2-4b6a-9894-cba4521f2c83	25970	95.32961	98.66992
09b7f1a2-47fd-4efb-9b97-9525137c0998	29748	82.04219	95.51614
09bbe82b-2add-4c24-897f-632cc3607d3a	46129	93.64730	98.95135
09bd2673-0ab5-4e0b-9069-d402413e165b	32669	87.02572	97.60086
09c7e78c-8fe4-4cf5-bfc9-fa0ff3fb7669	39443	91.12277	96.83364
09c8e581-04c0-4172-9ec2-a8e6660fd2b9	46236	87.37479	96.95550
09cb35d3-4558-4d29-bc1e-d15ab27e64b1	22445	93.90478	98.71048
09cb60db-6c6e-47dd-9dbc-5ee7e5c95ecb	34346	91.81385	98.13419
09cba91f-7352-402f-8cdc-3dd29384c32a	57087	95.73372	98.88538
09d00076-19a9-4736-bd1b-2864ddc2caec	27685	90.25890	98.91530
09da3b61-0237-4cdc-a30e-b963afed42b0	32674	91.49402	98.50701
09dbfa62-b22d-488c-b67e-99d82d50d96d	37624	95.09283	98.94555
09dd78ca-4fa6-423d-b32d-d88f0583d035	32053	84.93014	92.89390
09e0740c-d72b-447c-86ec-9084b1631bd9	29359	93.75394	98.55638
09e51339-59ce-46f2-a880-d4777c9d3334	44668	79.99321	91.74714
09e8079c-4255-421f-a1fb-6d23aa7fc93f	49233	88.41110	97.82739
09e9a6fa-3b8e-47ea-a595-9fb5694e3e8d	28302	95.82117	99.05584
09f54ade-694b-40a8-858f-d969440fb5c9	47999	90.50441	98.41241
09f8f05e-a64e-4577-942f-dd3c9cada84e	49669	95.38969	99.01955
09fa7a14-822d-493c-8aae-69db91dadf28	46726	95.34332	98.93967
09faff5f-4e07-4197-a1c2-aad8803167a9	40269	89.69122	98.72419
09fc73ac-785e-4f47-9758-08bc775bd367	29671	95.26659	98.92372
0a0747f0-c7c5-45a6-8432-16a17062b725	22364	95.08420	98.77676
0a159ddb-0765-4f37-b921-058f6f38f913	26210	92.88175	98.37368
0a1672fd-2b61-4d6c-b52f-9288b7ca8ff3	23535	95.53762	99.13808
0a16ceaf-cc89-42bb-b054-9f4b5aeb1038	43261	70.31746	88.89392
0a16e88c-29fe-482e-8110-135593e4ce37	28331	92.53445	98.82493
0a196985-18f8-46a3-b39f-0dd0d1b733fc	23082	88.00993	97.55777
0a24dd6d-84a3-406a-a8d4-2c421785cba6	24031	94.75145	98.96694
0a254f77-8d81-4552-b5dc-45781d4c2dd0	48596	93.14150	98.09260
0a270cea-e787-4f74-ae86-d7b1e9c365c6	66899	95.43395	99.06320
0a290b5d-5836-4ee9-a39f-56932b8f94c8	24195	89.76804	96.26198
0a2dc1e2-599e-422c-837a-0dae9fc89019	26148	86.43160	96.24557
0a2eb41d-9fb8-4f31-8958-b237829a2947	33318	87.78177	96.54151
0a301664-2ee5-4943-b216-4f0c7fbe9edc	22197	94.11480	98.65733
0a338a3f-9fec-4d83-a51c-367d869f68a0	24329	94.63106	98.90303
0a339335-f999-4f6b-a216-b28b0c942bac	34708	95.14544	98.97393
0a35fad0-af8e-4569-ac14-9cab4c6c095d	27559	88.70606	97.03254
0a37f162-514c-4170-9f80-a4f1a7b9b049	24727	93.43008	98.57492
0a3a95d8-6edb-4c60-8e50-f44f60b9df59	41062	90.41240	98.13006
0a408631-ba3b-4d98-827e-b4264aa73a23	44055	91.41358	98.50920
0a421454-8897-47fd-b70e-06ec59df1ec0	27302	94.07916	99.35769
0a4c8a6b-d15a-481b-b48e-8ca171ebeb89	26026	92.63327	98.50701
0a4c9db5-59e6-43dd-a6bc-8d4e5778e3bc	28138	92.50733	98.13356
0a4cb996-391b-4b43-bfc5-b3447b2963c5	34186	87.58581	96.27005
0a4f6d2c-cd1d-4af5-88da-b4c492df3542	37339	96.07910	99.21440
0a4f8a03-6a20-4d99-b413-ea945e55c373	49351	91.98189	99.00117
0a559025-8c4c-468e-a063-10675aa6876d	37548	91.05367	98.31210
0a56c3d8-d95d-46bb-9bbd-f38bfc763fe7	22085	93.79609	98.42108
0a5dc944-96aa-492d-85e7-ea4d18defb44	23430	92.69815	99.20547
0a664e1e-00e1-4307-a262-f6d1e18d9cb2	26066	93.22954	98.57663
0a689144-b3b4-4faf-9339-ecaf5e24a715	25700	93.95965	99.88697
0a6c1d79-4b70-4ae8-9e03-92e1b25ef52d	76345	81.99432	95.51104
0a6e09e0-1fb3-4f62-83a3-03887aba626e	44461	73.74926	91.21037
0a71ae65-3679-446b-9792-3aea1a3243eb	22139	95.52192	98.97263
0a72ef04-f998-430a-8723-57a2c60085ef	23501	95.42544	98.97614
0a738b86-69e6-4453-a95e-f2ec8cbf9b47	25478	95.47142	99.29613
0a76f477-ed47-40d8-96ca-1c5d15410439	28013	94.68491	99.10258
0a7bbcc2-6612-4943-8244-4d85f82f072d	57665	77.93041	94.23762
0a804e56-ca58-4600-aa1c-e886a51a367c	33074	87.17469	97.93163
0a82e5a4-1616-4c17-86f2-3bf97ee5a1e8	30590	88.67617	98.30186
0a8391ad-ed1c-49d7-814f-8a3c287e2ff6	39002	86.31725	95.90081
0a8b0936-24c0-4de0-a228-86c3e3971858	45811	94.76376	98.70494
0a90067a-b44e-45b0-91b7-786e1a6b3911	35095	95.05834	99.58762
0a91ed2a-0f0f-43d2-9d16-7b93635a6ca5	58059	93.77251	99.21966
0a92b1c4-f589-4a89-95e8-6b8c30a65c8b	26311	95.26846	98.85460
0aa591fa-f552-4eda-ad0a-080e0a22bd4b	26847	88.81425	97.63000
0aa5b03c-d83e-4fc7-b963-aed8be943d64	30048	94.96058	98.82958
0aad034b-5bde-4161-af11-00ad0afd8c99	27978	95.31047	99.20646
0ab3b36f-05c3-45d9-9281-69b1db1f6326	28892	83.14806	95.16413
0ab5e9a5-6a02-454f-8730-2f9d413b2c57	28929	90.02723	97.83177
0abe9ce5-fb1a-488b-b847-d7af9a870a05	43121	88.84961	97.35574
0ac92c7c-44f5-4316-9ace-3c4159184a27	31594	86.23589	97.47925
0accb6d1-02b6-4c1d-9dd8-d1d5fea5a261	23174	87.15024	97.51839
0ad654a2-54c4-4bbb-a0e7-2116715a8d3b	32005	92.52642	99.25589
0ad799d1-4bbd-4888-914e-719410e71a6a	26623	91.14589	97.24767
0ad7c310-0874-4893-a4eb-bf06f02e09fa	28633	96.14749	99.21471
0ada2665-fbab-41d5-ae4e-573056470df8	42551	94.01088	98.91218
0ae001b9-94f5-4a08-98d8-84069f869d35	1366	94.92647	97.99257
0ae0b470-a284-4591-9416-7bf1876d1049	36237	95.99631	98.96287
0ae12c9c-bb9e-4a16-9438-f0c33b25e3f0	35321	89.48704	95.85565
0ae52e74-49e9-461b-981e-e42ef95b3fa6	23506	94.27107	98.95675
0aec9580-a2de-4c0f-bf73-51700b5ae0ed	80833	90.42745	97.13306
0aee49da-1a17-4f05-8345-22bae478ebd5	25464	91.54485	99.16009
0af7cc90-4cfe-4a71-a783-760558b03c8d	37859	95.52662	99.25375
0afdee13-b84d-4cf9-8141-a157cc3d5882	47717	89.30963	97.99934
0b0181b1-4286-444e-9c19-ee92f4a6915f	22737	90.58017	98.42793
0b021b38-cfcd-4182-98a3-8b6b135c4bb1	27584	90.79856	98.64826
0b03d027-aa00-4e00-9f17-4cd46505dd44	26383	90.29413	98.14518
0b045a43-6ff2-4816-b844-a5baeca7ab5c	36412	91.17670	97.62769
0b06d226-1a3b-4ffc-8fb0-9422d9c7a19e	41041	90.05305	97.77290
0b0ec0f2-f2ad-4649-9c12-334de5d9c9e7	22518	89.24008	96.67127
0b156b12-a754-4080-ba70-8bf1cb871ff3	29744	81.93259	94.77858
0b15d62d-a213-464a-91f4-11f27cfd9979	26405	96.25065	99.19367
0b1952b7-bfed-43d3-97cc-80c3fdd82ac6	46916	90.96104	97.40992
0b198f5c-428d-42a9-aff7-a1ea212272fe	46356	95.96704	99.30011
0b2015a6-ae8a-4d19-b0cc-c866ef8ba57a	32265	95.29079	99.02775
0b25fab1-89fe-4e11-b670-a3de7bcd05d8	66722	89.87757	97.57847
0b2c71c0-bc03-4332-a965-e644388ca1ec	34702	78.74867	95.63198
0b334b86-dc61-4544-8325-6da84c8aae97	29610	93.37917	98.25238
0b34a1fd-db7a-489c-92ed-54bc2707529f	44752	92.32630	98.89314
0b38cf7c-c550-4e7e-aa04-5469ba704a09	38623	86.26775	94.52993
0b38ed26-e478-4835-8a4b-08f7512b828e	22304	95.00022	99.32937
0b3cd114-3b47-434d-aea3-c34e5ce43414	57165	88.29748	97.97467
0b427a3a-9807-4f5e-adaf-8089c2eb2ea1	22287	94.64278	98.86465
0b480540-7b16-4068-9add-6b0720b71370	31057	93.71762	98.33174
0b51dd9a-23ff-4de6-a8d1-57baee4eb7e2	25151	95.64706	99.13326
0b568bb6-3139-4d71-a227-2604ce035a52	41826	93.17589	98.92921
0b5ee50c-abd2-450f-8a42-c7082e8260e7	41096	89.91134	97.64532
0b63e48e-4e01-4717-abf4-4469b4a0360d	38842	86.54276	94.41614
0b6b0d7e-ab33-4cdd-9b27-bc735550ed2b	30994	79.70737	94.75800
0b6ddae5-c640-4464-b7d0-18f2393df609	22310	83.73919	97.38066
0b729c8c-8cf7-45b1-bd91-7f2affa50d9a	45482	89.83800	95.49332
0b7b702d-eee1-46df-afa1-be965b5f55aa	39956	93.69048	98.65403
0b7d2947-b435-4ffd-befc-e53ff2f83f98	27052	92.48867	98.59634
0b7d990f-e444-4b62-998b-987b79581ec5	42460	94.04240	99.49303
0b806df2-ae85-4ef1-8093-a621af275f5a	40768	90.00305	97.48382
0b8331e6-255d-497d-a073-1f6a1759d2e6	24827	89.69152	97.71970
0b8cd8e9-3675-41fb-9746-d756cd51788d	29577	86.25318	98.26948
0b92e909-c579-424b-b56a-deadab487768	23197	92.61261	98.38257
0b969d8c-fe4a-4971-b9eb-e468ccfc3668	36515	90.79629	97.01151
0b99c122-707e-4629-b72c-b35027e2f208	48074	91.96942	98.62743
0b9ab7d0-b2da-40cc-a64d-ab06da8403e5	22141	94.36657	99.71496
0b9e9518-36f7-49cf-9724-7ed3d6d195a4	22726	89.82230	97.28441
0b9f27b7-4f64-4511-b0b1-f8c22e784691	22594	92.02420	98.66784
0ba4ab69-d2ea-4954-95ab-bca98ef7aebb	33595	94.22765	98.29604
0ba9445e-7b0e-4fbb-8a47-af86da81e8f1	45250	91.83307	96.66003
0bab1249-7eb1-46a2-b775-9a5e771c8f21	31666	93.94303	98.43239
0bafda07-9946-4222-8984-f7207074c9b0	39068	90.85909	98.39495
0bb29c21-0626-4df3-9587-ee600797cca2	30864	80.66741	97.21608
0bb574b1-34b3-4803-aebd-854ccebdb75b	48211	88.73436	98.45952
0bb76c70-6f39-40b6-9fe2-89f1f346584b	48140	80.92184	86.64443
0bb84aa9-f26f-4bd1-9eb2-944d0520f201	26807	93.65079	98.66711
0bbd2028-59aa-4cbc-8f0f-e5591c4c4f8d	27175	95.52493	99.15453
0bc018d8-4f50-4cb0-83fb-7837faefebfe	25509	83.71631	92.32811
0bc5286b-70ef-4cf9-b885-93f2410e1d66	29162	91.50606	99.77350
0bcfe672-736a-43b9-aa9c-db6c238759c3	27560	96.08856	99.80026
0bd3d704-f807-4085-94e8-6984cfbc34b4	23350	90.92150	98.30201
0bd4cd13-9125-4f2a-af11-1ca3647efa09	29169	83.22224	94.05237
0bd7ece4-5d0e-4a4e-ba45-510d7c4702a5	22663	88.52438	96.29472
0be81df9-a195-4aec-ad11-d9b8ac4e82f9	35722	91.11099	98.95067
0bea6de6-f18f-4687-a454-ea8177f83e32	16879	92.43766	98.23270
0beac5e6-860a-478b-a10c-ff94fd78c750	36158	90.94248	98.90089
0bee92ab-7963-49a1-90b2-ff3dac974b99	24111	75.51398	94.05079
0bf85537-e18c-4307-8d16-b020412d8647	27014	80.10116	92.11705
0c09452e-8069-4d15-85d1-5fb4367549e8	37864	78.65301	93.89189
0c110678-7a1f-4916-be96-f3fa2e2f9291	38043	93.95754	99.11227
0c16344e-d1eb-4620-90e1-917ddccc1786	27905	91.64195	97.86897
0c174c39-b508-4649-9c12-803906eec7c2	22141	89.34437	97.17713
0c18e1a8-422e-49f9-9837-30658b15c357	65053	90.66739	98.01759
0c1994a8-b7b7-402a-9352-ca6b0e41b439	22621	95.62399	98.93285
0c1cf3ee-5d99-4abf-a175-88a1015a3dc2	22161	94.88641	98.74380
0c1fd043-c840-43d7-b7e5-ec2ca6a18eb1	24229	83.27830	95.59290
0c26c2f6-520b-47a2-8530-752efc90c7d5	26568	88.16178	97.98504
0c294ac8-3233-4d3a-bf65-b265e51e7432	52275	93.56001	98.78494
0c2b951c-187e-46d6-ae8f-76e035e31964	39406	89.26166	97.73501
0c2c44d5-f4e5-4607-9158-228732cc0d2f	45856	83.09693	96.12572
0c302ff5-f485-412f-8341-4b1a8574cdd9	44598	94.10319	99.08965
0c32da7b-fb7d-43ea-aa6a-4b237ad2db49	72931	96.19200	99.74807
0c394bb1-3079-4208-8106-0ceec278b4eb	63269	91.35754	97.37272
0c3b57cd-b9f6-4f9b-8866-2121b3421bf3	60423	95.72462	99.15224
0c4c84d5-6603-4ff2-8cf2-47eea92553e0	23960	87.71028	97.62480
0c6112dd-3d83-402a-99c2-1595b63d5331	45511	93.89706	99.49192
0c615d6e-0552-4578-b2f2-edb01f50fb09	30781	93.58942	98.47022
0c6187db-5f66-49a4-9ba8-852805cccea1	31905	95.56239	99.02913
0c6817fc-ad8e-4784-a772-e0b30469b912	40346	94.88069	98.68876
0c71c048-c519-44b1-970d-4af642028e2f	45782	95.08900	99.22051
0c735557-0569-4325-9255-11372ecdd69b	24613	95.31724	99.25569
0c75b3a2-6597-4c52-8645-0e69c1d5fee3	24747	94.38987	98.38960
0c7ad329-b998-4cc2-a2ff-1932f0c2f8f0	12357	93.23111	98.32353
0c7b785f-b1fe-4b7d-843e-63b643eb470f	33661	84.67506	92.98187
0c7f482f-78c9-4ae3-9add-ea1a6f437eb8	45957	81.24570	96.61271
0c8acffd-c90c-424b-9862-b67a270d2216	34383	80.70050	94.34798
0c8dd8bc-30c9-47c8-80c2-83ad8a6c2291	40023	92.16983	98.69032
0c9033d9-05ba-468c-b19c-651cabea6bd9	26371	94.20306	98.70539
0c907c51-607c-4195-b5e4-31785146bb2b	28436	87.10987	97.89743
0c95ee1f-5065-4cee-bd7d-4f17b5175310	22589	90.60566	97.74534
0c986938-0058-4218-ad7e-47d5c10f5ca3	51166	92.38729	99.81441
0c9f24d1-0fa1-4a76-bff9-c24241083adf	27319	93.88240	99.45517
0ca49e5a-2ef2-45b6-a7c1-37116e083f71	43428	94.06230	98.95686
0cabef08-431a-4314-8df2-444270c00135	36449	93.89227	98.52117
0cb28240-fdb1-4b15-ac65-13227bf97d5d	25127	88.84213	96.74703
0cb5ce58-bd61-4bbd-a470-02c31e0434ea	31323	86.68935	95.38983
0cc61adb-fb70-4254-9513-3bd84cddce16	28983	92.11689	98.52254
0ccaafc5-c339-4d87-ad36-133a17b42262	25250	83.95627	96.10548
0cd21bee-1370-47ed-b374-855c548c5d76	66772	94.12704	99.15801
0cd34187-b3a3-4ae7-9778-fb46acb7a2a5	43138	92.46319	99.18182
0cd526e5-a4c0-4f97-ac8c-fd17916c2c67	36388	94.24149	99.18064
0cd9dcbf-7045-42e1-84bc-1526c9119c59	37900	93.69927	99.08038
0cdba4f4-c78e-4592-bfe4-d73f983aa488	35796	94.30489	99.14694
0cde8eb4-11d9-414f-a4e7-9febe9959585	30165	97.13404	99.42172
0ce0b101-9615-4457-ab60-fa03ed7f8aac	33175	95.10434	99.08987
0ce4fd19-3d97-43c7-9687-7d9328f84ae4	26299	86.48232	96.29180
0ce99867-2ce1-4bff-ac0a-7fb73609f75c	33439	92.16745	97.19365
0ced44e4-165c-4158-9cf2-c2c0bfb2c484	19194	88.23822	96.17203
0cf347af-8203-4c32-8a84-88aa3f4de2a9	30362	89.17232	97.42409
0cf7720b-ab4f-4b5b-8caa-8db13445344a	33582	94.97138	99.12429
0cfa4fb8-0890-4b54-aeb9-44aec55955f4	37763	89.12790	98.12313
0cfb0fc2-9e37-4b40-ab4a-6c0d2e2b0b32	25576	93.80419	98.93270
0cffc985-d12d-43c4-b8f4-ad83c2bb3e6c	60643	76.47372	92.36950
0d0ad7aa-6101-450c-af11-616f3661e725	28792	85.15638	96.00815
0d0b14c8-3b99-4b33-b543-19b22e4aed2f	30205	93.90690	99.08858
0d0ddedb-e01f-4163-bf96-5e5e4b060d0a	55090	85.87575	97.51468
0d1a9f39-a410-4d24-bb13-20173a86555b	45846	94.68875	98.83372
0d1aa5f2-ff74-4ccc-9b95-784ebed56fca	25804	89.31023	96.21039
0d1b2737-4bb4-4ea2-ad65-86ca2c49949e	74195	94.84998	98.67132
0d1d315c-5492-4da0-86ac-2c8818af8d03	75399	86.09222	97.40984
0d2cf657-50ca-4d19-a345-8b7aa945d185	38194	85.92725	97.94183
0d3424ce-8449-408a-9b59-78e07e30fc56	35841	88.39457	97.70030
0d3bcda1-eb62-4698-afa5-d60a7fb23f66	53686	93.66885	98.37780
0d46b418-affb-40aa-a7ff-e475a284521e	26686	87.29703	93.68065
0d4d488b-558c-4966-81b0-d2eb52fb5054	26396	94.35311	98.57245
0d5e9859-4c64-4d83-8dea-518c2172fc67	27028	91.57947	97.60101
0d698fab-76e4-4877-9c0f-c7c5d023141a	40321	93.79178	98.93797
0d6e8864-cbf3-43d4-bcfd-a1babbe8577e	65684	96.22438	99.15366
0d6fcbaa-26a0-47ac-872e-91de35c74562	30138	77.97657	90.28764
0d726ee3-be4d-4c03-a8d2-869aecdb6f08	28676	77.05436	94.39472
0d72fa39-8c91-44f2-a77c-7d90125141f2	29554	94.27949	98.38467
0d769a3a-7006-4224-bd79-324f5c16e66c	35248	93.41596	98.77001
0d7a90ec-d678-4a9f-9bca-0ab6cf779289	30564	90.07588	97.57793
0d7a9385-4974-4772-b1c2-a81580a523d1	41431	94.57525	98.40126
0d7d4634-da7b-4100-a0cb-7e44923e0e00	27162	94.54316	98.78178
0d8099f2-cf0e-4120-ab25-344e3a19af1c	32621	88.59132	95.84131
0d859442-9861-4ce9-9f17-45fbdb980801	26993	94.20547	99.00298
0d9367c4-782d-4fc7-8052-57d3494e2710	34271	95.03664	99.61526
0d93a58f-2db1-40bb-ab0b-0ceeda45c3bc	47509	94.84246	98.34080
0d950ed0-a407-4caf-b1bb-280777ea5001	28084	87.65478	96.55887
0d95d965-c8f3-464c-a261-1492e859dd1e	25790	91.42277	98.64113
0d95fbd2-8173-4f09-9df6-8b3b41330fe6	27827	91.51630	97.29010
0d9691cb-b173-48b6-abca-70f4887cd4af	54096	93.31128	98.67200
0d993c5c-5aa3-45a9-9545-d8a24826aa99	24445	87.01383	95.35512
0d9b99e5-c8bf-4e8a-86fc-efcd8ff6a5cd	28527	95.49910	99.31210
0d9bea1c-32c6-4689-84e0-ce9788ab12f0	22354	95.76521	99.18518
0da3a4d7-02f3-4682-ba49-6d459c2f8132	22614	90.31286	97.85138
0da655ad-c1d8-4821-9221-e3fcb2ab629a	78606	94.77462	98.87345
0da6f221-efd9-4c22-aebf-72b7a17946a9	23006	94.40154	99.23816
0dacf619-6a1d-437e-951b-5978166b769b	22069	83.87783	96.98800
0db154f3-01bc-457e-ae35-66913bf1fecd	69858	93.40580	98.73701
0dbd7bb0-822a-4fd4-b2ea-99d7ff9556e0	22178	83.97683	96.10356
0dc13d12-1c8c-4405-bdc7-996de43cff67	32430	93.55801	98.93851
0dca6c5f-b99d-4567-a51b-ea4afb5f38df	22349	91.81274	98.47433
0dd45bd8-b85d-429d-9718-400c37e267b5	29508	90.33329	96.44402
0dda0a85-a243-4e25-a31b-df8c01b4aa13	36790	83.39082	94.60902
0de1aa46-9e97-41e6-9d49-ad6a957c011b	71644	88.14379	95.46364
0de26e32-2ae8-4d74-83df-9c48824feccc	38918	95.39230	98.98776
0de2cacc-59c4-4b3b-beef-ae32efb8d444	40237	95.10302	98.78763
0debd5e6-b043-4279-989a-247318e04df8	22691	82.10030	98.17510
0df90ad5-94df-4af7-814b-c12b3554bec7	34858	90.48254	98.14313
0dfd5879-43da-483c-b1a3-d6998bc62051	24286	89.80882	98.14304
0e015402-2762-4b1c-9015-90fac438df75	33621	94.41373	98.79490
0e048e63-0685-4d26-98eb-0c9adfb4dd66	25274	91.55326	97.28017
0e059250-807b-41fd-a473-71284b68cd3a	27121	89.00338	97.37345
0e08b9e7-5cc2-440d-ab6c-4a30a2c62411	39967	94.25464	98.69776
0e0d367c-0528-485f-8c99-f0e0420ddaba	23124	95.78490	99.06743
0e0d4783-c198-433e-b014-987f5e07b0c5	26139	83.98659	94.62131
0e11987d-d311-43ed-ab52-81d40199840f	25207	94.86430	99.29667
0e1fd25e-6875-484a-b8c7-97a7b505f8c4	38130	93.72863	98.91121
0e2196e7-d2b7-45aa-9713-269be84d7a82	26487	87.68340	97.51828
0e2e06cd-036c-4f85-aad7-51b07d2011a4	43807	94.09221	98.72872
0e2f10b4-9b7b-4b80-8102-e10a2980caaf	36078	94.59872	99.44472
0e31038a-94a9-4d0d-bac8-ba3e1ff08f6f	28510	94.55745	99.08318
0e3d9f01-3fac-46fb-9800-0db1bbef7317	32386	87.75698	94.78335
0e3ffc5c-eafe-41ed-ac18-33f155461c42	25544	90.73801	98.35496
0e41c44a-1ae0-4260-8651-6abcd956c06d	30803	88.95217	97.47462
0e45e1a8-59e6-40cc-be3b-5a5980e8d004	27213	83.91312	96.32998
0e47af31-f359-45fd-8b05-60aae1e2a6a4	24130	95.50952	99.56952
0e47d61d-b8d3-4637-bd09-66d207eef8a2	76597	93.66873	98.50028
0e4a27c5-23cd-4e20-9b24-3b7643cec956	34518	95.19995	98.89435
0e55910f-4792-463c-be2c-894f1ebf23ae	22855	89.36394	98.31893
0e560cee-4fdc-4a66-84b2-f26b86664295	31347	90.87782	98.31658
0e56779f-074c-49b3-b1d9-a3a427a1d1a1	24578	94.68081	98.89005
0e58bd08-7fa5-4753-9b8d-33497fa1bb03	25862	94.16449	98.97442
0e5bafcc-f4fa-4527-b457-232092b67071	22737	93.23518	98.60736
0e62a618-b2b4-4a0c-ad53-28c8a9dcf77d	46601	89.97742	96.24431
0e645b33-d140-4d4c-ac46-54718ed9aa72	71040	95.19094	98.68291
0e68996e-56bf-4589-8b30-c37f7fae354f	27485	88.13378	96.91611
0e698311-c88b-45b6-bc34-e00a7e3431c6	27951	89.00359	96.18226
0e69f383-4b64-41de-b05e-dfad67061e30	29146	80.65047	92.91845
0e7af3c4-f8eb-475c-b798-5bf889a11563	29775	85.44435	95.90243
0e7da466-65b2-4ec0-ac4f-3f90781651c7	33450	90.36851	96.87210
0e7e59af-03ea-4181-ad30-a66b8c23d4ad	35858	95.61470	99.10262
0e80d8bc-3dd5-4edc-b27d-2f6ca5be4f02	24608	88.05275	97.84230
0e838fd4-d967-4522-9fb5-af4568109721	22346	88.74235	97.42388
0e86c735-a8c0-4a56-81ce-abc4bc9e33a7	23393	93.95458	98.73010
0e8ba45f-5e2c-46f0-ae2b-8fb1d69be2c1	31005	94.01909	98.60367
0e8e8ed6-c328-478b-93d6-ccfb1dc8c16b	52375	77.53311	94.54365
0e8f1e5b-d54c-4076-8526-133a00094454	30823	88.99916	97.90419
0e9c330c-7fd9-4202-920b-8591bdd853ff	23772	92.82759	98.44803
0e9cb605-1e88-47c2-8643-c302799e2180	22461	95.18256	98.86022
0e9cf37f-9d21-40e5-a059-3680d352dcfd	26351	94.67370	98.64758
0e9fe041-425d-4d3e-ad83-aa03b96f24b7	52947	84.59155	95.10017
0ea88e34-5fe8-4861-8c78-0e6805a45edb	32614	94.34190	99.62952
0eacab5f-154a-4fbe-a3b7-461719201d2b	30025	89.69254	98.48824
0eb45eda-8b56-4053-9e54-3e7d78986284	33433	92.45610	97.98760
0eb49f7c-2eae-4f85-80d4-8d01c6da8e33	41543	93.15476	98.63180
0ec6e04e-4a16-4124-b0fa-a1671e7692be	24737	91.38372	97.08616
0ecbcd8d-0f71-4b7a-a540-87f7a2a81b7c	25165	95.32969	98.81820
0ecff7f5-29b4-41e6-9f04-0209b9ac1c3b	23244	74.48059	91.39028
0ed2ec7d-e249-41bc-b537-dc21e54ed9e9	27499	90.57551	98.42941
0ed5cc89-cbf8-4c2f-93ee-0ea62aebb1db	58755	94.74289	98.69302
0ed791b7-ef15-4334-a133-84df59d12a69	56036	90.69681	96.77319
0edc737f-a9ff-4f6d-9a3c-0b13e83f001d	25981	90.02618	94.06789
0edee5b6-90db-4724-908f-422edd8b0a2a	30645	91.91125	98.34716
0ee1645e-0cc0-47e7-94e5-bfea7380fd78	37423	95.55830	99.24790
0ee287fb-52c1-406f-8c6b-a9969780925f	55622	86.98344	97.31635
0ee34fc1-9972-4726-8e29-35af707e47ac	23576	96.56357	99.34466
0ee4e2a1-fe5f-4d99-9732-bea9743e3ef0	25683	94.55909	98.49804
0ee5ccab-5e3f-4ac3-89ff-ac2b7da41707	36105	94.95114	98.90206
0ee8b0c8-d5bd-4b45-a3ff-64f9839b5179	34866	90.65943	97.64848
0ef116e8-f513-4dc0-a73b-c86f3a4e047f	49271	89.58162	95.86013
0ef69c38-0831-4e48-a2d2-9bf8124242e8	24390	94.48749	98.97822
0ef796b4-e9f2-43d5-ac70-bdee232b7f74	37458	96.38688	99.77310
0ef9e9da-27f9-4c14-a33b-0ffd2b83827b	23827	87.86885	97.01914
0efc30aa-6337-4b4e-95d5-67977e752575	25163	89.86756	97.25162
0f010900-5444-4c33-b4e9-71bef33fc274	34079	92.62645	99.25543
0f0272d3-420f-4019-9342-a772ec729e02	23006	70.78069	90.30360
0f0aa6a2-540f-44dd-b630-0e59be4987fe	1901	96.78999	100.11007
0f0bd17b-d5ad-4808-8cf5-6941d4db1a76	22970	93.59111	98.96149
0f13bf38-a73a-42e5-984f-d2c811bf7387	26497	82.28486	95.57429
0f1cc2a0-684f-467a-920d-a51c1c681ca5	64461	92.64213	99.42554
0f21ab4d-0096-4cc1-b61d-e1ac62929bbf	37056	88.01806	96.34833
0f268d58-a366-448f-b0d5-2481a3305fe0	47429	94.56562	98.76453
0f309beb-2101-4c08-8954-c560c2f6311b	23148	95.81825	99.22547
0f3a15b8-185b-4547-96cd-3cb347f5221c	55293	93.99076	98.65454
0f3ae70e-9b7d-4588-ab9f-fddaa6bc52c7	37359	95.38725	99.20177
0f3dc201-2836-486b-8fc6-c7724f9f5667	38543	94.46349	98.82819
0f417d6c-6ea7-429b-992c-99bf91def373	52010	93.46899	99.16164
0f42e588-c536-4195-b47e-a211cec3a521	65063	95.37986	98.94177
0f44c24f-419f-4a41-b1ed-8339c3b7676e	39534	93.69762	98.76840
0f4a2a65-a938-4d31-89e1-930878ca137b	36327	91.66158	98.10627
0f4cafea-37c4-41be-9ebf-7b863a1cf0b9	23946	80.31328	86.35969
0f523d9c-7b23-40fe-831a-7416e206a653	18961	76.81869	90.14816
0f52dd9b-1c62-4609-a29e-bdf29d4dfee7	39015	93.73260	98.11240
0f5511b4-dc46-4265-a9ca-bfa938dcfd32	22662	95.16963	99.11263
0f5a2664-2c41-4aef-b3f3-a6e6e876ac5c	31954	82.67057	92.75548
0f5e246a-31e2-4e8f-92df-f0f6a1e331b5	57313	90.65407	97.39762
0f6001ad-02a5-4a3a-8b34-2f6d4b1a07b5	27912	91.23290	97.59767
0f678911-d99a-4266-8973-9f43f48ebb2e	26641	95.23124	98.90380
0f6f3dd8-13a5-4fb4-bce7-cf99766fc72b	26554	94.21921	99.30605
0f71efdc-d86d-491a-8134-95ae397d74a7	36866	89.80928	96.56612
0f74c7e0-ac00-4c4b-938b-f52b1e903870	26546	84.16517	93.89270
0f78a53a-1ccd-4bef-9e26-174a10b3194a	33111	94.85898	98.80351
0f7e1ed2-0c49-48f2-aec4-cca399e7127d	25408	93.43772	98.77564
0f80e272-fd51-49f5-8c1f-d65e5bc7be77	25078	96.28215	99.35612
0f84b3d3-2d88-4eb2-94a6-a6cf1df7955d	39574	90.45775	97.63937
0f87260f-9f85-4dec-92a7-1d584c53011e	60206	94.74420	98.82641
0f8be445-33e9-41c6-bfc0-114e6c614bd6	43826	90.66550	98.20233
0f8cc289-be93-41ae-8da1-a045c2df752d	38673	93.03985	98.38792
0f8fd517-48ea-408d-bd50-b9a2b42075b0	41701	95.77720	98.95395
0f9473ba-2f36-46f3-894c-02cd4b12bc33	25573	77.25950	92.82197
0f989322-1aa1-41b9-9070-e2e4c8916a0d	29277	83.59042	91.52138
0f9e1379-4496-4624-9084-99755b89ce83	48725	93.90760	99.21284
0fa7acc1-ba4e-4cd2-a893-44d9a0f2c9a2	26404	94.69266	99.15270
0faf7c28-102f-4bc0-86b0-c6d04a9a58cb	36638	95.25226	99.07322
0fb12b8b-8438-4150-bdea-39b3ae06e60e	26630	91.04112	97.55623
0fb444c8-b322-4c04-b635-dab1c85696ea	62680	94.91832	98.80986
0fb71e89-19f8-4743-a373-31b1e460c7da	9478	91.00144	99.05313
0fb9ffb6-fba9-4522-b6b1-fa5ead3a0342	26018	96.24848	99.53578
0fbe09f9-724f-4a9f-bdf1-ae46cd63a9bb	43539	95.56760	99.35304
0fc1d368-9d72-44e8-9537-e76845fde2c7	23591	79.35597	95.54163
0fc31337-38bf-485b-877f-9fedf49ff97e	29084	90.41976	98.40171
0fc63d12-6ff6-4197-a4ad-f4bd8288b796	30892	81.61004	92.47822
0fcd297e-ad1a-4596-ae57-5dc5c28bbcd1	35587	88.99611	95.56136
0fcd5b8d-357e-46a7-a7d3-8508f25eb53b	42604	95.35633	98.85103
0fcecf9d-ab30-4a73-a9c6-b87a096d2f69	38860	83.93925	92.73519
0fd02007-6741-4854-b6f3-44835e70c63c	29727	91.59814	97.83427
0fd44add-c7ce-4074-87ab-b8e4de0282f6	24527	93.54466	98.84365
0fd7e501-4e67-4738-a78c-a9469ff7f55d	24477	91.10249	97.17917
0fddf063-a37e-476e-a3de-af6e02a56be4	24231	91.63703	98.30122
0fde51bf-3aad-4b54-a1fd-7507b9dd1726	32145	85.32024	96.81671
0fe1a560-b9fc-4692-b95c-dd1f6b4e54f0	2925	90.54326	98.45785
0feac97d-4a1d-40e3-a8ef-280979e26020	23588	96.22673	99.18569
0fef8be5-f44c-4498-9a36-2619c8a8e3d9	33999	94.71350	98.82291
0ff147ce-4c8b-4688-b8ca-8a551d7de39a	24084	92.87889	99.29621
0ff9b53f-edfe-4dac-a39e-7ee9de98fe78	77491	89.18164	96.69407
0ffb3658-099a-4209-8151-b9db4274527f	33177	89.21072	97.32235
0fff85be-b349-4c19-8825-547b134ee2bc	22202	87.67382	97.42550
1000b1c3-1d84-4a16-abfa-b6c5d17c1115	27987	91.43807	98.34591
1007b44b-adb1-482a-834d-261bfacc851d	24234	81.90341	95.27064
10087468-d69d-4d69-85e8-43737cb2b547	40694	94.00979	98.70202
100b0572-043c-4dfa-844d-5a28763ccba6	58305	94.40199	99.09100
100e6fc2-755e-4fc8-810b-2fd55fc3c521	33501	88.63979	97.53328
100eb474-1d5c-4890-9e63-8e32fbd0d410	29668	90.46833	97.85320
100ec6f9-7a25-40a2-b223-5445dbc4170a	39191	94.67023	99.10807
1010ed1f-2f35-4af9-8612-961fa7ce70cd	78351	76.65823	95.65143
1011c7ce-aa86-45e4-a62d-7535a1bf4bd3	23641	94.49929	99.18333
1013d675-2edf-4c90-9b5c-2f528b70f549	28497	90.03542	98.50121
101df27e-feab-482a-b537-48413a8354b9	27570	96.10710	99.16661
102654d7-9d2c-4962-bfa8-f3facc5fd4c5	47207	93.89555	98.43750
1029f64e-4e02-4cd3-8792-8154273ea9bf	23239	93.16268	97.24671
102b698a-a956-43ae-b510-4629ec6ab249	24055	85.08644	97.06936
10301042-2166-471a-a991-2e687201b692	31305	95.26889	99.04121
1032d399-b596-47f4-af0c-ea43348e8b62	25036	95.01842	99.05140
103b63f0-0dbc-4516-b844-0f1ee8c881c6	35139	94.34902	99.01432
103e76b2-01f7-4d00-8c60-3ea755a8052d	31103	94.39990	98.74920
104044b5-3121-4b37-b884-e7c44ec77c86	35228	94.77144	99.11474
10485d87-a1b1-476c-a9d9-cc905ccc28ef	44490	69.96655	87.91448
10497857-10d1-4ae4-be07-5b9b3760591a	44767	79.60334	92.73154
104ca56a-96fe-467e-9881-b9be2c680bc3	26298	86.10230	96.04178
104d59bf-94c0-43c2-9932-73e9e17c9ffc	36578	95.09883	98.91340
1053a20b-21f6-4460-a027-a2faab1b2667	40839	94.23298	98.81700
1053f088-dfe9-48b8-9c76-a87cae83b68c	22668	72.45514	91.61898
1054c33d-c32e-4397-9564-2ffbb958d002	34408	76.77356	90.57705
10576607-ecfc-469b-a91c-b33f55f2197d	26743	92.69274	98.39472
1061f572-8124-4fa7-81a6-e893130911cd	20968	86.48881	97.68170
1064e14c-d2fb-4d39-9f7b-e8057feb9dc1	45591	95.03666	98.58767
1065dd5d-820c-4707-9723-86349a973cdf	36543	95.09728	98.90417
10691665-c4b3-443d-94e6-e3463564c2cb	65984	93.33795	98.63508
106a1307-63fb-49d6-8a87-9f0c4e121af9	33199	95.54210	99.66940
106cd837-a196-4aa3-8043-78b7d8a2edf7	37864	94.19163	98.78680
106d419a-e0bd-4c31-ae0c-a3594f5bfc25	25569	88.47542	97.18090
106e1d30-d54d-483c-ba8c-af300f8acfeb	31020	94.77009	98.91631
10728867-5776-43ca-8da3-cf8d06e81d8c	38067	91.34220	97.70050
107904ac-5ad6-4f0c-a5fd-7c1fb4624145	40068	94.41391	98.97780
1079d2fd-8eac-4010-b068-87ca6b4747b1	22996	94.79826	99.26369
108221db-f283-4780-802f-8ddc38a80e60	54651	90.85358	96.56027
108641be-5f40-4573-89d7-fb2e15eb21d4	25084	95.60122	98.65690
108fef63-7389-4d25-bee3-14aa51da239b	39400	95.49574	98.96153
1090ab55-85c1-4eaa-84a2-b991b97bb701	22336	94.32462	99.18395
10930dcc-a998-4fe2-8bda-0d67a43c9fa6	25371	95.13363	98.63110
10956859-8c86-4fb3-b346-6cce3862eab4	34179	94.85762	98.82336
10992f04-e7de-4b3c-9758-ebce3ca4dad5	27120	86.35813	96.47420
109a1c30-1d17-4df5-b2e6-60144a0a3f14	28548	90.76881	98.36145
109ca835-089c-4e51-80fd-e995ddc2be1f	26411	96.37145	99.28017
109ec2c0-b45e-4dce-9bef-103f18d29ab0	40849	95.34443	99.00678
109f6b49-4072-454e-85df-462eb871fe2f	22339	95.18714	98.98985
109ffe1a-d839-40f2-923d-296692aba9ce	31507	85.39329	95.53927
10a551cb-8e24-4a5e-bcc7-f3c334fc9b08	23095	89.74658	98.11184
10b3e937-1809-4144-92ea-535d03a24c08	48105	95.04469	98.92274
10c57d27-c216-4057-a95f-b1b5f466589a	23859	88.65041	97.90423
10cf280f-f986-4239-a93b-a4f17b1fb7b2	38459	92.84965	98.91935
10d02c7c-385f-49cd-8e5c-2599fc20e11b	48174	94.14830	99.40455
10d031a9-b219-42e5-b832-af317e8d5de2	24527	89.58675	97.80101
10d127e9-c6bd-4dd7-9118-c7a6d1755a5a	30150	90.99128	98.24166
10d13a86-c1fe-4c7b-b538-10a24380e082	22757	93.63558	98.93543
10da1a61-e20c-4e95-ab66-b180d70078f7	80266	93.84336	98.67297
10e11e54-5e0b-4c76-95b5-55e67ea92d55	36731	89.35209	97.38060
10e40218-b9f7-4c51-8dd2-fbde4f214e8c	25724	94.12414	99.10324
10e8bfbd-c982-4895-b40e-d76dce6cce36	31965	95.36436	99.28082
10e97724-5048-4c9a-8023-1e420c1a0ffe	37744	95.43537	99.26473
10eb3d43-d24b-495b-b4e2-4e2cdaf382a2	29738	88.46129	96.37540
10ebba70-71f7-4f2a-bd77-13fbb5b7bc1d	38437	96.43643	99.01923
10ed4f53-cd75-49eb-9061-d7c2be8548c2	32139	88.69421	97.08761
10ed9b78-b525-483e-8b3a-3d306b6b2963	64221	89.97729	98.06792
10f0da34-96d1-4fad-97a2-ceaabb9f02b6	46411	89.07921	96.44916
10f2f93d-5279-4844-9177-df01a45e1e3b	50903	91.67706	97.84965
10fb7ced-9a40-4b98-b3ff-c766f5d271a0	22475	93.71769	98.57382
10fd998c-36a1-45e0-b541-385abd200bf0	31047	94.43663	99.51486
10ffcf32-9979-47ba-842e-0ef9c2427857	96004	94.95425	98.66092
11035043-ef9b-47cc-84b3-a31646b1ceff	28586	80.81744	95.33552
1108a312-0257-4915-9ac3-aa522d2c1e39	22290	87.70474	97.92108
110a96b4-e918-4255-a707-faac1a91dfd2	35074	93.59624	98.74612
110cc154-9b1a-4a4a-92de-c5d75eda8e7c	27275	88.74800	96.44643
110d1718-f2dd-4e80-9fe4-d246df6a34f6	23371	72.43259	90.16482
111021c8-dcc1-4388-87d9-61b942361111	25929	91.36370	98.90955
11149a09-6b42-411c-846e-903e9a8701ee	24801	94.57584	98.51335
111b1c54-0fa3-4d62-aabb-00328c9eb84f	57699	95.27125	99.27465
1123758c-1327-4ae2-badb-0f4f9df4b5c5	59468	85.58232	96.30332
11270d82-9f8f-46f2-a127-98b806a176ed	71507	89.94928	97.20125
112e2fd7-9ca2-4b99-ac66-f2817b7bbdf1	28641	81.18614	95.21713
1130d509-2d74-43e3-80c3-33e16e8f87a3	27485	87.57907	98.96963
1130daa4-5546-4a86-8fca-990c0e4dc8b2	45683	94.82088	98.44330
1139d5fd-a23a-4f7b-bc86-8912fb787d38	23320	91.51558	97.60195
113a0684-43a6-480c-a880-d002e8b6051b	28953	89.69745	97.22840
113ec0ca-a2bd-4ea8-bff4-13f9eb5190ee	61121	86.74871	97.30859
11411dd2-f765-40fc-87c5-60a95d204e57	26742	72.69530	90.61751
11412ecb-0b46-462d-b5b9-b51e110aa5d0	55624	85.95066	96.58178
1144b080-8b9f-40e7-81ef-2f43afe80f7c	41320	93.48571	99.19663
114843d4-277c-4fd6-86e1-944450a04b96	71008	95.67082	99.02678
114a6b95-9554-4ce7-9769-60a72b07a551	30974	90.46227	98.38119
114b5771-2dcb-40e2-be71-830d98dc2edc	113290	94.16995	98.95709
114bc890-3c75-4b99-82fc-055c156ec9b9	22544	96.62064	99.30595
114cb75d-9b61-4549-9c71-ee6806c9b5d2	26904	93.71199	98.34329
11510de1-a1a7-4c37-8bc6-11c6215cb9bd	27238	93.42275	98.59533
1152d48f-6dcb-4834-aa1a-f845536a3940	52489	95.00916	99.22561
1154ae66-748e-442c-9213-f217d1a54287	30815	94.97228	99.25725
115755fa-4509-4379-8a78-f81f98aae1ee	32348	88.47317	96.94105
11595b57-f342-4de6-a8b5-67743a7059db	34730	95.06176	98.88525
115ade92-3724-405c-8075-b47d9832a221	30974	94.90103	99.14283
115b4ad9-dead-45fc-859d-547198992b3c	27622	94.43417	99.25042
115ba249-b46c-48ef-8750-ac7291044476	42746	89.95362	98.17889
116a187d-6c36-42df-99df-c7a22e4afb5d	21564	94.23436	99.34852
116a2e98-a28f-4f9c-a5ff-f9a983d9a79b	49035	93.43193	98.22016
116c2e43-f2df-4208-a750-578bb8542f05	44305	89.04261	95.49421
11706adf-8b7b-4cf0-8339-bce609e02edd	37964	95.90954	99.07436
11710b76-e0d4-48c3-aaa4-b3e756e42e8c	39153	95.20180	99.10266
1178dff8-9ed5-4f76-aa7a-c0d4f480748a	57124	94.76702	98.77031
1179dafe-4898-4195-99b7-716ce5d24a5b	24958	88.75981	97.88116
117b784b-2f47-4b8f-bba2-a347c4f3487c	39580	92.62528	98.43205
117de1e2-1254-4da4-9a24-af2750e2d772	22551	80.51806	94.00787
117ebaab-a39c-44a0-a8ae-022d5a3f722b	29469	94.94812	98.94655
11806dfc-707e-49c0-8582-d7cdf1cbe79d	24590	94.99519	99.54521
11882506-1185-45b6-af76-782351449943	35460	93.94489	98.70039
118d8287-8145-477c-940b-3ba8c9f8cb0e	41024	88.16738	97.55126
118df049-84e9-4472-9791-7d08c4fd6ae2	41156	90.63370	98.07545
11959880-b551-41c3-b1cd-cba4590f1654	36177	89.54317	96.78535
119a0200-f26b-4abb-aeb1-fa62059d7728	22560	90.65805	98.44155
119be939-97ea-4615-8bdf-faa2b53d16a2	24072	93.70510	98.91192
119dffb8-6a2c-4223-85f5-e687b4c1ffeb	59137	91.77019	99.47112
11a37720-e8bd-4030-b9f3-b15779f11a7a	50660	91.89287	98.54683
11a3d095-d92c-45a5-9c10-76ec9dc4adf2	23352	92.34925	98.36426
11a9755a-8675-4572-a26c-edecec85466f	38124	86.52729	96.81950
11ab144d-9f63-4033-900a-464bcd9d86b5	26984	94.07835	99.20767
11b0ab8d-8b7f-4b5a-af06-f58f28121a92	24850	94.97335	99.00476
11b86506-9ba6-4de9-a776-e6323a1eec19	30945	92.11758	99.07862
11b99666-a88e-4696-9c09-138e3f0a1b7c	32099	94.68740	98.83635
11bb1bff-020c-429b-a8ba-135f419a3e3c	25813	92.71293	98.97673
11bb9bcd-d942-4a89-b0b8-7cad53db2948	81356	94.34802	99.17518
11c3d596-a57e-4032-b6ce-8c686d78ada8	25320	91.61990	98.05056
11c5d289-c25c-4743-9463-bac05a26dd77	35749	96.89291	99.45864
11c6f43f-d94e-449c-a2bd-75cd1a64753e	35637	82.55375	96.80118
11cf5942-c16c-47ad-9819-5c83b496672e	30892	89.03430	97.66638
11cfb23a-6681-40c1-94ab-923e51c48287	29890	94.65889	98.79702
11d04870-504f-41dc-86ba-b0f0d9208023	27002	94.84630	98.59945
11d96380-d965-4a13-9781-93d60bc4e2f7	37643	87.80736	98.38892
11dda0e0-c4a1-4d31-b771-60f08d107871	22074	92.02918	99.04414
11ddd4cc-19bc-4f16-b015-311ec5a43813	26820	93.87487	98.95644
11e64ded-f2e8-48dd-91aa-a0e04ff2d173	22223	89.44548	98.06066
11e921c5-4ce7-4375-b32f-e70e37455082	21670	89.42741	96.87094
11e9c89a-7722-4dc5-876c-a629fe98dad9	22691	92.32748	98.88461
11f09007-1929-4f78-b9cf-51657c7845aa	33683	95.21045	99.22355
11f339da-a4e0-4bec-8119-caa0115b6a06	35607	85.63614	97.25014
11f839b7-d1c3-4f84-9ddd-d661113c1f12	25933	86.16284	95.56822
1204aad5-0781-4ed4-9525-1cd966e64e52	31800	94.10066	98.76955
1207e160-9874-4c69-83f1-c6b8a1589e7c	22529	93.70198	98.83808
1208b937-6b90-4506-ace0-60bb71b68d1e	24052	84.56135	92.87843
1209dbec-3fed-4678-913f-9bab7f3bc717	33696	95.17233	99.16241
120dc541-2190-4ce2-9355-2f87888873ae	41947	95.91488	99.10089
12115aba-6796-42e0-a7be-cea34ea206d0	34233	92.65219	98.67171
121824f1-97a6-4256-963e-eb937945ae28	35023	93.82782	99.34334
1218b074-0127-45fc-b4a9-a4b373a77636	22648	87.21675	97.57185
121ded30-5dc2-413c-9330-e00b412ee268	27419	89.45210	98.32979
1228cda7-5d8b-44f3-b726-3d2324e45270	25448	84.34818	96.03364
122be03d-58d4-40f7-a1dc-879132774be0	53862	86.34545	95.73271
1231d188-2608-42b9-a4ad-79812c2da820	53397	74.78692	93.83282
1237ebab-29d7-4906-aca4-285dedc1ca78	40881	92.14542	98.44104
123b0b07-1782-4491-ba40-ae8c8a30c56d	61201	95.05309	99.21122
1241044a-85cc-4be8-8f00-26da2f519051	24303	92.63747	98.26690
124c5526-8d0c-4986-9d21-2f974975a133	37918	93.07187	98.61100
1250a90e-9429-48b0-83de-0a1d5286e59d	45395	93.78117	98.72298
125ccf13-e330-4f2c-8768-230893e70754	23765	85.96834	97.11329
125ddedd-948d-4506-8e28-f4f198dc0677	41227	96.15734	99.31284
125e55a4-d2d5-4394-be65-ce00f4f667f6	47993	95.53494	99.49954
126098c3-c47a-4681-b4f4-368b79c9af1c	46469	90.90608	97.70343
1260ec0a-75db-48d8-89a6-e47deacbfd2a	26658	82.42603	99.41179
126ae3b4-50dd-4277-a888-24f3695cef09	26269	96.02639	99.08066
126de1e2-bd28-42ff-8206-fbb04adcbe89	26959	87.47208	96.30451
12720ffd-a76d-4f63-9d72-a409e86e5e58	23618	93.68743	98.76217
12740a84-da43-4bc4-b546-ab9ccf40a36b	30559	95.00561	98.74903
1277e17f-48d0-4449-9a8a-e4848f71a433	30106	95.31515	98.95157
128187c3-9f7a-4f17-9997-0d7a873105ff	59213	94.06056	98.36665
1294ff4b-6ed4-4afb-a8b8-17cee7c2e697	46020	95.84703	99.03220
1298888f-7b6f-41b9-b69c-d544f30d04c7	24251	89.50121	97.88598
129d3aad-649c-400e-a133-fe2fb4edd799	34636	85.88911	96.25913
12a38b42-29b0-419a-83d9-ed8d3f092dca	45560	94.03886	98.56322
12a4d4ad-0449-4897-887c-11f1602db2f6	36854	91.29513	97.76513
12aa147a-401b-40b5-b0dc-b5ece036eeea	24211	93.38215	98.48992
12aa9b10-772a-46ec-8f3d-d902e390a9e1	27993	85.52583	97.02688
12aab6ff-5d4b-49cd-90a5-8a4e68453925	50724	95.43325	99.09027
12b6c2a9-13fe-40d0-a42b-be9720ccd609	27357	90.84746	98.10322
12b9e7fe-0777-40f6-8cf7-a0c34f29fdd1	26158	90.71274	97.07874
12ca523f-4dbd-4a6c-a8cb-824b1eb3df84	23222	71.15501	91.60336
12d1dc1c-9cd1-48ab-b193-acd125d2be43	39056	93.47766	98.70630
12d3bcb1-4a49-4001-9e3e-ca4d47d05f95	54941	95.43139	98.80065
12d408fb-355c-4e4f-bbdf-8434301a9d6e	32536	90.84058	98.47064
12d57922-4fe1-473c-94a3-6a9640adb4fc	33149	94.20550	98.48115
12dcce96-84e8-4cef-afad-5d030faa57f1	40408	87.36455	95.78710
12e9d1f4-13ed-4cc1-a185-e5c8456bad43	24892	93.93127	99.06023
12ebf9b5-088c-46ae-9e87-476434612cd2	25491	88.19933	95.71219
12ec0155-a9f8-4781-bcf9-ea72a006d058	23187	83.26995	95.27998
12ec8ead-0973-4e2d-b97d-9fea8c06a12a	53863	94.63524	98.77858
12f73947-eeee-4daf-9192-57c9a805036b	53163	88.98387	97.18279
12f94bdb-f7a0-450a-bcef-758157231cfc	47376	90.90411	97.73746
1305a48b-d4ad-4721-8a55-6429b3e42872	22984	96.60740	99.06154
131265d0-5efe-429f-a92f-4af33d9aeee6	31761	94.80339	99.20165
13146b73-5527-4849-bd34-7a0301be5804	43666	94.13097	99.29165
1317e91d-7641-4df8-a790-22f32c2e882e	23327	96.12961	99.29523
131ef950-aae6-4206-8a36-1a2efaa422c8	26475	91.45881	98.55284
131fc429-ae09-47c8-b629-1003885fa517	30043	95.78552	98.93027
132284a6-82f1-4074-938b-486566083691	29981	93.25482	98.28278
1322b3ab-8ceb-43f5-951b-2ef3831b7de1	23601	94.48493	98.60814
13259fdf-7d7f-49ad-bd5d-f9eb8bd7a698	40985	95.56408	99.19572
132befda-73e8-423b-8363-f180f92e1cbf	38266	91.12953	96.60125
133b8b87-441b-46f5-8694-98d5de09f366	34223	78.71044	93.38022
133f7088-133a-4a79-acb5-25ed3d8f6441	30898	84.79956	97.07394
134f2548-4db8-4a04-8bb5-2fb8d2c9448b	28399	94.77943	98.44250
13515427-c6db-4a3d-a6cd-24cdb9d0875f	26564	94.49508	98.44371
135894ab-4fce-46eb-9ca2-a53c7a2287e7	36904	91.66711	98.83708
135ebcac-e3a5-4511-8536-54b985c3a997	23765	84.80038	97.03834
135fa1f1-83ee-4ecc-a308-253a8817e916	46904	90.77342	97.66845
136211bb-4168-402c-961e-e7b1cc3df06a	26336	84.66757	96.92012
1363c7e7-36d9-4be7-95d6-3b0ab548ad5b	25760	81.47192	95.07771
1366aef1-2745-42d1-a38f-aafcf1750cf0	63159	90.51865	98.62461
136cc7fa-4c68-469a-bc7b-f9ab08cb8c02	37615	95.06640	99.06320
1374b91c-a3f3-4e6a-afc6-2491ae3d860b	34776	95.81531	99.06337
137bcab4-ebf7-491b-a06e-70536250ff79	60426	90.72144	98.40060
137d1536-f3ea-44e7-bb19-db372b27d53f	28536	94.64573	98.78845
137e0e47-8c1e-4a75-bb74-beffad690339	27140	95.17824	99.17889
1380594d-1f42-4d8a-adc7-33603798911c	32650	82.55137	95.58482
1386e02d-4631-4406-b25c-b47301e73919	22443	89.57619	96.27921
13a17dc3-78e2-4117-a1b7-d9b36c9be77b	36535	95.60144	99.03298
13a32889-b90c-4f84-bfe9-ab7899e49f9a	60599	85.86766	97.36982
13a3a96f-3ae8-421d-957d-1d1d585dcff2	38004	95.05331	99.08295
13a45402-ef7f-4e64-aacc-dfaa318b17bc	25394	91.53247	97.13924
13a81670-4215-4629-b59f-2a05b9b9a759	24603	83.32804	87.82453
13b00342-c227-4096-b5e4-8d31ff9701f5	23469	91.09084	96.43431
13b6a08d-b150-423e-8d03-b3e3d3aac3cc	30828	94.37397	98.37151
13bc12cb-bdaf-4557-a3de-de162db484fe	34950	94.52335	98.89399
13be011e-62a5-4980-ad25-6e1adcf4deb6	48873	89.67361	98.40040
13ceb325-9c41-43ac-943e-579436bb3a44	51383	95.90906	99.26856
13d06460-fd83-47a5-ba57-c890c30eb8b0	33996	93.70977	99.09428
13d21be8-f839-4d4a-8432-5224ca619fa1	88169	91.40267	97.49978
13d23c76-4766-431d-b277-f5e11ce9f6d3	38177	91.67131	98.07202
13d4e976-f825-4770-9645-377504346ec8	62077	94.83528	98.56854
13d6ce20-4b07-4384-b075-8f976d81ee2e	48035	87.85490	98.44662
13d94a7a-ad6e-4acd-9946-adbda740f3f9	26551	95.14197	98.79001
13d997be-913d-4076-ab09-bb50970aa6a5	34926	89.11761	96.70815
13edd06e-20d1-431c-93e3-71566e0bb89c	33043	86.07534	96.79911
13f5f202-10ec-4aba-8683-20428b64f5e5	28817	87.64134	98.03104
13f98d68-82bb-4744-851d-b55392af4991	31596	87.09231	97.41147
1401669c-3ede-4deb-9ebc-39d21b13f03a	27123	92.44925	98.31829
1411e9dd-714d-40ef-b59d-9bcd7171b0af	27643	93.22906	99.55218
14126969-513d-43d9-b322-ff4cf43eb876	28073	88.43593	97.74528
14132f95-3054-4e8b-951a-0f605ef85a3c	34932	90.44438	98.51117
141b4ecc-f246-4b00-a04c-549c2772babc	26494	92.75924	99.44608
141d1b0e-fa55-4d49-a9f7-cd97bc13e8a5	29027	91.04478	98.58180
141d4e6c-a489-4aea-9801-77ef455d8952	51019	95.59960	98.87710
141dd44b-272a-402d-a34a-d632936917f1	32560	90.55598	96.14872
141e58a7-9679-4383-b870-55caab996c40	38780	94.92480	98.31090
141f00a2-94b6-43c4-bec6-f0ce49a1b984	36562	95.26450	99.29992
142691d6-e4e7-4c07-997a-ad657cfe9346	43731	84.75029	95.03396
142a451f-8836-4d1e-91a1-faaf8958c002	40301	89.13269	97.07529
142d9140-f7c1-45da-b31d-19c4be3f6dd3	23175	86.92301	96.19488
142f1eea-3ce8-44a9-b93e-030ba85d4a4c	38667	92.16450	99.10116
14319f21-9e2a-4c19-b438-01e5de9ff480	6042	80.91063	96.17671
14336a76-9ccc-4fdd-9c90-92998e9100e4	24905	90.87235	98.48798
1439390f-9d0c-4057-95f9-30f0f2183d79	50136	94.82129	99.20992
143b9f95-d247-4466-9663-eeaafe733379	27176	94.76476	98.95225
144842bc-ac7f-4eaf-bbc2-1cc5b4c0871e	29286	95.11353	99.25576
144925e4-c5d7-4dbb-8175-1ac407c1cfee	63808	91.78869	98.69456
1453f8f5-5122-43f5-9a41-700ee3f79f03	25032	90.73030	97.50254
1456eebc-c58b-4303-872a-9c43523b38dd	28179	95.98335	99.36716
145c23af-b61c-4f4e-a50c-2c72d7412b42	41594	94.11861	98.93176
145e8a79-a308-4e7c-a5a7-d5a6e0a207c4	23217	78.31632	96.42514
145ed2b1-fb04-4f9c-a813-a423e68d2de8	42714	89.83111	97.18695
145ee432-25a1-4d35-b3e2-e6149ec10825	35815	91.94842	98.47040
146ec49f-e4a3-4790-ac19-b2802b67a751	39022	90.70923	97.11529
1477ce39-a731-4ade-8d6f-f0960326bf17	31659	89.92869	97.05864
147c11d4-2dcb-425d-8edc-9145f91e639a	42298	95.11339	99.55432
147e6df5-2c9e-4940-839f-801edb54ef3b	38224	95.24967	98.47468
1483be58-67b5-409e-b9ce-fed240caf8e2	43791	93.26515	98.94765
1484a97b-2b30-4f00-9568-2760201a90e6	26907	91.36639	98.57731
148bb6c4-774c-4825-86c8-2436dc8a1fbe	39496	96.71918	99.24922
148ea321-7665-41cc-ab31-c9bb2b5ffce2	30873	82.21199	96.86949
148fddc6-2d2d-4cb8-9e01-521cf77d51e3	13147	82.44033	91.68078
1495f35a-eca3-45de-a6cf-ab73065f7acb	36002	89.88042	96.81893
14973696-f6df-4e21-9598-3dfb09c89d63	24017	90.89749	96.93137
149c75f6-7a21-4286-bd15-01d0ebbf9614	22281	89.28879	97.67073
149ded53-f038-4cf7-afca-4174e411c685	25267	91.17490	98.04189
14a4f6bd-560e-443e-83ff-65beee007158	25899	95.59319	98.52335
14a5b187-2d65-4359-a23b-0dab45de3be9	49577	92.69722	98.04633
14ad89c5-161b-4116-a9c3-157567ab0267	27609	87.23353	97.66914
14ae40e2-4ff1-40bc-9444-92de6886364e	43382	89.73841	97.03629
14ae61aa-4b61-41a2-925f-4f03ed1bcc69	43740	94.84343	98.66432
14aef46f-5a17-49e2-9be5-24757221a391	37742	84.58462	95.30419
14aefc3b-6e5d-49da-be08-6f91c5dcd81a	28369	78.06501	92.94783
14b3ab67-1e21-4ba7-8fb0-fea95a161fa3	28051	94.81800	98.77010
14b702f6-eff6-4179-94ad-87c7def1f18f	48045	88.90916	95.62859
14b94e61-bcd4-40b4-8aef-c71834b039f3	51161	94.90373	99.13495
14bdc465-1c1f-4dcd-b760-be57000d20eb	23212	85.15178	93.84159
14c36bfd-b0b0-49ac-9c39-d87003a75a79	53696	86.87133	97.30692
14c428be-86f7-4d8d-88c8-f5cca1e04fa3	62209	83.61904	96.30118
14ca2f4a-1b0f-4991-9b59-f465e8c8b44b	23973	90.80492	97.31568
14cc1f44-3de7-49d4-b916-c878b8fd9aa6	33896	81.81894	98.03853
14cd2908-27b6-4160-a9dc-070017650627	42368	95.06966	99.35858
14d33e6a-90c6-4cb1-983a-45c7cd905e03	21901	88.71017	98.23810
14d4b579-c679-4bd7-8c90-f927a96aa13d	34342	89.16172	96.51346
14da7d34-2664-4451-acae-2d6be7318128	35475	92.59068	97.80861
14daf04e-eb0c-445f-b0cc-800509144abf	25547	82.51303	93.90690
14dba7c4-d622-465e-a75a-53d25c3a87c3	48228	93.45602	98.46192
14e88b21-f506-429f-82e9-d10916eeb2a3	25885	89.56009	97.84110
14e934f9-b863-4261-a329-b074e37da90e	23523	93.56715	99.01166
14ea20a4-e557-4d13-b247-64cb50732389	48834	77.89649	92.11437
14f11492-d351-429f-8360-4ffaab3312c3	33156	94.29522	98.60763
14f439ae-e786-4c75-ac0e-2cae4e7959d6	48621	91.02635	98.47971
14f4a183-9589-40b6-8f59-cfc0427245de	98713	94.68821	98.68238
1500fb07-7e6e-4784-b2dd-92c6878e32ae	42687	93.93605	99.04700
1505db2e-68f5-47ba-a2e3-1de2ded8177a	77419	92.76763	98.52668
15072b36-5c1f-404c-b096-2a0ef605947e	27787	92.07609	98.82638
15094e01-c4d0-49a3-aee0-91c56c99cc01	22066	82.58024	94.96577
150b8ccc-4653-4925-8dff-c9a2448f019c	23220	90.88971	98.60128
150c3cee-5c52-4f89-ad76-42ec542fbd92	27293	96.13385	99.15109
150cd848-18a7-4be6-8997-8295d2d3263d	23432	94.49165	98.99020
150ee2df-fa0f-4c90-a2e8-6a358ed5f2e1	24506	92.94910	98.17531
1513e25b-a5c2-41cd-a92b-016d2a963672	40691	80.29422	92.21677
1516ee16-1d16-425e-860c-6938e2004479	24136	94.42776	98.89382
151b721e-3b27-411a-a0d2-cf919483bf0d	22357	90.40797	97.20283
151da88b-a042-4337-896b-b1c111b03940	56154	94.89400	98.66739
151eb700-84b0-4e80-bc9c-4876fd3152af	45754	88.03534	95.62679
151f2526-78e1-4ba6-859a-6db5e0986835	27036	94.09594	98.88045
1525a9d6-581b-4e6d-8a31-278ae502e356	27238	77.22461	92.32589
15271d9a-2387-48ed-bef5-a780ae47879b	32220	95.63878	99.09054
152922f5-bde6-4df8-8256-de78e5ef3bdb	29184	86.60149	96.02826
152a56ad-998e-4d71-97c0-8c7f70d7e067	24464	90.81713	97.81063
152fc1f5-94a2-4fb5-8ed6-259c45942aea	28112	88.02886	97.01880
15324f6c-f69c-400b-9f32-3ae916182d35	49564	94.73021	98.46001
153b321c-8e15-47fd-896f-82de1a7eb237	23319	93.57882	97.69700
153b8fee-b139-461b-afea-d65a69e4a991	29555	95.76632	98.80661
1542e350-83b9-419b-bada-4352d620344d	25652	92.37687	98.98564
1543006e-d992-4b91-bd79-0b14b29ee6f3	61051	85.73866	95.50483
15448a61-5c60-4dc1-bcd0-33d070f63b59	33020	90.14072	98.19256
15479cd3-ae6b-495a-8623-4fa935059b79	39072	89.47898	97.87784
154d92d5-3ad0-4a92-a777-3dc57d414ffd	53152	86.47795	98.14534
154edae3-3373-42f7-a1cb-42e71e94d564	26102	95.08104	99.52235
1557ed58-753b-4b49-a28f-c11ef07b3397	56318	90.66275	98.02405
1558309b-3d57-4a39-a577-ef5e106a46f3	36066	90.83539	97.20752
1569d089-0fc2-4299-a637-3abc63ea7a78	52582	90.33233	96.41840
15761ef9-8109-4fdc-8414-c2a2b67b0490	31444	89.85393	97.47763
15763c48-3c88-4727-862c-8547a5315e09	45609	93.46004	98.53584
15765aba-52b2-4bac-8773-ab4a9ef1e560	23041	80.95616	94.26657
15796c46-b2d5-40e5-8e62-9db11eb717d0	61780	95.07169	99.15753
15877e00-fa12-4d9b-b525-0b8638fa2527	23793	92.66591	97.58416
1588025c-edea-44fb-9102-8406720b0366	23460	92.10602	98.21106
158a8fc5-f78d-4ff0-8d37-8d4166f73f52	38819	73.55858	92.84600
158f08b8-ce2b-495f-9a58-b1fb6ae7628e	35781	88.66857	97.67423
158fd134-5f8c-472c-8d96-06bf102cedd9	38053	93.59660	98.45225
158ff306-a7ee-46a2-b48d-b1b9f1af11e5	22676	94.48649	98.99207
15909f22-0404-4e9b-b395-ac67613765cd	29254	91.54146	97.03102
15965202-d8db-4ee6-a9b1-143f63151b50	25352	81.02670	95.04254
15985343-3b63-4e07-8cc8-451ad6e758c9	47010	93.38039	98.63342
159eff6e-3adf-4852-a37d-7114c2bc9871	67425	90.94509	95.99276
159fff4c-ad8b-41ef-9620-df722249c0c1	25413	94.87229	98.76086
15ab72ea-6fdb-4ba7-a4cd-b72c78458813	30663	90.57702	98.18888
15aef6bc-cc10-4312-ac35-a67217d8576c	24953	92.00559	98.43181
15b978e4-4a03-4ccd-bb3e-7d09d5e70e58	29337	93.23358	98.97155
15bab770-255a-44b1-9d68-47b718b479fd	44904	89.27610	97.26646
15c016dd-9f28-4277-8664-6d56e5b0ffd3	25404	90.33594	97.43718
15c11c7b-6245-428f-8470-b2327dfd6953	30530	95.84903	99.05034
15c627c3-50bc-4810-93f4-65a0fc88bf7a	23284	89.27798	96.36031
15c74d28-873f-42e9-982d-879b509fdbda	54489	90.04408	98.84078
15c8c993-c877-475a-9cc0-3209912a29df	23649	83.98265	95.78875
15ccdd01-7261-4712-a274-6a69b575b45a	74823	95.16446	99.34473
15cfb98c-e11f-4dde-95fc-5f100b6688b0	21858	88.36986	97.74544
15d3ce71-affa-4461-be27-eaa3de33bf1e	22871	90.68929	99.15162
15e533c1-5bf2-4d0e-a901-1838f24a88c0	24075	93.12133	98.98961
15e628f5-9c31-4e66-812d-8018bfbc5fcc	52372	92.70174	99.08657
15fb8b16-83b1-4a06-ab93-78ae5ea5ec4a	35760	92.38694	98.35767
1601a403-626d-4ed9-bc7a-ffb05c3c3cf7	25424	96.00031	98.98071
160970dd-8d7b-43df-96ec-bdaa0eebbbab	36194	88.65113	97.87985
161060ab-0f15-4b15-8087-761d127ad308	37388	71.56879	91.68225
1612eccf-11a4-4639-b5ab-c9187be0a70a	29704	90.23973	97.48593
16168728-bb80-42af-9934-719a388b1b25	31996	94.23725	99.20736
1619e15f-fe6e-442a-ba5d-6ee386ff4263	38521	90.34141	96.27357
161a5db9-60ac-42aa-a994-269495832b46	22344	90.40747	98.36348
161aab82-81ce-4db4-b871-1600b8780355	31764	94.85296	98.93215
16214467-3965-4975-b781-cdfd824753f6	24071	89.32185	97.33139
1624a3a7-e617-469b-aa40-01bb97b10992	45382	92.77229	97.71571
16296a1f-4fd7-4bd9-b9b6-cfac8a2825e3	27680	95.44292	99.06639
162a156b-a4b8-4836-aeb2-20fe9c114276	37638	95.26877	99.14210
1635ee2e-e1d6-4e46-9b24-b745a0514b0a	26057	94.02862	98.87158
163856b8-543f-4c12-830f-c5a586a25373	24683	93.60761	98.31728
1641e9d7-7fe3-47f6-bfbd-fa92a9e221b5	22308	94.14497	98.65129
164410db-361e-48fa-a98d-f2b209ae04a3	22984	84.14604	98.60531
16481730-4cc1-40d6-8a4c-b9a6ec13f0ce	32776	88.09399	97.97320
164ab7db-dda2-480e-8ccb-63fffbe726a9	36179	87.07068	95.52903
164d339f-6862-4fa2-adc7-18893a4a9219	41435	85.77308	94.22551
164f5aad-8ae1-4ced-98e1-8e132a223604	28407	89.11238	96.48185
165035af-a823-4543-a701-3afc34a41454	29240	90.50579	97.92485
16558beb-67cc-4019-b9e1-b7ab49a2fe35	47699	93.84886	98.96710
165dc293-6323-4c87-8cc0-260ac03f7992	43603	92.19323	97.39274
165e01ec-2602-4ce4-b3d9-1390e5202d46	28686	92.89249	98.47573
166adb45-7c9a-413b-8404-6b4c8de7d3a3	50480	90.74752	98.46184
166bf9c8-7070-44e7-af51-4bffd608502e	36215	94.91291	99.07057
16717c4b-7ac8-49a5-aa19-c9ee9cb425ac	33763	87.87674	97.44755
16798dfe-89f4-4294-a48b-c2b2c33b8269	37596	88.08767	97.82989
16799aef-16cd-46c3-8ba2-9ec1f199b882	40154	93.58758	98.23796
167a7b95-c085-4826-9c9d-8626b7f8c510	35006	72.11645	89.45345
167b51da-f1d3-4e88-9df9-1ab9d605536e	59426	93.55301	99.39373
167bbd7a-465e-4f53-ade9-2974ccc43e08	56214	86.79382	97.73377
167fbe86-7737-4fb3-947a-956d0e9e8798	30040	94.57506	98.66948
16817cff-3455-4ce6-affb-255fd213218b	30734	95.11558	98.39191
16821e1c-e204-4edb-b41f-ea1b23318b0d	52200	89.53380	97.88676
16840d4b-b540-4502-be3e-9597996a1bb7	28552	89.30372	98.02740
168adc42-2e94-49ee-8c49-f973f5e8f50e	32294	92.33688	99.00753
169c61c3-4a35-4eed-8bc4-d6688ae01ac8	32957	94.23225	99.09274
169e47a6-a595-4dae-b3b9-03942ff3568e	60680	94.38298	99.05525
169f2261-6a11-4c6e-ad3c-65b58a0dab9c	22078	86.81512	96.82575
16a31d8d-6695-4199-a598-921bf192581d	30786	82.26845	94.24081
16a3dc7f-cbb5-425e-9719-54e90989e8ae	41871	91.09389	97.98762
16a41f4c-58a9-4089-8a6a-197c9e52f793	62649	90.37463	97.51056
16aa2bb2-6cc8-4915-9df7-c58ec9e644a1	30022	94.83062	98.86761
16aac801-43b7-4109-80dc-58986b412b3a	42892	88.95742	97.57282
16ae158d-da30-4d22-8bfc-5560450a3de8	60152	88.05080	94.08935
16b2ca8e-12e9-454d-991a-7bfbce005a4d	24852	94.94258	98.25501
16b32105-ff0a-4044-b64c-3ce7f0e33c33	28950	95.26478	99.28127
16b80cdc-3823-49e0-9125-fa78798a7aa8	32905	94.83313	98.65027
16bfd038-782a-42ce-a239-24289bffb981	75380	86.53617	99.74429
16c2cff1-6963-4423-9505-0beeffa28a08	45067	93.95884	98.85083
16c2d115-4a52-45e8-ad59-ad32b66aab91	32180	84.41817	93.61466
16c876e2-2caf-4b31-95aa-03f61f43a70e	28538	91.18802	98.47677
16ceece5-a809-42a7-8620-ff3585e485b3	38006	93.02796	98.51983
16d2eb5a-12fc-4d00-afed-1c819d370285	27407	92.45597	98.42557
16d33578-d030-404f-b489-6cdddd9fad7a	26813	90.45269	96.72321
16d42417-b8bb-44b2-979d-9fbd79c919f6	48435	90.13162	96.43961
16dc0bbe-a3d9-49c1-b152-85c0d7be1a5b	36597	90.33443	97.75341
16e24c1c-4702-46c5-98b1-78759bd0280f	28490	95.38838	99.03799
16e5f35c-9bf8-422d-8f6b-07ff4fb66382	21788	90.15950	98.42595
16e7a4b0-4c70-49a0-9c33-d5c859cb6cab	27970	95.73383	98.98832
16ea3a53-6ba0-4015-8368-58d42b748b63	22236	81.90019	94.67585
16eae25c-1019-4ec8-b547-21e493836db8	47585	91.92800	98.43148
16f93231-47a3-4ac9-b768-b5ba61fc8399	61768	92.53157	98.60931
16fa103d-6638-4a53-a6f3-d10202537c1b	32636	89.71769	99.08033
16fce18d-3b90-452a-ac67-2718569de237	28387	95.82309	98.93420
16fff273-ef07-4161-9ee8-295901e6abfd	36121	89.62376	96.70421
17005644-8f2b-4aec-88c2-df8bdbd449dd	36207	88.56278	97.64595
1700d280-23f5-4321-af48-aeb4a5678de3	35451	95.25087	98.69688
170cb943-83cd-4f48-ba6d-d9bb7154042d	15434	86.50989	96.82680
1716cb8e-ccf3-4542-9f7c-4be56925d0c3	36534	76.67999	85.51146
1718c878-353a-4729-bac9-414526a8c9d7	40860	94.75171	98.65744
171d6bfc-5ac3-4e1d-a755-7fd7594819a7	52442	93.48811	98.28004
17240746-3899-468b-a8cc-9dd48317d843	38831	90.27477	97.98992
17264515-7f9e-4024-81c7-fe8c666f1043	67385	77.61112	90.88182
172cbf5a-755f-4d89-a71b-947792302360	31845	85.51117	96.20514
17340e1c-dd23-4ae1-a278-949fdb11c001	31684	94.93060	98.76562
17346f30-c1f8-40f1-be1d-ff4c9aeb6ebc	32850	87.16455	97.88892
17375a76-aa63-4c84-b64f-90662a99b0e5	30098	89.92175	96.42192
1738f60f-f508-4087-8cbf-f5f6e25e5361	22340	93.67310	98.69664
17407a19-a818-4b50-8432-906b78c18732	27473	76.91124	92.63749
17440bf2-28dd-4d46-b0a6-36281a777883	24862	82.65868	95.19907
1748771f-3f4b-4651-858d-02524efda1ce	28298	90.57344	97.37051
1748a47c-d9cc-4c69-acf8-dc26e80009d1	24156	94.27330	97.86283
174f9056-e2c4-420d-b69f-da5f6ad9a296	41071	94.61634	98.60046
17515ee8-184e-4d9c-8460-3fd314e5cb22	22250	81.51027	93.65307
17535af9-5fe4-4f90-b03b-b3d7d1af9cf3	51658	83.02194	95.75505
1754cdd1-9ab6-4536-9e12-655bc8d641ed	22829	89.96163	98.15710
17689987-0854-4715-9d4b-4461a93a8b26	40971	84.49750	97.65052
176e5699-803e-4b02-9b09-d715be231e5d	25668	92.25592	98.24029
176ec72c-0d15-4539-8773-c40766352ab1	43048	95.08608	99.30904
176fc8a0-c195-460a-be21-59746e399b0f	34790	89.70819	97.62052
1770aeb6-759d-4fbc-981b-775e6313438b	54776	94.27776	98.81490
17768c03-41cd-4b1e-beee-5295d612ed1a	23014	93.11427	98.84102
1777baf5-8f8c-4b3e-8fa2-a9d0f22dc9fe	28072	88.66438	96.10381
177c9896-e060-4dd7-9807-a2a17cf8534e	24627	78.74850	88.86432
177cb227-348a-4efb-ae6d-1802ab2d426f	36333	88.85207	97.45865
1780b330-7850-4833-9e04-ba0e36a3d15d	29186	94.45173	99.19896
178385a5-6e06-4914-8305-861da6346939	26647	90.15124	97.21856
1788319c-a1c2-4859-a044-6d34764f763e	49887	90.62655	97.08639
178b2691-c2aa-483d-a973-275fcbe87ba5	46739	80.44567	93.71144
178c979e-cb75-4503-b489-ef849ad57cf7	24211	93.51434	98.63921
178daf0c-cb18-487d-8f90-4ea94ce31446	28036	91.68279	98.56483
1793b3aa-b299-4989-bc18-b90499681489	72231	91.08882	98.86100
1796caf0-ef65-486f-8780-176f9446b1ee	43312	95.37587	98.97431
179897bc-cbc8-430d-813a-7ce7277bc52d	24402	87.44624	97.27280
179fb9de-7e7e-480e-b9e0-cccf658ade9c	47596	93.87809	98.83097
17a169f0-dac3-4c7b-b1ae-ef5c0c40bc9c	41505	93.34665	98.70340
17a1be70-494e-4e87-90b1-51a51929aceb	31639	90.40428	97.41547
17a1c533-8fec-45b3-8140-808967c89ec2	40195	89.91771	97.51970
17a3b29e-87c4-4ae9-aaef-eb1f0ddb32c2	28205	94.45081	99.10843
17a9b2b7-41c2-49e9-919b-342b2601494b	39521	94.91445	99.57059
17ad2f55-264e-411b-bfeb-ea0b68ab99e6	39707	94.80193	99.06769
17bb5737-970c-4b2a-b9c7-b789e2bf4645	25314	75.39868	86.56261
17c77ae0-c44c-45e1-9e37-2a496ebf7ecb	69095	92.53009	97.64172
17c94aa2-d4b2-410a-a380-ccc2dd9521ed	31255	93.96371	99.25490
17cb3488-a2d2-4733-9e57-abd9da61de7e	29314	89.44710	98.29670
17cd7b85-5588-41a6-b6ea-a0ff0c66fcd5	24644	73.20003	93.08020
17cf3138-c199-47d4-915e-d99b02667655	34877	93.86771	98.97884
17d63dfc-1ce7-4811-aa38-acde45e45772	23688	94.12446	99.16002
17edaa22-dbf8-48a0-beeb-15c02540a0c1	22366	91.15858	98.11836
17edb469-3889-4ebe-8f32-7661dbde8d0c	31535	93.63913	99.04261
17f753bc-b4a4-471e-8f36-da22eee8876a	24032	94.59294	99.00847
17fa236a-fe7e-47fd-afe8-a7bf2b7fb303	26982	91.91653	97.29740
17fcb609-04e0-4ea0-a1b9-b8a82eef656a	35987	92.70391	97.95696
17fd9905-3bab-4b43-b4fd-4207299b49a0	34463	91.16408	98.56573
17fe26e0-eb06-43a2-9ab9-d697825691fc	39834	93.76070	98.44009
17fe29ad-0a15-4306-9722-d872d6d948fb	41480	93.59483	97.24081
1800d543-ec0d-4937-8aa0-2dc996cb7365	47419	94.77043	98.45284
18029b84-4346-493d-b494-17cff77b16e7	32894	90.14309	96.99991
180cb0ee-35cf-4d9c-8469-8617a15e2cea	90106	70.93559	89.03317
18147af9-53f6-4bb6-bfad-4912f89b085e	33940	94.69719	98.97404
18178049-a3c2-4d54-a1a0-a220cf104e61	23400	94.03197	98.82098
181c9c18-9e21-4dea-842a-f39fde5f9d8a	34445	83.51722	95.24179
1828082f-362b-4063-9c9f-bb4cedb44cc9	36256	82.18736	97.19317
182c2b16-19fd-4740-9543-1e6a0cf82adc	46420	94.35674	99.04813
182da651-0ace-4189-9802-e1001f5b28f8	33136	94.38235	98.77273
182fe2a5-75f7-423a-9207-4b9abd76b9f3	22236	75.54262	91.34446
1830140b-b808-4cb5-8324-82d664536a99	35720	94.66645	98.87896
18343583-c2e1-4d33-b453-e41df5a10934	26056	93.29248	99.14448
1834c8a8-0163-45dc-a210-5808f9cea2c3	39755	90.74231	98.04043
18449f2b-7dcc-47a7-8e99-5ae91e018097	35496	80.84958	95.41252
184558ad-30bb-469b-af78-e205ef419582	27710	90.78728	98.22292
1846de76-4891-486c-879e-b61d61e66e53	17816	95.16458	98.99660
184ba273-9b84-42b5-b235-f69419d65c04	26187	88.07198	96.01557
1852a5b8-f771-4045-9392-eb729e462b9d	40811	85.14540	96.33451
1852bec8-e4b3-4a59-8729-36a59ec5e7b3	61174	92.47896	97.33144
1854efa7-6173-4739-8a69-f3538789d9d9	25482	94.46769	98.61440
185cff55-95db-4d17-a00d-71a55c515a76	34811	91.40377	98.00316
186433fc-12eb-4604-8b3c-198729a933ea	29491	92.21171	98.09937
18645cff-a697-424c-80c5-5e8d16420452	22250	90.34509	97.45643
186593e9-6387-42b4-9657-fb8093bdfad4	48929	94.83166	99.01895
18690407-7f29-45fc-914c-cf9cf883d5eb	50012	90.09346	98.28150
186c0a71-2025-43b9-ab7b-67a037722cb8	44825	94.29369	98.91023
186e17f1-5627-476c-a44a-72676568a58d	23000	94.31437	98.72998
187277e6-4858-4d1d-b7f7-d927e6324433	29389	83.13884	96.12333
1873a705-2bbd-4d48-b4df-4194fb0dd545	27585	95.30003	99.17102
187cb99e-0b38-4490-ac0a-5144e92f3b38	54502	94.65918	99.32845
18807546-e24d-47ca-b9b1-9f70c3ee45b2	62839	83.03054	94.95330
188886a5-a107-4ba5-bfbd-2d8e836a50d9	31778	90.70531	98.20177
188ca3da-44fb-4cde-a5a1-74c92b154742	45342	81.93663	95.95546
188e6151-7761-47a4-91a7-a447e2f28733	40694	82.54001	95.23173
1893e1eb-9b90-4310-bebd-0b6f248d08d4	47043	89.36714	95.39574
18960fe7-0613-45b9-850e-db140177884a	29263	86.13331	97.72086
18991421-509d-4968-8490-7906172464de	22610	81.25128	95.86295
189fe954-43a9-4ac0-87dc-93319c9fb914	47414	94.32956	99.34938
18a9d5fd-2370-4e31-ae19-588c9fae203b	42153	89.82695	95.34815
18aa52b9-b0a5-4810-a794-d340d5afdfb1	23536	91.38832	97.36766
18b113dd-6bb5-4810-857b-7b77998bbc6c	38801	94.89090	98.91221
18b5f38a-9c5d-4f54-86ac-627ab0b58516	29862	87.98986	98.35145
18be5e4c-304a-426f-90dd-1f870df71bbf	37396	86.82892	96.22481
18be7465-eb4f-4028-9dfc-df5844a2a023	36146	88.43863	99.11215
18c593a4-092d-4960-85f8-d8ff0fd305ff	28270	93.58698	97.56984
18c93a1a-c480-4fe2-9a71-2095cc69f805	26754	94.49289	99.06795
18c93de1-9e4f-44ae-a567-7e0fcfd62944	22958	91.89755	97.32936
18ccc5b2-679e-443b-baed-3695a423a8e3	45665	90.23461	97.81554
18d1d465-6a86-4e53-ba3b-bad4e3bf61f3	9540	93.64424	99.42324
18d7cd21-f42b-498b-be5b-e6b55cec75ea	34094	91.08432	98.84222
18dcb17c-f628-4f29-af78-d88e05e33661	28742	92.01292	97.94684
18df14e9-591c-4da8-abca-b452e7f5ff93	24510	88.02085	94.64591
18df8e4b-c3bf-4d51-9a40-d5b41678478e	37282	85.25662	95.89338
18e0ca26-6b3f-40c5-bf64-3131d109b977	22429	93.23054	97.98772
18ebd235-dcab-496e-8a5d-3f33bcfa39ba	34919	95.18750	98.82206
18ed2982-5311-42be-a68d-36e889e1159d	61726	95.23660	99.12529
18f1d01d-2893-4d10-a270-6c2bc338ec82	36604	94.84150	98.78039
18fd0d54-0b2e-465e-964f-c21c2b3a38a7	28877	84.53579	92.66454
18fed976-5044-4bc3-b245-29f9ba5d252e	41865	93.43799	99.24705
190229b4-045f-42d6-b07d-b7dcbac5d86b	27687	88.97584	97.44541
19057268-d3c2-4b63-9c95-c9265ee44f0a	55588	81.95991	95.23850
190de694-d920-45ca-a60a-bdbbb4889de4	24802	89.27247	97.63005
19114df1-daec-4957-a14a-ced7e9dd7cad	22364	92.23297	98.29260
19157005-577c-47ba-a589-fc11b319f7c3	23917	94.02649	99.27129
19173954-ae41-44cb-9acc-bbcd9944cfff	22248	89.74075	96.09568
191a4051-60b6-48bf-ba16-e02706e1b9cc	35933	96.68305	99.23060
191bfe7b-1253-454b-a381-294f78d55a77	27539	91.42607	97.97652
191dc7ac-9789-4ebd-a6c8-e82d6d172377	30649	95.58116	99.18546
191fd982-4322-4f7e-b284-be3d3fb80636	65261	93.16134	98.58578
19291d1b-4801-41b7-b0ae-4d8c35db1898	24795	91.34766	98.44989
192a6f44-b781-44fd-a10e-a410aaf94f12	44137	87.89979	97.68494
192ba922-fea6-4b4b-8924-08961228093f	40584	95.67500	98.95452
192bec0f-9f1e-4229-8911-d12bd7eb73ce	25633	93.94599	99.26588
192d2856-b130-4f78-aa41-9b56af6e934f	24649	85.47115	95.38026
192ec372-3472-4e21-88f2-94f961b37e3c	71811	93.33288	98.70121
192fa501-edff-4750-bf75-2fa59f79d070	87022	95.10559	98.92259
192fc955-3145-4416-8fb0-996a593ccf82	11075	91.16543	98.27248
1939ee72-c00e-4f44-9f81-ef38c73dbcf3	44058	89.22588	97.92344
1939f593-d0ec-4793-bff0-6dd097b93ca5	38353	84.13669	96.05835
19402fe4-4a48-4699-8586-d8741ba01983	25510	92.34543	98.48913
1940c4b3-3bed-4338-a92c-395a28d2e4db	24226	88.50879	95.55336
1943f4f8-9573-4e7f-be9c-dcdeab5cc5c5	45714	95.32189	99.23249
1946e8ad-bdbb-452c-8e50-3d0bc1e71e3f	28614	95.76922	99.32835
1949f183-62b7-481e-944f-64b099fa2417	37480	92.81185	98.94444
194eea4e-2622-47f1-931f-e5584aa06f0f	35136	89.10699	96.42631
194fa4c3-d580-40f0-aa2e-4504da2e463a	24203	94.26372	99.12901
1951bc63-9d87-4e3c-9905-f2b95a0543ad	23297	92.65504	98.48568
1959d7b5-93c5-4fe2-a1df-da92f6648e8a	56223	96.01315	99.04748
195abe26-8501-4224-90e2-b1f069f8fb7d	50131	94.05293	98.99735
195d0b6f-d6c6-4ca7-859f-187587ae9179	25248	90.44106	98.53189
1964b592-436b-4d75-9949-4f8d416d7a1b	40554	92.64147	98.16540
1971279e-0318-400f-9453-5d6a7dc8e3df	45584	75.09958	94.40539
1974d9c9-dc6f-4a20-9be6-7a63aa5912e1	32195	84.89710	97.04282
197a3739-9d0d-442c-bd90-fe9fb57b6f6c	50513	90.07930	98.02057
197dd130-c328-4625-a9c3-eae39c9c96c2	23131	92.86919	98.66724
198a93e9-dbf2-404f-b1c6-de01fc5d0cfa	26121	91.51415	97.25168
199da799-208f-4c1f-8ddd-b56c39ffbe17	59513	92.12666	98.38694
199dd819-7fa1-41d6-af16-9ee7282a629c	37057	92.07373	98.61219
19a00cc8-52d5-445d-a9ea-32fe9c2d0934	27095	93.77027	98.58029
19a11f59-b504-429a-8a38-f2c88c1bec47	27728	94.99187	98.89851
19a4cc52-80f8-4aa1-83ad-b270c7fc3b1f	31493	95.11039	99.27337
19a5ef3a-7bb0-4c7d-b7dd-1b8f07c03387	39713	93.38131	99.12889
19a6e02f-cf7b-4dff-b559-1f7149610e36	15735	91.48923	99.38569
19a8cc96-4e72-4e83-ae67-5d887459ef89	34886	89.08706	96.49867
19b294b9-7b7a-4e45-beef-930aed247643	25848	94.44550	98.96297
19b2eb4c-3c05-4b3c-899f-5e1f3e14e842	27094	90.86052	98.69157
19b3ffcd-6eed-4103-bc2c-a4d0a78ef5d6	24466	95.37234	98.86907
19b5f848-a0e9-4fd3-a61f-2bc557890a67	23506	92.78607	98.59837
19b71b10-5b5a-48bc-9a7c-e466e7675356	46867	88.09485	98.05294
19b914c8-0825-4255-a87f-fe8e8dfb0045	57276	95.47861	98.96704
19ba74ca-98ec-4513-9ab2-1aa320448d2e	27451	72.59215	87.90819
19bc3c62-85d4-4da6-ae52-d8e5b0417c65	37715	95.90035	99.27015
19bc62e4-83bb-4761-9df6-ca8c94055ca1	27558	93.04360	97.18893
19bc7ac6-34d4-4b33-8f53-c6dd1ecb8f66	70679	95.38098	99.32189
19c62482-0648-4763-a34b-923ff35b27c2	44800	95.35123	99.07549
19c6d5f7-0ef1-4c93-8096-04684cd9c9aa	52412	95.90342	99.18508
19c92a88-74eb-4ea3-8c36-80f733e3e953	27711	91.04592	98.56827
19ca4b16-a465-4dd4-9473-57a89481bad8	60586	93.51325	98.62601
19d7b4df-9ef1-4de5-b7e3-a2ffc569848b	22574	95.44838	99.46460
19da3e4e-86fe-4097-a14a-0f8cf424601c	55926	94.78862	98.91774
19e7c27a-7cfd-478f-a28e-2bb8772c72af	41268	86.55823	97.46874
19eaeea3-f259-4f60-8b5f-217e6e98994b	34749	93.39995	98.41324
19eb00e0-e5df-49da-b3a1-fc2cdb91e6a5	26047	91.25810	97.25211
19ec1608-16c7-480d-920e-c8861d4bb650	21351	85.06445	95.69113
19f5c56e-90fd-42e8-87d6-02f288585d87	30733	95.01500	99.00853
19ffe0b9-38bc-4eeb-a560-58f6d33c88f2	22380	91.85497	97.38417
1a04fe78-e2b1-449e-ba70-51e3fa0fead1	17636	95.00639	98.84851
1a05af77-0304-4b23-860a-4de24b2333ad	48083	95.15170	98.80428
1a10118b-d313-4cfc-9eed-76080f1fface	24643	90.03677	96.77801
1a16a9b4-f4b9-451c-a0d3-8630b49b86fe	64757	90.03215	97.89982
1a16ca6d-5616-4aba-a86c-9d57b9695d59	40718	89.27816	97.54722
1a1dc986-f5b9-43a0-a194-eacc3ab446e1	23265	95.22766	98.81516
1a1e9c05-5a01-4c55-9f48-e0769eabf0bc	33489	94.05781	99.13944
1a29eba0-d236-4b9d-8a62-ea455be7fbd5	26618	89.64459	98.10073
1a2d0f3b-c598-4c7e-adca-affb87edd968	44616	95.33097	99.16281
1a402ffd-18a1-4f28-9389-c364e97866d2	27880	91.65971	98.54209
1a42f8c2-1ff0-47c3-a4e2-c523c595a557	42209	90.07257	97.16204
1a453f74-5a42-4070-a341-4eb71611ebfa	35475	90.82147	97.83017
1a4db61e-82d6-4049-9ca8-12ee06423d6d	25898	91.45056	96.77553
1a580903-b07d-4573-8e93-49715dcd6b23	29224	94.86105	98.86344
1a5f9476-ba5d-4fc2-bfda-8e8d6ef8e4ae	23095	94.41139	99.20224
1a62f9b8-d85d-499a-a130-72fc62e9e059	1017	96.10936	98.94068
1a699c72-cfa1-41ef-b68d-7d3f8aae5806	24879	93.32368	98.36209
1a6f91cf-e3f3-48e5-a088-724897b9cfde	29093	78.24501	95.21901
1a7956a8-d5a0-4bc6-b85c-d117e97751af	34409	95.40315	98.68353
1a79f6f2-4026-41c1-8979-154ae9747e92	39827	89.87755	98.72805
1a7b8662-7f88-41c8-ad3a-3295adcd4cfb	26318	91.20907	98.86856
1a84e3a9-9fd1-4e62-8e87-ed83e1b67eb8	24102	86.66719	97.31394
1a8cf7c6-4b65-411c-9fc6-2d1a2a1420de	54308	92.86762	98.58143
1a8d62cb-debf-469f-99b5-10697214b702	47105	92.55970	98.60360
1a8de74c-9697-477f-be87-83ebfffe2927	26350	85.08221	94.50640
1a8f4e87-f053-4a39-bf63-38dd9301a86c	32575	95.79695	99.49781
1a948be5-659e-4f43-9293-3591ac31fd0c	24926	92.65546	98.83443
1a9a0503-4c11-41fc-9cbd-876008808b8c	44951	92.06546	97.76121
1a9a3cd3-3bf8-4826-9c75-16ca4dc5b96c	28332	85.21316	94.35060
1a9f6a1a-bc00-44d2-9867-05f8aef3d8ff	41650	96.03265	99.20779
1aa119c1-dfd4-493e-9529-a0f2f4279e60	32718	95.21839	98.93307
1aa87ce9-6df9-47b5-8362-d171925c9162	51646	88.64092	98.26876
1aaf244c-e574-46fa-bbb5-cd222b01b47c	33006	81.92698	94.16726
1ab24b32-ebe4-4d83-a47f-0dbb45b62063	36445	93.37022	98.11148
1ab3301f-0c3e-4c3a-b812-a316b7845e40	75311	94.60410	99.45794
1abcf2d8-a3d7-4124-9fbe-1edcbc6f7439	47668	77.04475	93.56152
1abeb1ca-3562-4b90-8a4c-42bc89a6de1c	29009	95.90169	98.94337
1ac30b83-de1a-4e76-9ef5-7f8a8374a70a	29851	85.27613	96.95144
1acb0a11-ee2b-4afb-b4dc-85064d620976	22955	87.73631	95.61528
1acbf4ed-e57c-4c20-8833-2d89972e14f6	42433	94.72906	99.06881
1ad5dfe7-bbfc-450f-b3c8-b2739568ad34	31000	95.82420	99.28399
1ad63a6d-4c40-41d4-aa41-fdf89ff3d4e2	36520	87.44413	98.07418
1ad987db-c890-49d8-8c56-772c9bb17094	30055	87.23384	96.44134
1adc0791-fc05-4571-b90b-f317558412e7	25834	92.93828	99.50162
1aded54f-42b1-4d52-b6ad-d4238a8598f1	29392	90.32561	96.71520
1ae40410-3541-4315-afbb-607f97eb109a	31733	94.70416	98.92439
1af00674-a965-41f3-b561-b67b3891ab46	26560	95.75776	98.90200
1af12224-74f3-498a-a9d9-5ffd0cea0479	54488	94.35495	98.84828
1af2eab3-e726-4e1e-ad58-a4ed544a2dd0	26494	91.02392	97.51180
1af3a080-22b9-48b2-9fd2-9c79fbb60d6e	56273	94.35293	98.91572
1af3b2ae-c49f-4a65-97d8-d296e935d377	19757	86.37953	96.23021
1afa7d60-1d89-4d3c-b439-8acbc17cffbb	10402	84.73062	96.63183
1afc237a-30a9-48c1-af1b-4a9c077fbc9b	33203	90.76901	97.84105
1afd661c-3502-47be-b5d8-a8f96510d73b	35777	95.07142	98.66254
1b0198a6-59bb-4369-b157-af14c292d4ae	34426	84.58449	96.80104
1b028120-a68e-4a78-ac54-63ad94665a0e	18439	83.56751	89.63819
1b04b4e5-c59e-4b9b-bda8-0619232219fe	26498	83.78975	95.56335
1b10c313-4d02-451d-a204-bbbff3eeb4e6	42895	93.67790	98.56117
1b1575ce-c41e-4db8-84d9-bc94644a875f	30530	94.40391	99.31817
1b158e02-54af-4dcb-8bbf-98c75d8edb00	26790	84.11424	96.15829
1b16d1e5-7c69-417e-a8c5-c3308d8374b3	35993	95.21913	98.94192
1b18492c-2fce-4ade-87db-9a4f332cd5ab	20625	95.21479	98.83302
1b30a0c1-28d0-4722-b7d6-063fd6d3510b	22414	74.30855	90.71149
1b358165-28aa-485a-a286-071c85175f0e	24053	79.63047	93.25908
1b3ad899-4a81-4f8e-830e-38693195bbf8	27011	91.49089	98.79226
1b3e16a2-53fb-4fc8-a404-245158ec63a7	31634	86.73862	97.56693
1b402c5f-4901-48e7-8cf0-7066b9c8b3bd	33316	94.85965	98.86668
1b41bc3d-3b1b-4904-9c4d-beec7903a917	37903	79.50483	94.12967
1b45664e-c1a8-401b-ad3d-8499effa6d00	31818	91.80496	97.59518
1b4827fd-befd-4dd3-b480-83b58d57a5e5	32305	90.83241	98.65875
1b49be8e-162a-4e69-b136-f4c69b09ed30	45478	92.84022	98.42808
1b4aead0-1da6-4a0f-bc05-cadbf298530b	35277	95.95427	99.19759
1b4f0bf7-2a09-48ad-a2f4-34a6428a5d79	28120	94.39376	98.80529
1b4fabc7-9dfe-49c5-91c1-796321a5255c	22539	91.47224	98.11938
1b56497b-0c6d-4e6e-854f-17ab816fa10d	55591	91.39158	97.75210
1b57330b-99d8-4b2a-9c07-2cf7f8f2ac00	24705	86.08593	96.77648
1b582710-7444-472d-b81e-6fc061c16bb8	44844	86.58887	97.29612
1b5cbc6b-4b9c-440a-8a1e-7fa05eb88bfa	54463	92.97534	98.87518
1b5fe90f-4181-40bf-99e6-652cada7dd11	31479	81.22081	93.83967
1b6ab852-fcfa-403c-9b91-83bd94db5dc7	36835	93.29894	98.82511
1b876f89-96aa-4da8-9fb8-9d2966b2b55e	24755	93.58919	98.71969
1b894859-10f2-4d5a-a67f-aa7863d281cf	29121	90.70244	97.77007
1b8d9a1e-4968-4fff-907d-954d63ac1395	35184	94.73596	98.73717
1b943c58-ada9-4b88-8995-185881f8afe7	26321	89.05629	97.75402
1b96cca1-39b4-4705-8c04-0e32469e6054	59291	89.25779	98.62685
1b98040c-3e50-4399-adcd-10fa71545157	26389	94.97489	99.11841
1b9ae27c-1209-44b9-ac2c-f80a14bbba61	53696	90.68954	97.93517
1b9d5fc7-532f-4193-be87-2a519b769284	26264	94.65666	99.04675
1b9ea176-325a-46a1-a63f-8a1e7c19a970	23034	95.22410	98.64569
1b9eaeb6-9143-48a4-900f-55e2a82a31d4	26500	94.40246	99.37937
1b9f8a71-8859-42c2-bc62-f1faba8161e0	59664	92.28798	98.09764
1ba22725-6789-4bbc-a872-3b24337ad10b	34590	95.27431	99.51522
1ba68ff6-a3c1-4b51-8c04-1dae03ae379b	38384	96.42021	99.51676
1bc4c872-13aa-45e3-b4fe-450db03cda0d	41991	96.04638	98.98694
1bd73ff7-d8c0-45c7-a47b-c0962a7eefc7	58513	94.71213	98.70259
1bdb3e83-a568-4dd7-b18e-ed182ca074cb	33164	86.98029	97.93506
1bdbad3a-ba0c-49c4-878a-0af7618b7851	22742	89.11307	97.36695
1be39f9b-fc51-4f00-951f-bd3ac5b862d4	20479	91.35500	98.21257
1beaad8c-78dc-4be5-b88d-9806ee49feb9	38783	91.33884	97.46211
1bfad027-aee8-4ae5-9da7-54df0220cae5	51441	91.47233	98.27626
1c021ed8-bd6b-442b-b1ad-99fa031c654e	56916	95.71924	99.10906
1c07d103-8e97-40d4-a9f0-e2b66097bd0b	32521	91.44182	98.35678
1c08f2c2-f4b7-4cad-bd93-a6a517930d29	36127	82.41152	95.42660
1c0bfb59-d6ff-47f2-ba68-6fa92c09c126	71281	93.72210	99.03732
1c16e355-4195-4397-a959-1745df868955	41772	90.26930	98.14043
1c19a7b2-b534-4bdf-8d0a-b1e4c18d3ebf	25327	93.52968	99.26499
1c1a3fc2-72bc-40f6-843d-da948e62a0d4	37793	95.22757	99.20006
1c1b5b45-c75f-459a-9f5a-b5401528e963	41230	91.05314	99.03436
1c1e1e7c-e5be-4f7b-bbff-61348e7ed08b	31998	88.09453	97.37718
1c21fd3c-555e-4615-9767-3b6c6a0994a7	27288	95.67117	99.25899
1c25efe8-9f99-4b5c-945e-e071ad3b7b2d	31284	94.68782	99.05966
1c28eb7a-d893-4887-ae94-7acbd3e6951a	44287	84.18471	97.06658
1c43b376-c139-4c12-8c57-515c2e6dd137	29779	90.23132	99.18452
1c49d7c4-dcb9-4362-9c2d-9fe07e6b3fdc	46827	82.09024	96.64137
1c4cbb58-8d2f-4af8-a48e-e416357ac323	36830	87.16080	97.82632
1c51a0a5-40bc-4d40-8299-c9e66608ac15	46653	93.77380	98.88931
1c59d977-31bf-425f-b226-044ab7e81792	30054	89.50830	97.91313
1c604b9b-9bbe-4dab-8c16-4649761a79e4	28309	90.28981	98.69553
1c699dde-b53a-468b-aa1e-5f67e08b95d1	50118	93.07933	98.75081
1c6f6e8f-868a-437a-8801-d409f6f20d8a	8059	94.13287	99.31216
1c70b3cd-161c-4353-8428-0c50e63e6a40	34499	89.61857	98.20801
1c7a5c26-a632-44f5-9dc3-33eed899b1a5	33306	91.24812	98.14952
1c7b8d4d-9f38-40a0-8fe9-902cd7e0413c	24610	81.67622	95.88977
1c7be999-c3ab-43bd-a24c-d73c9162727d	71233	94.34425	98.71409
1c7c72fb-bcdc-4d67-b267-5b63d18bfc38	22182	86.80687	94.60849
1c83b585-fb33-4d37-a7e7-996ebc567c8d	43263	94.58688	99.09375
1c8bd50e-5a3e-42ae-a6bb-26fd6df0f040	21698	87.24523	97.51973
1c8ee47d-b06e-4e21-9aa0-a0bfd62b56b1	42351	82.67132	97.31896
1c960563-f363-4b26-9754-b7a43c54dbef	28755	91.79549	98.43079
1c9830ef-cc32-4ec6-9f53-16c5b39bcb44	30670	94.61958	98.69652
1c992f37-c3e4-43dc-8f68-f73134b68476	22619	90.31957	97.15284
1c9e8179-5e94-4875-9d63-3f3defd6cb07	28773	93.37948	99.00249
1c9fff79-a440-4379-8e0f-edc3ad9f70d1	23587	93.20942	98.58659
1ca10356-d8ef-436d-abd3-e880d4c85faa	32339	84.33267	95.50921
1ca2fc7d-df1c-43d7-a4d7-d3e9986b0b22	49449	83.50333	97.19026
1cab0ee4-6625-4a62-9b6f-8c1e59cdaaf7	40310	95.54505	99.04490
1cb7ec87-0c8d-4335-b20b-4ce369b011cf	26323	89.34056	97.99836
1cbb5cb5-3c49-4479-8c3f-aa6d64c8e9d6	34351	83.27642	96.19632
1cc2226d-0662-4f55-a6ca-7825b2f7c675	23804	93.89391	99.04841
1cc2b390-f063-4389-acd6-2964bc8dd710	45306	89.73742	97.31131
1cc54463-df34-4ebf-b5e7-35400a361c09	419	87.17340	95.60976
1cc887d9-d9c9-49f4-9a79-80e9270f9e93	51996	95.24142	99.15390
1cc95b93-88b9-44a8-a18f-72c77a12bd0a	24495	89.82227	96.86694
1ccaa4f6-bb88-4030-94d0-1c4896510a75	27342	95.58712	98.98322
1ccd0df9-eba2-48c4-a2d7-f5466c22fcce	59180	85.97449	96.84559
1cda33bc-3099-4f46-9bc5-dfb0b70f1467	23709	93.53902	97.89085
1cdb12ae-83d7-4203-9285-865941fb9a3b	52281	93.42699	96.95883
1ce2b30f-cefd-4d21-8115-1a83de16f036	56875	83.34613	95.81589
1ce3158a-c161-4b22-8310-69874a77ed05	24081	91.57857	97.99143
1ce53d96-4a59-47c0-a158-942ea36ac957	34979	84.77579	96.59431
1ce95948-4d0b-42ee-be13-3831b100a31d	26646	95.54105	99.06796
1cefddba-deba-41ee-82b1-7e88668f5310	23349	86.90591	96.26810
1cf01e33-76f7-4d0f-b49d-0d8f93287163	33107	94.23854	98.55574
1cf8ba2a-430f-42b6-9c5b-65a70ca28a4b	54257	88.56075	98.10719
1cf95c17-1aa7-473b-b944-f445ae74a9be	34935	76.73094	88.54766
1cfac524-371d-41fa-b2bc-b1a32ff2ba79	40834	90.63684	98.78957
1cfb5717-f455-4176-b9e0-d21097d26309	61391	86.80615	97.84167
1cfb6808-fe96-4ce0-a8c3-26f6c849aa82	35261	90.68674	98.77747
1cfca0aa-47b6-429e-9742-6ad11a331023	46426	94.94913	98.98574
1cffffdb-0084-4957-b875-1f09af2fd659	39876	90.92204	97.87067
1d037994-4b94-4ef4-b453-6b64e4e060f1	24798	88.38857	96.02425
1d06d17c-1d17-4bbb-b223-6b0189d988ae	45743	81.29372	87.80880
1d07e226-faee-45a3-a595-f282ab960764	47646	94.06570	98.37859
1d0ee47d-ecd1-4f9a-bee6-b23d3d99fc1c	27077	93.90442	98.66253
1d0f8560-6e8b-49a6-ba27-7bfa0d12f95e	47535	91.56030	98.73863
1d15df10-eb3f-44d0-9dc6-ed39a10bf564	42722	91.98971	97.91719
1d16967b-e763-4e6c-93a3-42f05caa772e	26821	85.10197	94.91814
1d1b4cd8-7b9e-4bb1-a69c-0337dcf646bb	27128	94.46673	99.08744
1d2a23a7-b7cd-4eec-aba4-2ba36701b716	16298	89.47430	98.58156
1d2c0942-551c-4f63-bbe5-03714dbae2e1	27109	89.41555	98.48485
1d2cd23d-418a-4ef3-b078-cef79a9fe32e	22342	77.58572	93.87393
1d39084d-8384-4ab6-8002-8cf2e0e89a37	38486	95.41500	99.12258
1d3add20-32bb-4520-86bb-abd4d6f6d872	33288	89.41799	97.43891
1d3da374-cec3-435f-91a9-b36865e1bdb3	48785	88.01582	98.03119
1d3dc690-4d07-4234-8bcf-2f7449da9b63	38887	95.05253	99.44413
1d49773b-3987-4bb7-8e76-401486351fbb	24865	93.47390	99.14735
1d4ba06e-2cb5-4a94-ac3a-b66529ed6596	21995	77.03792	89.99588
1d4df4ca-0edb-4153-98f3-85c3ffa0f3bc	26711	74.98514	90.99515
1d512044-9a0a-45af-af91-c8da82ab6927	32479	85.68762	93.81569
1d512545-3d20-4e4e-9b82-bf1626fb20f9	49495	94.71257	98.99625
1d519654-82a6-4c25-a787-ccac2b25e628	31800	95.73009	99.01364
1d52857e-ef7f-470f-bc1a-4dfa643705ca	18483	88.58264	96.82914
1d57533c-3b5e-4866-9d4f-492c7070637e	40623	95.10927	99.15623
1d57fb06-d3d0-4bcb-9f15-7da2a30a4be9	42995	94.62217	98.69604
1d5ae9ef-1493-438b-80da-5a9f09ccc4a3	22243	87.74607	97.94708
1d5b78c2-bada-4f59-8b7c-477852fb815d	59907	94.14229	98.85403
1d5eef08-346b-41a6-aaa1-d487b95ca366	25532	91.08516	96.41951
1d5f05f2-70a0-4418-b897-4028d5b7f26f	29587	93.66498	98.19634
1d64ca4e-1f61-4bbe-8f5c-054c2b17b347	22530	92.69899	99.00702
1d65b172-53be-4062-bb1e-4e6bb5058e1a	27294	82.73696	95.44817
1d65cbd9-8d94-458f-9c9e-1b8ec259100a	43109	84.40305	96.05995
1d6782c9-99cb-46f4-aba0-9df53c77e32b	32479	91.33630	97.13446
1d684bd8-e1b7-40b6-bb16-d41edcea608d	35424	93.56209	98.31961
1d6b0ad2-c7b0-404c-8a31-2841448e3119	29629	92.94931	98.49484
1d77779c-2bd0-438e-8034-d9e86b16c049	27342	95.27410	98.76637
1d7bc205-0fb3-4e64-b835-4917280bd35c	23509	88.20829	96.39532
1d7ca5b7-99d2-4e63-bcf1-4b5e6846b681	58762	87.55495	98.50388
1d7f9922-9ae9-4220-a197-9a3eaea5e55c	25675	88.04288	96.61100
1d828862-1b69-4652-8af3-d69bcf7da129	28278	88.35480	97.35525
1d8d4077-537b-43fa-970a-d46c70a9014d	23774	83.66221	97.67509
1d8fdb8b-670e-4fe1-9215-5253358efe85	41399	96.16152	99.01137
1d923150-62a0-42bd-97c4-f05770b1f01e	10438	92.55299	98.76674
1d9343ce-89ec-4b4c-b5cb-2ddb3a6dfb00	59147	89.69158	95.96861
1d9afcd2-bb31-492e-9ac1-1a4d055ac84e	23239	93.33556	97.98578
1d9cd5fa-f009-4642-8e0e-c0dc6c1a56ea	35628	95.09329	98.97874
1d9d73e7-b049-4a47-84be-9110ab98e237	22524	95.98162	99.17797
1da2fd63-2dc0-4c17-8bbf-53b0a494d395	26957	94.54056	99.03099
1db2dcc5-3524-48ad-a805-2f305a069efa	41094	87.25159	97.93805
1db90985-3a65-441a-a90a-8b30b1a0a7f2	41945	94.32452	99.27684
1dbbc8b4-0f8e-4c16-b039-45711af4a69f	24063	72.61865	94.44291
1dc2787a-2468-445a-97d7-50edd3602fb3	25875	87.45877	97.40952
1dc5746c-a889-4fa0-8e81-f822b7e39476	34284	91.95886	96.47381
1dc7f7a4-884f-40d7-b968-b1a33b1393cc	51962	88.67817	97.13927
1dd57207-7e88-4e26-9f6c-994c2a3e0fe7	52159	95.21291	99.18682
1dd592b3-9d44-46da-a194-927191b77875	23327	88.47516	96.64296
1dd6347d-35bd-4390-a2e4-5427ee873f49	39615	93.77186	98.91187
1ddc492d-4b91-48c8-95b0-fc08eb02a8b3	23559	94.74034	98.58924
1ddd2698-c43d-4311-8b48-fb341d2f4d47	26964	95.00822	99.54089
1de13e53-6164-4356-829e-e1e15785cdfc	48478	73.57090	90.30107
1de514ac-877d-4119-9765-675d405f3414	22727	71.89792	78.54986
1de89362-f79a-479a-be64-28ebe155e19c	23100	93.86259	98.97129
1de95d0d-8de6-4dd9-969f-3599e71ae25c	37245	95.48815	99.08502
1dec8219-4564-414d-bd3f-fe6ff9369418	25171	78.47746	95.37601
1def325d-8ab7-46af-901a-d1342299f961	59957	94.83264	99.43080
1defbe16-d19d-419d-b62b-82b35347930d	45455	94.49545	99.06516
1defea4f-d6f5-4b36-8096-e5b2a8dfb0b2	43998	84.50183	94.13584
1dfd0a5b-c205-4277-9be3-cf55b4c327f3	47789	94.38367	98.53214
1dfd49e8-6a2f-48cb-b932-35861064411b	47080	92.46687	98.01365
1dff3dba-d616-4752-8ab4-5a3528992826	44219	88.76875	96.55610
1e008728-a326-4186-97af-df8693c7a10f	26971	95.83910	98.83849
1e042600-d144-41e0-9713-55af4743b7bb	27179	94.87969	99.44900
1e085467-430f-4a96-a057-93f242106917	23724	90.23737	97.80484
1e10fac0-bf36-4961-957b-a5483fb0c1ab	42722	91.14242	98.52133
1e1a88d1-535c-44ee-a1c3-6be96fc5438e	22999	84.75290	93.19346
1e1f1e89-f064-46f1-9d80-a7974dcfbf13	55180	93.60564	98.63178
1e20db73-ffd8-4145-85f7-d7290b4dc55b	31725	92.90717	98.74903
1e214648-73fb-4621-b6b8-8f51b744f276	26314	95.33090	98.81145
1e2182f5-0c73-42dc-a545-e498bf9ac774	37141	93.56575	98.60793
1e2b8363-03a6-4ed8-b7c7-06972830a21c	24593	83.76812	89.10096
1e3121c7-3b86-4007-bc2a-a6f2517d5c42	56704	93.91701	99.37852
1e34d5e6-bf83-426f-84f2-8a0561c01058	43441	89.34292	98.25222
1e379f57-7ef7-46ce-8976-d66799021637	29176	93.97925	98.97633
1e3822ef-fa60-4efd-a973-e10eef18c730	33101	90.71945	99.04548
1e394811-ae9f-44d8-b1f1-e7d6d692e11b	28199	90.58380	98.54097
1e39b2de-eec0-4876-b1a5-705a09833358	30755	92.30987	97.61079
1e3e0412-0674-4b12-b65a-6f64bfb95a5a	35319	94.33041	99.11131
1e428565-54d9-4902-813c-141385ba271c	28848	95.33784	98.78095
1e50bf16-f2a1-4869-8643-46f119c097c8	23499	90.29419	97.55580
1e59549b-9863-4a62-b632-1d2914eae801	25206	91.07963	97.09826
1e5af783-033a-4848-91a9-70f9087c18c4	23267	88.83341	98.25335
1e6388e8-6ddb-4499-9e1b-d0eb7d951a75	57774	95.88010	99.18854
1e701e8b-36e0-45cd-ad47-6e61ab9de2ea	45943	90.13195	97.42163
1e70c3af-d825-47ac-9527-7188e2674c78	43163	90.55132	97.33210
1e728b03-92be-42c5-a1b6-3916a47620e4	41329	85.65325	96.47527
1e735af7-69f0-4aab-a98f-a2cca2604b66	40125	95.69406	98.83061
1e78a62e-e266-4254-8817-af5aa071b344	31964	93.68214	99.49136
1e79b3ee-edf7-42a4-86ed-f564c142be82	23430	94.80759	99.12977
1e81a7b6-81ee-43d9-a8b1-3d5715b601e5	30410	89.61232	98.20012
1e86baab-d33c-4294-b21f-12366ea0cd32	31725	86.45973	96.94490
1e88e619-47db-413e-8793-329e53e93dce	30324	76.70456	92.97104
1e897324-1fce-40e0-80c8-96075afa5ba9	50523	94.27001	98.43521
1e89a5b8-2108-4a6c-a92a-660bd1b45317	112185	90.13995	98.36270
1e91dfad-14da-4614-8c45-2eaa2ef03e0d	24851	94.47947	98.83948
1e94d371-fc02-4bbc-a55e-9ab6f85e0867	46817	94.65141	98.89547
1e97127f-4d89-4faa-803a-3fd007149d68	42957	92.75685	98.84432
1e99310d-e31b-46ed-9224-ba165735b7b8	43702	94.61054	98.97155
1e9c14be-3ad1-4dfe-8c40-cef759d70b67	22195	90.90753	96.55985
1e9d57a4-49ea-4854-a218-13fc12d72e56	25759	94.85649	98.69321
1ea01d13-2676-4e98-8b79-cbe7f30e857d	57791	92.79182	98.85550
1ea125d2-d985-4d92-ac67-da957ce90e8d	60448	94.76168	99.37293
1ea3033a-e337-4080-bb1e-3b45bff03fc2	43236	93.44381	98.98146
1ea3093c-7636-4da5-bdd3-6c179f4b006a	28593	89.31493	98.11282
1ea3c54a-bf79-47da-9860-2f228d4fc068	27460	95.19059	98.56351
1ea5796d-64ff-4e2d-94c5-aba3e3709f09	23046	93.36741	98.54985
1ea8e838-4564-4454-a8bf-82d717ce0a86	24513	95.63070	99.06345
1eaf50f9-e62f-4b5d-b414-5777a9329826	30542	94.04384	99.29577
1eb1f8dd-e04e-4521-8714-56467dda4d15	24715	92.62662	98.50054
1eb3b183-10fc-4711-ab18-5bd1e95eb06d	38200	91.66058	97.79202
1eb52d85-92bd-49f3-9eb6-37d5511ac87a	33167	94.89301	98.71910
1eb69ce9-a35d-4585-999a-e446f06bec6d	65271	88.10048	98.54235
1eb99939-131a-4c4d-93de-ce86eb51fe3b	89215	93.61085	98.48485
1ebc3f6a-9d1c-4f3b-9cce-acc23d779941	26122	93.71097	99.01551
1ebddcfb-e1a3-4927-8b4f-de2a93089fd3	26950	90.43710	97.32908
1ebeb1d7-8b73-4754-81df-a64d4b6780b6	41475	92.43554	98.35111
1ec9e7cb-6de4-4da1-94f2-91e869a0439f	29120	94.17238	98.95436
1ecb6ca5-5358-45c6-8f98-0737f734009a	32417	90.68758	97.43969
1eea888a-28c0-4774-8f95-a6e51b98009d	47322	95.39674	99.03580
1eebc960-6b70-4779-84b5-ffe2bf9bf3ee	32333	90.31679	99.19663
1eecd617-b78f-4935-b820-6217f6231e34	39025	95.00201	99.00628
1eeedb61-3028-47fb-b837-3cd3e6307bd5	22193	86.45449	96.28823
1ef140ef-85c4-4b0e-af5e-07b65232a7a1	49022	85.73883	94.92551
1ef17e81-bb16-451c-af45-950846b85ec8	38834	86.92014	97.62565
1ef24454-7693-41cc-8e65-e29d81d7f933	54581	90.23751	98.74796
1ef2e270-006d-4273-8fe7-cb7384b62134	22174	85.17917	94.35779
1efd6733-3b68-4774-a283-82a0134509c6	29354	94.89616	98.52570
1efef675-f2c3-495c-b0d1-8d6db2edf84e	22046	83.78045	96.58101
1f029041-c138-4845-a49a-f0a4dc9d8b12	27789	91.01002	98.77036
1f08e35b-e66d-41b9-a849-d5bd280a304f	50158	95.36727	99.07992
1f0bcb2c-e2eb-4830-a511-d347bd09c735	32186	87.76516	97.11067
1f1062da-0fbe-490c-aae9-a4f78806a949	37195	91.51752	98.05776
1f142845-88e8-491e-8be5-2c487fb41afd	24596	95.21604	98.83791
1f1611ee-df78-49d2-b942-971533bb878f	33570	92.44965	99.15056
1f1743ac-80b7-4fdf-9a9a-f07845a677c4	32176	95.76660	98.97629
1f20cde3-ec5a-427d-891d-499489f947f0	60556	82.43191	95.80077
1f257c78-5f94-4847-b9c3-72cd2f64b7d7	27289	95.19988	98.81506
1f343469-2018-4fef-af49-5c21bd130285	25994	90.68385	98.08611
1f36c235-c163-436a-8464-963739761eaa	22345	94.07791	99.26457
1f3d7cdf-c153-432a-9c7b-fa5a606be7d0	59143	89.75959	96.14765
1f3d883c-ae72-4e9c-8c50-2460b3c5b7dc	26059	93.72405	98.47618
1f3d9e5f-2fae-4fea-966e-04e5c2e50354	24179	93.65607	99.27906
1f3f60f4-4895-467b-b9ad-7a7a9ee7493a	22387	96.06209	99.31879
1f4301d5-159b-457e-98f8-15a8172edb6f	41578	92.93466	98.62851
1f4554af-99f5-4960-b444-6af83d0becd5	52428	92.20062	97.96755
1f459e36-58be-4301-af01-93c7f76f7479	27167	88.56891	98.28936
1f4961da-a503-430f-9690-fc8f98458142	63876	92.70494	98.91011
1f4affe6-7a84-489e-b235-b6b1be083ffb	62470	95.34142	99.07579
1f4b2c0f-243c-45be-9965-fc9c4b3a6f2b	37277	95.01949	99.32183
1f4dace6-153f-4c50-835a-0c6b5b604d06	39139	95.55611	99.01412
1f500b50-4fec-4f2d-944b-8c000f840d99	37419	83.99110	99.05984
1f5999e8-389a-4734-bd58-0af1ac3dd4c2	36846	96.51615	99.31638
1f5f2ec9-a9df-476d-9d78-ee765ba9ab03	32063	95.40863	99.00984
1f605ed1-a127-47fc-9fef-fe80c1a5be9d	23515	94.89787	98.85719
1f6b9d1c-84b2-47de-a240-cc672468d476	40166	94.18963	98.39462
1f6d8891-1daf-46ff-b53c-a2f8812ab65f	27727	94.96416	98.74290
1f70408c-75a7-48fd-b7c1-304df55aa94c	40442	95.56874	99.44096
1f73c91b-d4c9-4900-b8d7-3c23e68b2eac	22799	92.48722	98.30391
1f75cf52-9362-4d43-959e-931a09ba26da	33464	91.39145	98.27952
1f77955a-b911-44a7-8da1-23e6feacdfac	40873	89.86542	97.04987
1f78400c-6417-4990-ad2f-f162cd77d2bd	36095	90.04626	96.37381
1f82c63c-0d3d-4861-a97d-2971e8b45cc2	31524	94.98021	99.17058
1f86af03-119f-4615-b235-e2d289f73152	79379	93.30333	98.27543
1f878216-290f-4e04-8b8b-7e8502543067	43430	86.36383	96.91706
1f8b5fbb-5e99-41c0-bd21-2a53e4b21308	32480	95.90482	99.16786
1f916697-d5ee-4441-9205-950aac36c569	28276	94.93929	98.56658
1f93ebfc-cc4d-4f53-a93c-10053f81d660	40887	93.70375	98.49622
1f94d25e-1476-42d2-a538-fd32539f9629	15546	80.60314	95.85576
1f9588d3-82dd-4836-b6f6-31dca490c2a7	28316	91.62553	98.76517
1f99de7f-1e17-4475-ba64-d66434173be8	35179	80.18369	95.41165
1fa3b0b8-73a1-4cd8-9258-01f0862ffd62	27313	84.65484	93.95466
1fadf456-30fc-4e89-a76e-b5b5c9e600a1	46936	92.10173	98.73314
1fafc313-b230-486e-b233-6e2aff774d96	32683	94.23244	98.64460
1fb1ec2d-072e-4d7b-8629-3f8fefe41c22	23386	90.28090	97.23729
1fbc6681-a631-4a10-be6f-0540f28cb135	45059	95.13597	99.14232
1fbf46d7-6155-433a-8e99-78b9d26cdf98	27699	93.28757	98.62133
1fc899a8-af18-4586-b49e-4717369d697a	31351	95.93225	99.68443
1fcccbbb-bf03-42c5-82a1-2f33da486799	23338	92.57511	98.87330
1fcd01d8-c1a5-44c2-89a9-ae11ab567542	26843	88.58860	97.96516
1fcd73a4-8293-4561-bd21-84909e5b3dfb	58349	91.83076	99.43493
1fcfe54b-dc49-4fa1-a48c-156005757d2c	42312	94.79916	98.79986
1fd9f75d-6f7b-4bf2-b032-aa378906c8e5	46092	90.82053	97.36636
1fdd08de-5285-4d08-9209-94e9d0dbded5	33856	89.30082	97.55992
1fe20d41-2c96-4435-a17b-1e0d10c5de66	32257	83.43207	94.72506
1fe31db9-aa53-4aff-80f0-f8b6cca9ccec	37289	93.45388	99.12860
1fe5a640-bc19-4d09-b46a-05d6f316c338	24019	87.60453	95.39996
1feb7abd-e872-4eea-be5d-9c58b97f0b14	35308	93.41754	98.44645
1ff27114-5561-400a-9a55-dc7682ac6b5f	64773	94.95775	99.09630
1ffd3645-725b-4f2c-b928-eecd91c52cd5	42501	84.17781	95.40019
1ffec758-7baa-4d14-90a2-59748613dd1a	29994	95.25821	99.19424
200a5992-3fb5-4f2e-ac65-d8a215346945	39313	92.01273	98.66952
2010ac16-a877-4a30-b020-4207058710ca	37101	89.00096	98.58288
20154f04-89aa-4fc4-9d82-12f1fefef827	45472	95.96537	99.18932
2018276d-a010-4232-81d3-7bc0b6ade0ec	23586	88.32193	96.76954
2028c1f6-4788-4b27-9365-92babeee2291	35152	95.73747	99.50919
2033e436-caf6-4f58-8407-d1c848f38087	51477	94.20477	98.94492
20361e3d-006d-4d77-8d98-58423b95a909	35738	89.05542	98.01645
2036f87d-71a2-4455-9b58-868e1e82d137	22217	82.13635	94.67962
20392ce2-369d-4de2-80ca-c76f6c4dbc1d	27873	95.51918	99.28235
203a214d-139f-472f-88ca-7c0ac33f709e	25818	87.57471	97.82592
204610d8-c703-496b-ba26-242249d34517	23863	93.21028	96.92734
204baeb5-0fee-4fe5-9ceb-2b12e75f575a	58843	88.32321	97.37732
204e6af5-25fd-4c51-a57e-025472ba6bd4	68256	85.34915	96.74567
2057dff8-a0c7-470c-9f3d-92790309490f	56378	94.72416	98.64240
205c014c-ace5-4edb-9cdc-f541af3b634e	25332	90.25437	97.96901
205f8bb1-1ac9-4186-ab97-00254ba1b52d	22821	91.27363	98.86814
2064b74b-f42b-492a-a161-c0dcc2f24eda	21997	84.05246	96.46478
20666698-dc02-4676-a0af-4d9829c85e4c	50712	91.26739	97.99079
206c258e-ecc3-4618-9e00-3f2017f5254e	33016	91.08711	98.43320
206ce791-55a7-4efd-9867-5dcbf7bcd275	24260	88.35138	96.74579
206f9e4b-6427-4c2e-a06c-37bdadb20b88	24901	79.80520	93.36669
207101e8-1928-43ca-84c2-dd26613a0377	28530	92.41664	98.26009
207aacf8-b29d-4ffc-a55c-267560801c51	29849	90.70575	98.92370
20805366-8cd6-4571-96c3-ca3785188810	43163	89.72876	98.01825
2083a611-525f-4ca3-8613-eea31a9c4b32	31400	95.51216	99.11101
2084ee88-3d58-4b47-a561-957cd472b09f	78107	93.37202	98.88103
20853971-6413-4856-be3d-ecf198712ece	31934	95.31754	99.04016
208657ad-f131-4b33-9133-7af746ef0f19	52608	93.37951	98.42216
20898ab5-f90b-4dfc-823d-84f67fe3e861	26522	85.49658	94.37022
20899a55-09ba-40c6-8940-f3e660f4835d	62853	88.93644	98.30177
2094a916-21c2-4a3d-a306-d4aab9a75e7f	25686	91.27077	98.46645
20983322-c046-4788-87ce-73ecae77cf0f	28779	76.06277	92.39071
209916bf-e3a9-41a1-a864-1f893a00ba5b	26389	87.70691	96.33266
20995005-103a-4c54-b7ad-3687adeabc88	41638	90.24172	97.22743
20a9131c-4abb-4d86-b9e1-8b20d37db445	27864	93.84945	99.03671
20aea916-54f3-412a-ad85-4c0425bf32fe	52925	94.77377	99.09809
20b24040-f271-48a9-b58c-a127bb2c8108	25448	85.33000	95.37054
20bc1f62-dd90-499c-986b-5745f7f12728	33251	93.90770	98.99062
20bdc093-dda6-4fa4-b631-438fb93a28ef	30825	84.91445	97.48673
20c656c2-5497-4fcf-a6f5-73c1310a40bf	36848	95.19960	98.84418
20c8ca06-c035-44b5-bd87-3021dd946dc8	62624	95.29221	99.45951
20ca4beb-53f7-4e73-b1de-1e34cc80886e	35166	94.80813	98.91739
20ce1601-9ac6-4961-bc7b-e757c6ec8f6b	43847	95.16154	99.06055
20ce7771-7679-4580-abe9-2639af374060	34319	90.32122	98.65913
20d40767-7f09-4fb7-bcf9-8a68a2c74367	22735	88.99762	96.80356
20dd81b7-b72c-4853-856f-e1ba1a2bee97	23124	90.00042	98.84175
20e6c139-be83-456b-aae6-38309013775a	26944	92.45690	97.93589
20e704c3-ce79-4248-b788-4a572af8d43f	39459	84.72262	95.98995
20ea3f2a-d2c5-49a7-adb7-5819b455f0d3	25873	85.04612	96.41428
20ec18ec-b388-4948-bfe1-9b71a0e44835	46380	88.80079	97.77276
20f4c979-6497-420b-b749-fc7033339b28	27315	91.45869	96.29250
20f9af1a-1647-4b19-a553-ea64f183a7e7	46722	96.00911	99.32281
20ff8714-4dc7-4a9c-8d35-8c5d97ae5dc2	30897	96.13080	99.14109
20ffc628-d236-4cca-b5da-42c40ca4c202	25518	85.55806	96.98473
2103003e-e958-4688-87a3-379ac9009a27	39963	87.88452	98.53872
2109fb3a-f7b0-48f6-87bb-051b5d6135a8	37862	94.67612	98.98323
210b4e9e-ee35-42ad-b08b-2d8bad5db31a	35662	92.66790	98.08413
21156477-5165-4ad5-a481-2d77b63336eb	58638	95.90010	99.45147
21180ca0-6f28-4161-b555-0fa0dc40e939	23127	95.06671	99.19091
211af569-b405-4e78-84e6-e910295d2853	33878	95.68818	99.30370
211fc42f-e160-42e5-b155-0d3030bcd124	36272	94.88079	98.93661
2123b305-d2fa-4f04-a00e-47b091ecc629	41702	88.93640	95.87980
212a8c1a-0431-44cb-8341-55efa8838a4a	23687	95.38257	98.79901
21452335-080c-48b5-ab53-66b12a5ac7d6	38644	95.49964	99.10501
2150840e-e89e-4387-b6f8-8181d69dd7cd	34500	94.81706	98.80013
2153ecd9-8444-406c-ac25-af1d7043fe36	33524	80.61157	95.73480
2157caeb-6d83-4699-95c3-1136e5bb9321	25678	94.79622	99.43619
2158daa4-3ca8-4bed-b0bd-417f6f5b35f8	25042	90.48258	97.84474
215c8da8-9824-4837-baa6-c2eb9832b7a9	22939	90.41737	98.40121
215e962f-6858-424c-b6cd-98c329d25fe7	40977	94.72376	99.01455
216cec6a-552c-4f65-8ffd-4a34684f5db7	29919	93.90458	98.61400
2171115c-c397-445a-85d5-a2e1495d2fb0	23714	92.54130	98.75371
2175848c-c0b5-40b7-9462-5b0759b4ec46	32144	94.71922	98.62790
21793c16-b2c8-4277-a5b4-e42b7579948c	38734	95.78059	99.53688
2188e4c7-2951-4be1-b869-52134e731222	41728	93.74064	98.95234
2190966e-7263-4fcc-bf51-424594a3e62b	48579	95.41262	99.24290
2191533f-bb86-4f76-ac62-424301a9c119	36238	81.24858	94.13789
21963cd7-ab43-4bf3-81ca-fdd6b2db490c	38244	89.47229	96.57363
219ab412-8fed-4b14-b4a2-6c6596c5f1f4	36322	95.50410	98.96226
219fb98d-d365-4617-aaed-a63a984836b3	23698	74.66298	92.22391
21a0f3e4-8cb7-4aa3-a0e5-d1e68c974b38	30003	95.15697	99.07028
21a18d09-6531-4d01-b2b5-599d43369a19	66530	78.88871	93.97468
21abf166-0ec8-4d64-8eff-2a22fd400ed5	29820	90.70779	97.56634
21ac258f-102b-4a4b-901f-282cf398ba45	33376	95.17611	99.14527
21ada706-d9f4-4acb-b024-84e83e465b52	50241	95.33262	99.15003
21b2a039-7320-424f-bbb1-3c81ab04a30c	30312	73.17740	91.32735
21b2c128-0c64-4bae-a4d3-600a8f52ce02	22327	81.03744	93.44180
21b3c974-bf09-42a8-bc2f-607630f96f49	49359	86.85219	96.96081
21bced03-07a1-4ce8-a4db-87a9d4237d10	43115	90.79786	97.74018
21bf05aa-d29e-4a98-ad1b-2ca2f51d91f6	46311	90.40719	98.36181
21cd3b3f-2388-4b3f-86bb-5baa2a9b2b6d	25284	87.18159	96.09488
21d472a5-7b30-4e8f-8513-4dfa4e6d8e89	24122	95.11182	98.90942
21d5fb98-32ad-4c53-858d-e70bbb2a7393	34205	95.74431	99.27277
21d7c416-6979-4845-b1d2-f49b7eafd494	47354	94.34829	99.36283
21d88b67-7608-429b-98f8-a496bcad9282	25886	94.86664	99.21620
21dadcde-1301-4107-b009-9bcf67e0d900	22526	92.21221	98.54748
21db5830-cbbe-4d28-84d0-09e8381bd3e7	41400	86.39024	96.40207
21e1585f-1487-4d11-a6b7-069e3ef26325	34572	91.24007	97.08631
21e35426-e38b-45d2-9a5d-bf1753f4ff1a	32005	94.84492	98.18534
21e48330-ef3e-4842-a73b-1cb64bf91f20	27574	91.51245	98.69300
21e578bf-48d4-4e21-bf5e-e7100d00459d	26707	91.75955	97.22760
21e6c9be-00de-465d-8684-7ec7270d6942	29535	94.16061	98.60767
21f0ef50-b30b-46e8-8d0e-c45ffd0bd64a	27428	93.39347	98.83784
21f19233-06cd-442f-8b89-ce511901123c	24554	93.37273	98.48729
21f2be28-1824-4ee3-9b10-191662ad9b0b	51211	90.12245	97.00482
21f32694-bdc2-43de-898b-d621bb11fd0b	40738	94.61352	99.10057
21f5ad6e-36cb-433e-ba69-b503302204cc	40405	94.67886	99.29118
21f8c9d6-b473-4253-87f0-5f68e8891469	37786	94.36919	98.94508
21f9d9e5-8a23-4743-9ee1-09b53325974e	38996	95.61891	98.90227
21fce5ac-5c3e-47c8-be1e-da9c2dcd3e57	41210	88.23948	96.62845
220b60f0-4b0d-4347-bda9-b590421c4a99	34228	91.44997	97.24360
22125bf0-b870-4b7a-96d4-d8aed9da4efe	35794	94.52725	98.93602
221278c8-440b-4d07-b481-538f82251c3a	27744	83.45057	96.56533
221941c1-9da3-4c7a-8525-f8009136b2d3	69673	94.95403	99.04351
221ca414-bb8a-4d18-b0b4-40f82ea7ff10	31291	88.06791	97.23745
221d3092-9a9b-4660-8b8c-c9599acf4d55	42402	90.08801	98.09248
221e7f08-fa9e-4272-8560-ea9c7e5b862b	26194	79.78325	90.35732
221f5253-e612-4c5d-a1b2-7ad4e7c073f2	56608	84.82685	95.45416
2221db3d-7c22-4668-82bc-58bb5a45b213	31260	94.26793	98.77102
22227503-b70e-42cb-96bb-d68d634fe686	25171	89.98855	97.86620
22296fc5-a2ae-4a2c-9e74-39dd21728358	22673	87.23629	97.92236
2229b936-22f1-4a32-ab79-4754427bbe43	22601	95.24100	99.05872
222c4655-8ab9-4acb-b0cb-542e21fa53ea	52075	95.41940	99.12304
222f92b4-8743-4993-9333-f189427bb5fd	22456	96.11287	99.58170
223379c1-c087-4d59-b6ee-feb8b15feb72	25838	88.73281	96.64513
2233b813-d232-4403-a1bc-eaa0aa95d2cf	62409	92.02436	97.03447
223854b1-8441-4d9d-b960-f3c867d2c16a	891	94.47641	99.18415
223bed31-aab8-4403-a707-749e60215e7d	48560	84.04268	95.84026
2241bdff-156a-4068-873d-38d251d5af28	41246	86.38650	96.14468
2249ed73-e823-44a9-a556-2b6854f79335	44239	83.31842	94.57125
224df3a8-b5e9-461a-aa79-28854e159799	15843	94.86481	99.17776
224f0650-0b1c-419a-bdac-5239850adb2c	30300	95.49450	99.18641
2251a333-2213-46f2-a99d-a9cfcdcb36d8	51170	75.91197	89.76277
225502ce-c5db-446b-9c77-d5baad3f4dc6	43620	95.13690	99.33835
225658d0-fa0c-4486-a838-63efa6790612	40891	93.22945	98.64179
2256f6ff-a043-414a-9926-1a91ec8c0f45	33766	94.39569	98.81784
22587fcc-4f59-4de1-a0cf-66cd786a01d8	31261	84.20114	95.44021
225d6058-3a50-4e9e-9dac-363774012a09	34330	91.67344	97.61782
226462fd-c77b-421a-ac51-4637072cba6d	35980	95.13086	98.95543
226a3369-e750-4261-bbd7-13aee3c06620	72316	90.15738	97.98084
226b6226-2e0b-413b-a381-270c9d3e2a1a	7753	87.22359	97.36541
226fd3ec-6a62-4089-9c21-cca1a634e9f9	26717	88.67931	97.54651
227429b0-8601-4639-bfe9-72105dfc8f26	27118	90.33803	97.88297
2274c8be-a650-4732-a80f-bc76e96e58d6	24963	82.36250	96.14345
227660ed-db32-477c-83a2-756e467fad59	28033	76.56480	93.49085
227cf890-a41e-4856-a612-984b0678ea21	59412	92.21734	97.85658
22856a62-43bc-4e2e-a9c7-239a3fc2c0ba	56413	95.74468	99.16392
22863649-8cbd-48da-bf3d-620472c7504f	41856	93.80259	98.85944
228c0cbf-ac54-48ad-8bd6-defa8b6be775	24767	94.86641	99.02138
228d8148-cfa2-46d2-a3d6-689ef6909b75	26284	89.83667	97.48568
22915f71-d2eb-400f-9280-05b611efef4d	37916	92.10029	98.18371
22987186-d746-4c6e-9975-84262f0f1e37	33720	95.05914	98.79009
229cea9f-e307-4b39-b129-0b1376cbfbe7	34911	92.59135	98.89558
22a098c7-9003-494d-be2c-638501b8c547	22527	95.54291	99.28258
22ae4630-c3c5-4477-a64b-89c9c95451ae	22677	84.84170	96.16057
22b24565-4646-4bce-a205-9368afa9fd7a	26639	84.70621	96.09887
22b667c1-c7c3-4009-a267-6c08e5b1c2e6	22846	96.18522	99.09032
22b736ab-cac2-43d3-a753-945ac2ba9402	41321	87.17145	97.78410
22bc08c0-5863-48b0-9d10-763b1abb94ed	23770	90.13208	97.79154
22bc3597-3780-47e7-abab-b10a5199d995	22374	95.05625	99.36692
22c483c1-e94e-4d32-a5c4-f65ed835b308	31179	93.99323	98.90624
22c6e844-1327-41eb-9a30-74b88f05e2e9	30208	95.25743	98.91354
22c89d0f-c70b-4a83-87dd-1a3c4f67779e	46378	91.60848	98.07888
22c8d32a-c2f4-489a-8c44-0146b71eb8bd	21723	94.74397	99.13139
22cad8f2-c92a-4ad1-8539-f95651ac4e15	27161	94.57762	99.09986
22cc07ca-99c3-47a5-a42e-e58d651c0952	22990	86.04481	95.33080
22d19983-b8c6-4e64-8b35-e8c2e0f125e4	24158	91.50985	96.94859
22d1eed5-f743-4199-a2f2-674688b93eb9	43920	94.29710	98.88809
22d62bf0-f527-4aa3-9d29-4526b9a5f0b4	34952	94.90802	99.26274
22d6e031-7d50-4100-8977-44bbc852d99f	25942	91.75996	98.03892
22def12d-6451-4342-9422-cd8189abd864	41497	76.73568	90.81158
22e18466-c54a-4a9c-8a4e-b0249180db71	24102	90.73861	97.05668
22e2202b-e623-43e0-bd28-7a0633546e16	26266	93.38784	99.66514
22f29406-1401-4a66-a79c-f14ba51a2765	33986	88.84499	97.19913
22f34a6b-8908-4d95-b2fb-1b83c0db1e5a	44264	80.00123	93.95822
22f5652c-b5b5-46a2-ae43-b2d46b6efbf9	8299	96.08985	99.01702
22f7bac6-a118-43e2-a24c-f836f7f4f09b	24361	86.10896	96.65949
22f90b73-2693-441a-a38d-82cf33d308d1	54538	88.12643	96.29420
22f932b9-de38-4a38-b681-186fd0d10769	36291	94.78444	99.03754
23012003-e22d-4552-b551-b84acc6c0953	27780	93.38846	98.92515
2305875c-45f6-461b-aafe-49472232198c	32672	90.75894	98.53684
2311ab6a-1226-487f-bac8-8c9af359cef5	37098	88.70861	96.38466
2312edf4-2ff5-4ad4-bef2-2bdb970b397f	23175	80.35975	93.96932
231cfc13-fcc4-4317-a8be-ba36db7bb234	52298	94.31002	98.81885
2320629d-5223-4ce7-929b-888e34039248	33932	90.47619	97.34269
2320c269-3c7e-4e08-b0ea-42e137f105fd	51568	84.84603	94.23792
23254527-354e-4d80-aaee-f38fb8a1949a	22421	88.27297	97.29082
2326b7f7-0408-4549-bc6d-1dc6987b7659	27168	95.05554	98.76426
2329bb5f-d941-48c1-b27d-34bb147e50b6	32499	93.25664	99.04969
2329e840-3671-48b7-8449-43eb90eb7d85	31050	84.87855	94.17668
232f7690-760c-4e4d-bed2-2ee615f6aac3	23501	93.79667	99.25452
23326fea-ccf9-475e-8404-a7b1fb682fd4	39531	95.64794	99.58356
234b9334-18d2-42f7-8af7-84aefb10d547	36105	93.91488	99.15627
234d51f7-17d4-4d67-80fa-6de53bf2964c	32511	89.11822	97.11296
235ad0cd-fb1f-4f9d-9a20-e73e11ff63a5	33974	93.42693	98.48621
235dd3e1-4b63-4024-8f3a-65ef9a01fbb8	27521	85.62060	97.03124
2361b8a4-b5aa-4695-abfa-d70b1fbea753	57157	93.89830	99.44750
23663598-f502-449e-916b-1054ac79b5a0	69907	85.52228	97.57339
2366d919-a17b-49da-b7a2-72d5559bb062	28218	91.24591	97.66433
23682ef0-7e1b-4554-92c8-82e9ad4daacd	49401	89.24159	98.24785
2369d0f1-bc14-4a66-82bd-29febab058ca	74323	95.17127	99.03425
236f12f5-a8d3-4123-85f7-1f91bb8a8a39	33365	92.14277	97.56705
2377b792-30b5-41cb-8aaf-90a6e0d21507	37509	95.15914	99.02656
2379bc34-c8bb-4684-980c-3ded46e326ab	25879	89.60541	96.00804
237beda3-01a4-4b24-b288-8dc1b16154cb	40171	91.08628	98.28689
237c8f08-776f-4261-8429-0ec8886a878c	23617	88.94406	95.77138
2380777d-0c95-4d97-a041-6e561e637e08	31210	92.13316	98.46251
238d3da1-29fe-4de0-be6b-8cbb21dc1a10	6036	88.84967	96.05694
239b5f21-d042-49d7-bc58-cef5fe1bc4b5	33996	85.90903	96.73808
23a1908c-3737-4bcd-8cfa-f1d8799b7d77	70249	94.34165	99.02208
23a8c3ce-8a1e-4925-8e86-41f767bcdb54	57017	95.08391	99.18992
23afe177-7b15-4091-8b5c-fbc47659e2f4	27968	81.22212	95.28726
23b00259-b592-45c3-af29-df66c1258581	24502	95.43667	99.13548
23b46df7-1851-46bd-ad43-1354e905a24a	31593	78.44901	92.47084
23b79ff2-847a-4673-a96b-f46850693d21	34898	90.66340	97.92364
23bb499d-370c-476f-932b-3154331c52a1	34417	95.94903	99.08860
23bbd376-721b-424c-846c-d70a03619f5a	30992	95.47487	98.96920
23bd83e6-33af-4c25-a831-771c47b428b7	69961	90.23343	97.28729
23c0dc8d-46a3-4729-9d0e-780acd4ef514	29288	82.66179	95.40219
23c61906-dc12-4368-8d93-433ada4f0a42	32794	89.20474	97.17020
23c74cc6-1ab6-4bb6-97ac-2c9bde9a9c99	29252	93.69258	98.50096
23c95fef-46c1-42e1-ab01-65de4b80756f	65098	89.09512	96.79961
23caa8d6-cba4-482c-a690-cefc9a67ffc0	32686	86.90784	97.41052
23cc9c2a-a73e-42ff-a2e1-08b39a96c30b	25123	95.64148	98.65685
23ccbaaf-8b89-483a-92f5-3576428b389e	23692	90.93760	97.90207
23ce8725-76b7-441c-a799-39032188bcab	875	83.95197	93.42252
23d09831-3d30-48f4-a192-2f4f63629171	49524	85.89490	95.89410
23d0ae34-6173-4187-907f-cf72525966ad	43027	83.03950	96.36147
23d11277-ea55-49d6-b280-15c2f85a7288	36929	84.16130	96.41764
23e12a8d-daa7-4f3b-b129-7690a5ba0160	25183	90.73240	97.62923
23e2d2c6-7c8c-49a2-b14e-c59a438894cd	38524	89.61110	97.41757
23e7d330-1abf-4a57-a095-19106537d586	36484	94.99879	98.61032
2405754e-0254-4869-92e0-e792d408c8f2	33769	90.58619	98.17043
2406f9ca-b3dd-4cd9-b825-ec3af5f80b71	36497	94.38211	98.61551
240ab9b9-2cff-45e5-80b2-1ee2c47e97e0	22676	87.21322	93.44805
240c5e1a-5169-4500-bde8-3e2fffc51041	23836	94.49511	98.79819
24133904-dedd-49f6-87f8-e6fa01c0cf4e	43322	92.49108	97.75959
241421cf-c3e8-49b5-aa51-0a551d34a731	45021	92.38710	98.12825
24183d70-2839-4227-bfaa-de8a333a0e89	58571	86.14232	98.35624
24242908-3152-4717-8bfc-0bedb7696950	25285	90.66919	97.32895
24276b25-2cd7-4244-bd3e-8fcded8a6875	26319	82.32933	96.67453
242cff16-875a-4362-b66c-9c0b02c10cd3	27672	94.19275	99.10198
242d3f1f-7831-4f77-ac44-f367f9d5edb6	23038	91.72440	97.95169
242e6d78-bead-4506-b4fa-bd6f05f4c31f	30429	87.39433	97.77233
243134bb-7491-40a0-a0f6-e9612ab149c0	33452	89.19434	96.98951
24340145-86ce-4041-b9dc-64ecbefb623d	63638	93.19344	98.40228
24341e97-8100-49db-a698-c733e1e825c6	24842	95.37591	99.12333
24348f5d-c911-479f-90d2-904b66650149	44205	93.09602	98.49763
24372054-c3da-4a25-a2ea-9367f04035f2	35274	95.01807	99.18647
2437932f-6a30-41b2-857a-507c294fc631	70614	93.90697	98.98677
243b80f8-b68a-4abe-a44d-16a7b6b01d34	28062	94.52002	98.75754
2445ea08-b7cc-4a3d-83cb-9716ff1289b7	43193	92.16743	99.13985
24520417-dc4e-46ac-a229-783dad4cb962	23357	94.44468	98.79421
2453774a-7280-4856-afb0-48c9593f668c	63990	87.24437	97.63683
24558e71-bd2b-4b9f-b225-db59765bd39d	31346	89.08527	99.20678
2455a9fd-7462-4aa9-9f45-ebf4509f075e	55721	75.73153	93.22016
2457d058-8ca9-4430-9cc5-dda3c2885eff	41808	88.76111	98.11569
245f5708-7410-4405-a095-ceda51084413	25953	95.58723	99.13763
245f8189-2ad7-4a77-a1e0-c36162240cb3	23431	91.30668	98.38594
24648657-e280-41cd-995c-94808747c8ab	29067	93.35812	98.53176
246f67db-4058-438e-89e6-11886f63e758	53618	87.05701	96.41558
24707182-6d3f-4b5a-af93-e6c67dd0ea4a	1388	94.86804	99.11374
2472e365-9cd3-4f5b-b183-317dd4bc6a65	21006	91.81437	98.19221
2472e84f-c3b5-4509-af27-1660a11478ff	51304	85.41615	93.43078
247a3519-8965-4ed8-a2bc-4839a9c98041	39066	93.14621	98.73838
247da591-123a-4d25-900f-7273c429c101	25920	91.72741	98.43494
248466df-3faa-425a-9e39-6f73b3d53c1e	39098	80.71141	97.69668
24865876-ca19-4c76-b8d6-cb58b0a79de3	24761	92.50501	98.61233
24889079-214b-4123-897b-19033bbfd139	40199	90.82536	97.27639
248af6f3-7df9-4a37-9bba-9ea2f986fe70	37272	90.72539	98.82053
248f6ebf-f0c3-4bcc-8390-86fe72ffd4a0	40710	87.28506	95.65207
2490998a-a207-44f0-91ec-6faa95de3dfa	36584	89.39557	98.66959
2490f516-dbe7-45ce-857d-ce530bb1c9f9	28884	94.70239	98.71136
2493d14d-baf4-4ad7-bf33-4834a2748bdb	36738	89.72637	98.08501
24950b0c-068f-46b8-a835-f86f72d999d5	25300	90.15799	98.54965
249eb8fb-a196-498c-be03-71e78f7de31f	22773	82.88567	95.32282
24a321fe-3de0-4cc3-b09a-16601dea8562	59131	88.80922	97.17035
24a396b4-dd3d-4b85-9c3e-8902049b22ab	32210	88.98225	97.44686
24a3d2cd-8bf0-485d-b9d0-8d71d51183c8	34602	78.70407	93.46825
24ac5f97-c0aa-414e-9050-0ffbbcd1a985	28073	87.75711	98.09734
24ad0736-30c2-4600-bda0-ad46b7ef74aa	72249	95.22006	99.06225
24b0cdb1-5f2b-4b97-b4c2-0cc008afe3bc	36416	84.48209	96.81126
24b27dbc-cb23-44a4-90d2-5f57853bf9ee	22549	87.49106	96.45789
24b62b06-8811-4018-8dc2-32cee493f614	24791	92.66810	98.56778
24c1119a-a87f-4a29-80d9-22020904bbdf	26006	85.54182	96.39999
24c7d798-a757-4c85-8626-e6c723091ffb	95015	89.37222	98.32675
24cddd49-b82d-4bc5-881f-96bd916f63ce	36250	89.81197	94.51865
24ce5699-7e4a-468e-8d2f-fadfb3313fd8	23528	90.44280	98.13342
24d4c8bc-e6c5-4480-8288-b54468a84473	38972	88.23999	96.05591
24e49139-bbc0-4e85-b99e-2ca13d83d7bb	60585	92.26937	98.53346
24e772de-21da-4127-a53a-547daf920f32	23319	89.93677	96.57967
24e85295-3920-4881-b69e-68e67f1fa4c1	34998	86.45460	93.73038
24e97866-8659-4fc9-bd63-20ff7ba5922f	44361	91.08595	97.69448
24f140ac-0bee-4e2a-8261-e43c19f2ff3d	25173	92.29410	97.93698
24f792ad-e524-49fa-ad78-c33903996a93	40029	93.47386	98.86170
24f993d6-bfe3-446f-aad3-7e49a185a6f4	38894	90.97377	99.32695
24fb2d89-042c-45d2-a5ff-d10a605f9ccd	39772	95.18939	98.98521
24fe2847-af3c-4fbe-bd14-83b7a77660e7	52487	88.18998	97.80928
2501bb92-8742-41b6-a81d-8f196f45f3d5	26071	95.21443	98.90808
2505f44b-2dd8-4f1b-9c9e-0735989e35ad	23929	87.88168	97.27780
250bbb45-dfa5-43e5-8385-50577e247e6f	43229	90.19227	97.42681
250d3098-cca8-4a39-8952-6e3ab7e1a63d	53516	95.94935	99.09276
2512ff74-a9a2-4130-ab6b-466c78cdc31a	61738	91.31751	97.92637
25131fea-a56c-4fcf-9a71-e421d412d6ab	28178	94.95287	98.88099
2515627d-cc89-490d-a7cd-c3bd345b4438	34212	82.42042	96.46816
251df114-fd6e-43b5-996b-cfac5bb0130e	41192	95.87377	99.28516
25246a79-05eb-47e8-bc8b-0abc28c8b220	29809	80.18751	92.99587
2527235b-6327-4022-a43d-21c1591e2d1c	25164	89.28801	97.07727
252cb766-8dc5-4f87-b774-d20dc0b3ed48	69465	95.70758	98.98428
2531e447-e88f-4628-9d29-3e623022f252	17105	94.35271	99.20367
2536185a-c2f2-4d44-9c9f-5f085177cfbb	23078	92.98918	98.41107
2539bcca-21f9-4003-9419-e7b9e4dbe22c	34444	91.43828	98.36295
253aa94f-dc74-48da-816c-aae6738b3f13	32989	93.87761	98.45634
253f7314-06eb-4057-904a-908174c240d5	37032	91.32090	98.03417
2543c831-3fd5-49f7-88af-9a405a0923f8	56913	94.46466	98.53658
25514e3e-0c7c-4eb5-ab2e-5b051bec64f3	26168	92.00862	96.47598
255932e6-7692-4171-a267-ffb653a2bd99	40935	89.93497	96.17939
2559d4e7-e192-44ae-9ba6-3e9429718670	50095	95.45344	99.51847
255c971a-1dcb-4084-815d-2cc7896a1b9a	32401	94.14050	98.37158
255d27db-d26d-443d-87e8-c24667081abf	54097	95.02265	99.14848
256298a6-91c4-4344-90b3-517b25b2f942	45052	92.40776	98.49759
2568a985-18aa-4665-a1ee-dea49c47dcd2	23008	90.91635	98.14466
2576fbbf-a75d-40c6-905c-873279b47813	27203	94.87207	98.81551
25781ba6-797a-4a1e-a96e-d8ec3ee5cf01	46152	87.01053	97.46728
25791fcf-3803-443e-b09d-e9b060e56ee1	32015	95.05306	99.06893
2579419a-2999-4b10-bb40-f4914ddfac80	40876	94.30539	98.70309
257e8063-259d-45b5-a74b-65cf208c2d6f	29962	95.43963	99.14402
257f8fd0-10b1-4005-8aee-9a5ebb474da8	36097	88.92358	96.37852
25820c39-0756-4dbf-ad1b-a93ba32c840d	39539	95.18654	99.39802
25871a3d-d6cf-4451-91b0-62bf21ec1ccc	33255	89.40967	97.51323
258a3b9b-2460-47bb-921d-171775054ebe	16396	95.03109	99.10352
25916ed1-9d1b-4acd-a316-fad61d3bda4c	46348	91.62120	98.88758
25927c78-d3c0-43aa-b45c-17f0e86e4ace	34008	95.34360	99.08554
259eb9b6-9020-463c-a939-a7d300c9f931	23596	95.77477	99.23964
259f1f5a-26c3-4f2f-ae6e-5f6677b0d1de	29278	94.25234	98.52529
25ac6055-3107-4688-9979-99488f09514b	25078	86.36549	94.60699
25b18076-209f-4e2e-a260-08ad0edfef3e	30915	89.46732	97.80324
25b3841c-39a0-43cf-a7ad-935f83d1f795	53695	94.98278	98.81872
25b537f4-cfda-4652-906f-6ae544c7af6e	35698	81.78296	89.65005
25bbe086-b2cc-4ae4-85cf-4344b0ebc0db	25990	86.33326	98.13804
25bfbd89-f126-484d-a48a-ed1ceb8ac517	44393	95.41133	99.12300
25c0e4aa-84e6-4463-8163-6129e170ef5e	24874	94.53901	98.97393
25c97fd1-cb7e-48c2-8d80-c7e460f0ba61	24617	87.95622	95.22257
25ceb54e-4c7e-463c-ade6-842792d93bb0	34521	95.06460	98.83781
25d1198a-be2a-47eb-836e-9ea3c731bf14	22856	88.34670	98.07095
25d16e44-276d-4a93-8a84-58b9e43f83b4	37020	95.15257	98.93663
25d4ec7a-54df-4d50-baea-b0e217f345ad	41748	91.15913	97.32552
25d53c2a-b404-48d7-bb6a-5e077d2da057	61917	94.34167	98.66450
25d80cca-63bf-4104-88d0-80af8450d516	48845	94.48397	98.72065
25dfe1be-e9bf-4c98-b1c5-4de6ffa252cc	23342	93.96840	98.36398
25e7a329-b29f-4fe4-af90-88a2f3841433	38078	89.51745	98.07305
25ea31cd-3080-4895-94ae-c720f238fd18	52373	92.90677	99.28425
25f2a6ac-2a0a-4e8e-acfb-30a8fbf33f27	29302	95.08927	98.91345
25fbddb3-3407-4ad9-bcd4-c8c596ca4461	25081	94.99941	99.21825
25fed2f1-514c-4e9a-9147-6acbffa67229	49621	95.13771	98.50889
26016bfe-b639-4240-8f8d-741a04adde01	39891	87.43548	94.81859
2615e50e-e6bc-475e-b7f3-f90a46bfbb57	28646	89.45737	92.11272
2616a10f-a3e9-4324-8c7f-4f353739391f	62241	94.09161	98.56966
26175237-070f-4ce6-b961-9ac335e73494	22173	88.61753	98.32858
261870a0-965a-444c-90b6-f056cbb67bbe	27746	93.08753	97.00807
261b7036-8bf2-4737-9828-7f546225bd77	33082	81.15675	96.35200
261bfd12-e99a-4309-aa58-2733d8f232d0	40584	94.98570	99.37420
262b6fb4-20aa-4f0b-94e6-09103c3bae97	24767	94.92894	98.89828
262bf3b4-4a32-439a-bc7f-9d0280f0092f	86797	88.86304	95.24411
26348d1f-a4e3-4734-b73e-f14aaf5bf300	29402	84.35884	96.62428
2635f07d-d0b6-4c8a-9d90-e097c14857fa	40599	83.87433	95.13516
26494b59-25fc-4f83-8ce7-d23e7e408300	32906	94.56273	99.10606
26595b0e-fdd7-4922-b165-fcdac9870382	48926	96.14210	98.96466
266498d0-6559-44ce-9b45-fce90940dc75	51562	80.35942	92.81272
2667394e-c00b-4028-88bf-512bad33ffcb	24980	95.66246	99.29420
26728fb6-18b1-4c68-889d-48130c630b31	54076	93.52886	98.50193
2672936a-2b05-4f02-ab6d-fab76453c39c	40312	92.03172	98.18728
267d632c-0e55-4cf0-a6e8-9609a4dd7f01	85704	94.52341	98.82969
268486ae-0b92-4bd4-8dbc-3b312e62de5f	56674	92.39568	98.20431
269238c8-ebc5-4570-ad51-9447a3887ed4	58064	93.22564	99.36941
2694ac9b-fe33-4251-b58b-477b057ea81e	53460	91.08327	98.60151
2697336a-945c-44e2-9602-88a3c438b2a6	26128	79.91679	92.26541
269d80dc-6a05-408f-b1d8-842fcd4f643b	30720	96.32450	99.51606
269ebad5-3d8b-4ff9-acbe-c040a1ed0651	49746	93.48342	98.58257
26a0a7ff-9484-4074-bceb-d9c4bf7f84c8	23388	94.94585	99.00523
26ad836c-3c07-426a-81e7-b21db2ebc423	26984	92.64146	98.15687
26af7413-6839-4290-b82b-c0a6f32f2cce	30271	93.92043	99.51202
26b25b40-380e-48b4-b109-c15768789eda	90191	94.46004	99.40758
26c006a8-82de-4b6e-bed5-60e08f1bfb9e	23770	95.36550	99.20033
26c551cc-e736-4d07-9585-e145a56232d1	33377	86.30055	97.25931
26d08642-b4e0-4ca1-ba59-cb1a907543e1	27696	90.89048	97.91903
26d28c2c-0937-4c42-96ae-b580d064417c	36609	93.71410	98.42420
26d2deb1-0ac6-4888-ba51-e8d18b7968ab	29877	95.63001	98.94405
26d6ab29-e18e-458e-8408-ef7937f1282c	25402	86.86432	97.55148
26d8d287-77ed-4d38-92f9-d357e52805d8	72675	93.84471	98.79152
26db0ec2-0bec-46b0-98b3-4d5f023eb853	27601	94.17738	99.04196
26de94c9-2510-4477-a129-057249d4b0f9	26462	95.27591	99.00563
26e224ec-a1e8-4191-8e6a-8c17ff310574	34335	83.60223	96.14671
26e277e5-f2e2-455e-97fb-169467662413	28749	72.87564	89.70597
26e635fe-551a-4cdd-a553-a15b935416c2	28303	87.86502	96.61743
26ec7d8e-a2b3-45f1-bcc1-3c5850fa5115	39462	92.54590	98.42825
26ef1203-7d5c-4724-9234-a8004beb8504	39002	86.44962	96.30052
26f2de12-c2d5-4abe-bf2c-49d71e2d056b	26772	88.57538	96.77689
26f98a66-156a-4c8f-877c-c03a96e61343	57398	93.56587	98.99117
26fc1d6e-56e7-45d5-9562-21ecd17d83a7	31646	88.74721	97.45524
26fc1e79-f021-490e-ad4a-2d0230bcef2d	46590	85.70284	95.43159
26fc9082-4aff-45a9-9bac-dda6d5134e04	34285	95.05084	99.69979
26fe838a-1cc4-4d64-9649-26c282df165c	34191	95.51677	99.21189
26feebb3-28da-4f07-a716-cf0c978545b1	32769	90.56438	97.95686
2710dcd3-b915-4a4e-a4bf-4a4a2075de8f	24743	95.80931	99.30740
2711e06b-470d-4675-a8c3-5d1921d9e45d	23654	93.35868	99.02509
271692e8-fa6e-4a11-8712-ffd53a4d2462	27110	84.57732	96.64782
271cd2bb-7918-41be-b42c-d3a921689eb4	26597	94.37500	98.79662
27261a5a-d499-44dd-a17e-f8af7946d59e	49167	88.88846	98.38027
272796cb-db38-41a6-ae79-1ff19e0b4421	27054	89.86934	95.91190
272a9735-ba13-4e7a-a229-419afddae31a	30631	91.02393	96.35000
27313698-a291-468f-9fb3-0dac20004344	51382	91.16515	98.21494
27373998-3c14-4156-b2dd-0963f4672ecf	48383	79.25195	95.08627
27383650-7946-477d-a249-d60c77109cb2	21970	85.02479	96.45328
273c73fa-a3d6-472b-b7f7-00537eb52af4	22345	91.94945	98.21310
273fabdd-7741-4954-82f2-8cfdc4323edb	22218	93.23434	98.98534
2740fcb1-e616-4ba1-a8a0-838ffe9cb070	22317	89.75431	98.07268
27446f98-3a7c-4c72-b294-70b10179abb0	25364	90.36770	97.87308
274887a3-386f-4bf1-8ab0-f0aa449a5098	65569	88.98169	98.27956
274ba2dd-d04b-4ded-af78-d31308bec6e2	46118	94.65171	98.85344
27567d62-bc20-45eb-a2b7-aba2504d4392	28980	96.06238	99.04706
27586ec6-f96c-46b4-b4ee-3f18b70e945d	28433	94.18392	99.01841
275ccf8a-3460-44fe-b0a1-355ffe023e62	65192	89.89122	97.57425
27674971-671a-41b8-9a9e-8237298c5c53	26698	91.00155	97.88706
27730c86-1aab-464a-8592-a54fa71804f1	33886	92.33978	98.30188
2777bebf-bc8f-4aeb-af14-e64096e9235a	22943	91.04270	98.40224
2778fef9-c025-47a9-8458-69df8b650c82	25253	95.87022	99.15725
2779eb94-a9a7-4292-a2ab-b540d180f952	21916	94.61231	99.40365
2782c7ee-61a6-4c1f-bfce-086826f9f256	23532	85.83118	97.68111
27848f9d-98a3-45d5-8130-8462eaf7af75	24862	92.73553	98.47556
27856dac-edc2-486f-8a60-7ce9f54318f2	43357	81.61064	95.60442
2789e993-793b-4edf-8b23-6f3cb0bf9722	48330	95.71707	99.12892
278a0337-05ef-43d4-9bef-00a7286d5089	32828	95.86670	99.26348
278c0654-d594-4226-b1cc-27a71faa2d4d	34788	95.21568	98.88341
2796d970-e0c8-4c75-9766-3b61fc9af5e7	34919	79.63356	94.60194
279da9f4-3056-40b7-bab4-aa02e29f8531	22418	96.47794	99.11273
27a58f79-db15-4774-baad-7c5fef480cb9	30071	95.58016	98.96094
27aa276c-03c7-4055-a212-aece74d29f82	22052	86.24516	97.23243
27ac663a-a20b-44af-a27b-31baae6196e7	42561	95.51153	99.21767
27b7d8ac-d1c7-4c12-b20c-46dc7f52e04e	40747	88.72297	96.35377
27bdb223-ac9e-4468-9e0b-4822dcea5d2a	84331	87.09710	97.87575
27cea9f5-8274-432c-96cd-09e6e7c16a6d	33203	75.76498	93.29816
27d1822b-663b-4c41-99b8-c2490b689d15	43966	94.61952	98.72242
27d3b5dd-e61e-4f70-ad84-578bd40d1dd6	30879	87.56131	94.32683
27d4613a-5181-4aa5-9609-1313af33d1e1	51314	93.82088	98.60838
27df2489-c882-4e66-8a47-858c942be31e	24684	95.51983	98.81148
27dfeff8-9aa4-4431-b8ba-3af0495749d6	56727	88.10636	97.31773
27e0547b-49ff-4241-b3b8-b6c1c3719b71	50678	93.60634	99.05247
27e8d16a-17b0-4b97-a811-026669e80cb1	33266	95.21504	98.96231
27e982e3-4d63-4735-b285-b38a831fabe5	26809	89.59697	97.86376
27ea7fe1-6781-4771-9085-83213d0c8ee9	25433	94.00008	98.91957
27ec1fda-0442-44e4-931c-ea3cf70e34c3	23719	95.71891	99.05340
280964b5-1537-4aa9-947b-c674a1966097	24752	90.91797	98.42049
280f9558-0e88-4b48-81ff-1a6438fb938f	25313	87.66754	96.58565
28178608-1c65-4322-9061-bd0e7b0a47aa	52436	93.35349	98.59696
2817c740-d407-45bb-a514-75ceca612385	40113	79.76524	95.32461
2820037f-98ce-477d-a311-89396da4ae34	22947	95.22870	99.18904
2822bbcf-b5e7-43ca-ac72-dd615218f181	10368	88.06615	97.13854
2822dcba-2a73-4d82-b716-3e0f4c10e443	22424	82.50143	94.17574
2822f4eb-750a-4e1b-81ef-34f4858a8c3d	23109	95.34824	99.55500
282a54a2-53f2-44da-985d-649c29346c02	7858	90.13508	98.22673
282d9bab-7da7-46a9-b603-9524dcf87d33	31709	92.63055	98.73232
2837578f-2382-49f2-a2fc-03d0ea79b997	58712	94.32304	99.11412
2852169b-37b7-46d0-8064-858a9608cb5b	34200	94.82343	99.09669
285a49c1-f407-4486-9fbf-b8a38a083bc1	45360	94.99040	98.80648
285fdf03-68d7-4773-bd83-fc102ec90439	23043	95.75952	99.30820
2869d9c3-c218-4941-ab37-eb5a2b98ca7b	53504	96.17320	99.27710
286d3227-ed95-444c-a1f3-1adf6d4fd829	52031	87.07477	94.83561
287143b7-cae4-467e-a739-724b56233862	28426	89.85966	97.71011
2871c07c-2d32-47d6-8507-cd915d10c13c	23609	89.32728	97.47659
2874784c-889e-4450-b776-9f0114497c5e	31091	93.88242	98.80539
287ab445-6643-4fdc-a73a-0262f84ea939	34463	94.83416	98.99522
287b69b4-3f1d-4d47-afd9-c21b84768162	31643	92.89192	98.80956
287e65cc-5bce-48c6-9243-d42aca99f596	26435	91.89444	97.33013
2880e262-c955-4444-b3dd-8ba74f92cbbd	41208	94.57897	98.62390
288301f3-7998-41b2-becc-82f651e23480	22647	83.22739	97.03831
2883feeb-2b20-4b91-8422-e1daff821f0f	32930	93.67765	98.12042
288789cc-ec65-4b5f-af5c-947f157379ae	27805	94.01811	98.76921
288aa6dd-1fef-42ed-8fe6-89c8587fa200	27223	87.80829	97.31503
288ddf06-bd1e-4ecd-ac71-df54a0df6ab5	36339	91.85169	98.35229
288f72a1-66b1-40e1-8bd4-26bd2a2449e4	9282	86.07569	94.87871
2890a717-718c-412d-b6cb-af32a79ac661	25407	90.42074	99.57090
2894c0eb-1bea-4be4-80c6-751340b4e7f2	25638	95.16345	98.99279
28952154-c749-43f9-a300-8e912a21565c	36825	96.60300	99.06124
2895af13-af39-4966-860b-7109317f4d1d	23964	95.20223	98.83755
289c8f4c-2fbb-438c-8816-8f74fe06353f	39988	90.64957	98.89693
28a1c540-cfdb-450c-9bfa-bd9165d1bea4	35445	85.83547	97.48523
28b37bb1-f984-4b7f-aad3-715f10ee60fb	24694	95.30908	99.07445
28b39e8f-656e-4cd9-a868-47d02b17231d	5611	93.62557	98.89876
28b770b1-af9f-462d-8f71-2f042cc5221c	25317	94.33970	99.35037
28be0a12-0475-48ac-bd71-57796ae07905	27341	85.47480	96.98999
28c27f3a-39d9-42a6-bdc5-b15b26acf350	22863	95.60065	99.19376
28c4fc0f-f2f5-4a4a-bb52-9179577525bc	36429	93.11016	98.28313
28cb0f0b-3bab-4f1d-bff6-c0b18e9021c7	31831	90.65610	98.03292
28cd4a17-674b-4f56-b8bf-4a289114f6d7	29914	94.39619	98.50446
28d35ce2-871a-4fe1-b9b3-226ea5c7f249	23595	93.85994	98.95645
28d384ed-51b5-4f52-a801-5be5a2c13810	59425	90.39272	97.73405
28d3bbf1-d5b2-4ee6-87f3-043c44edb120	51376	93.24478	98.78504
28da128a-1360-4c6b-8355-57e5342a0c73	29115	94.79553	99.15295
28da5bb7-61ef-4003-b7f8-92f62a6e5ac1	64954	91.21767	98.44737
28dfa334-834c-49c8-b030-7eef866b1ebc	23457	94.78548	98.95943
28e45d74-0929-4a92-ac6a-958a5fbfd3ae	27662	79.95143	94.66158
28e4c5c9-d6a5-4a8a-844c-fca87daffbca	22169	95.42890	99.43744
28e63fa0-ba42-4f9d-bee2-c1c0689a4c23	28761	90.26866	98.30514
28ea8170-a4ce-42a9-8c8b-76c9732b3b17	21947	93.69143	100.08236
28eef91f-3497-4780-b208-1a164c736b79	33030	88.90903	94.42883
28fc77b4-6e8b-4787-94e9-34c696ac60ca	31243	91.90621	98.32781
2902af43-ea2d-47bc-8d26-a8eef2dae725	32932	91.66126	98.71587
290eab50-4f3b-405a-ba18-561bfc8e7a0c	24086	92.14934	97.33204
2911f4ac-7dac-4b41-9346-774747fbc573	25418	94.30146	99.05339
2911fffd-32c0-4e5c-8041-e7d6df00bcb5	34986	88.51383	97.99376
291a5a81-efa1-425f-83a2-daad3c5e44d2	22249	81.17244	93.35582
291a5df2-dd89-4ef8-b22b-dd15ccdbf855	30026	94.60368	99.22144
291ed4cb-8c2d-4304-962a-91e00ecb82d6	31890	82.17520	95.50835
29209ee1-6165-40eb-9344-5eca67471b32	22222	95.35968	99.54141
2923b077-a96d-41ce-ab5d-6248dc5f0065	96863	95.53955	99.12230
2926a487-d1e4-4d99-b93f-02fb33687878	33084	94.57068	98.77457
2930bed8-a513-40f3-9023-8f0f17ceee63	52167	94.68869	98.65901
2930cbd6-527d-42ac-80e9-bc72a608c242	29059	90.38150	97.80825
293163c7-f3ed-40cc-918b-ca846633e317	30349	91.97662	97.95549
29329efc-556a-4aa2-8589-1e187073e4a3	32151	87.96715	99.27554
2933451b-abb3-4eb9-99d6-2e61fe6ca927	29391	85.15452	95.37749
2934c578-ddce-46d2-a61a-d4217490855f	23124	92.60864	98.50804
29368b83-ba5f-44df-a433-0388f7a8f761	37602	91.45569	98.17373
293a12f7-148e-49f4-831e-573bddb0bc77	65470	94.42737	98.69462
293a6c06-e8b3-4dac-b977-e13c0ec72c6d	22884	88.20403	97.74164
294ad39d-6a81-4985-80f0-49cf48733578	33931	91.55071	98.98204
294e39c5-6494-4360-ad7c-fece528e80d2	38132	69.46144	87.60477
2958de3e-b569-40ac-9a01-dbe04be3fc3a	23238	84.58462	93.80222
295b59a9-fcb5-4f17-ba9d-8cecae9bdf5f	27037	90.11308	98.35879
295cd728-f713-4ced-abeb-e203d0ed9e8f	37854	87.17583	90.82253
29601552-3d61-445e-8166-916433c982ac	40077	93.80170	99.04425
2966c690-3f60-4b25-be33-275d51ee12c8	49982	95.30204	99.44593
29670b89-2255-4339-8871-98eadef81287	48819	92.56828	98.99437
2968edf5-16a5-4cd8-9641-d53531a88790	24177	89.70336	98.24862
2969e8b4-6da9-4975-bd6f-fa25fe07c794	42597	94.02516	98.72756
296b52f4-203a-4ecb-8742-743ef97d073c	31717	95.48227	99.04210
296cdee8-f3ee-43f7-81d9-a8f3037c4a35	26935	89.05256	97.27243
29700bc2-fbca-4a39-a32b-17cba5519b09	26151	92.12636	98.21846
29715daa-3d4a-4a44-9a67-88d9c925f4af	33724	90.16833	98.10782
2971f2b8-7301-418a-8f53-30eb1cfe0613	24448	95.75075	98.87563
29803cfc-c182-4d3c-8e65-8eb004226b1a	25604	94.84217	98.80031
2982664a-4b9b-4e87-ba9a-bd49852c3b11	22944	90.36873	97.19634
29853a03-3bef-4003-9311-e4ba80f3aae0	44595	91.40189	97.12497
2993d15e-ca38-48de-b563-8607ed51a7f3	23342	89.81497	98.18697
299d276d-84ff-477f-9f37-a2b87583190f	51095	88.66051	98.26836
299d4509-2e86-4aa7-8f05-1fbfa19ca588	42398	74.47866	91.02503
299e62b7-b642-4edd-9abe-65468d38ad06	42728	91.05748	97.79827
29a20bfe-80ff-42fa-965b-2ac5d46c2289	39494	95.21304	98.75899
29a80eed-1c9d-4775-ac4e-fc961ca5e057	31411	92.46601	97.61177
29ab2971-500c-4797-8a9b-c98dd56b6fcc	42400	84.64792	95.89930
29b0d5f1-e7f3-4690-9a69-a358d2746936	22799	87.43327	97.32905
29b1a0e1-7f90-494f-a4bc-e064b849bb5d	40935	95.20226	98.95127
29b244f8-4c22-4bec-91b1-69faffbf911d	26609	95.16302	99.12182
29b54c51-06ea-4e28-87ae-263b16e643d7	37075	81.41211	94.85135
29b57d76-0a90-4e74-b5a3-beaa43c293da	27721	95.12996	98.60551
29b5f970-c00c-41b3-8e5f-40707f42eb1a	25135	92.87234	98.61450
29b94bb0-35f6-4d74-8bd6-28bd7056cefb	31815	91.60670	97.46991
29baf91c-11fc-4751-8db0-e04dc6ee7388	47340	89.96376	98.47591
29c02a7a-9a1a-4c3e-8af9-0bc51ecfa536	23565	94.95900	98.93819
29c90a70-545b-4bc5-9dc6-bd8c4ef7c68f	44599	96.31869	99.04558
29c96e65-e0ac-4953-b7dd-9a149ca8b4e0	33412	88.25448	96.83789
29cc74a0-dd80-4669-b2ad-62e313ac06a3	22760	96.37841	98.64318
29d32977-1e12-4b2c-acaf-5b99e4554474	35345	84.39599	97.35571
29dc533d-1149-4c4f-a6b4-a107a3b0a2b4	34621	83.54947	96.56398
29de4fe6-b890-4c28-b211-ebdd82693c4b	23491	86.66159	96.16745
29de8819-9e35-4807-ae01-f1304b60e272	38909	93.93031	99.47240
29e7cdb9-e614-4110-8b47-407ec4431936	35323	95.48041	98.59848
29e7d393-d7ac-402f-b1f8-b82c76b2f472	79616	94.21448	98.71663
29ef840a-5ae3-4791-ba04-a949da1dcc3a	40039	94.68111	98.95740
29f776cb-0324-4fe4-971b-5c71557e9ee7	47394	85.36933	95.91580
2a00b737-9683-4e82-a16c-449a82c753d3	24228	87.61383	97.71060
2a0cc0c6-01de-49b5-bdb7-6b09eb802402	38933	95.60723	99.20300
2a1674f7-7fcd-48d7-b5d1-37032c2930ee	32403	94.33487	99.65452
2a17ac89-b6c7-47a3-b25f-e8e65b16f723	26296	70.32529	86.20644
2a1b8b37-e032-4965-960b-820d87b37486	29440	92.39762	97.92202
2a23d9ae-9916-49c9-81cf-c75ed66bc506	45469	86.96815	97.91217
2a26ffab-ad05-42c3-8924-0902be48415e	34709	93.68772	99.31959
2a291cf6-2fb9-4099-9d87-00e0508d70ad	65262	92.02079	99.07883
2a2bfb08-abba-47ce-8332-a6edc1dc8dcb	31170	94.97605	99.20853
2a323f86-b028-4464-ae3d-350994bc8384	46353	85.33004	97.57893
2a32d4a2-e768-487b-a16a-63aa3e666558	24443	81.77998	94.09627
2a3ac36f-b23c-471f-af75-141a7124092f	28750	94.33764	98.66167
2a3d4d03-68dc-4712-8026-50f340063c73	39995	89.18497	98.42621
2a3f34da-93fe-4bb9-95af-77661282ec63	36298	94.69449	99.03730
2a41207b-eb55-4edb-9d20-4d07f6105139	29978	77.41214	93.90547
2a487ab0-2adf-448f-a4c1-cf8533ffd753	47353	90.31773	96.42515
2a49f907-eae6-438a-a734-1cd5f7e1d302	26052	95.29003	99.12970
2a4ca012-b8fd-464a-846d-56d9ff23fb3a	68556	83.84890	96.57284
2a50aa31-99fb-4283-b0dc-4fa31ba37f23	26924	93.75068	98.81071
2a536162-bbb9-4cf4-9625-0e406963a148	28629	95.11327	98.57059
2a562f39-a84e-4ef0-81bf-9cfc1ca81e14	28136	94.43555	99.09232
2a5dda9e-d04c-452f-9a23-d1614f4f23e0	33757	88.21854	97.47444
2a5e17aa-17bd-4000-b177-489c71cc6e9a	7238	90.12790	97.63233
2a5e30b2-b527-4a49-ab71-f722bd3ce969	29165	92.42596	98.32691
2a5fef08-3b5d-4fad-a7e3-1e9de02914b1	25729	89.18899	97.16296
2a633a3e-451b-48a0-bcfa-251c22b949e9	23383	96.03673	99.25129
2a63cba9-fb54-4072-aa70-6e523099d793	69106	94.64293	99.29651
2a660098-f2b8-4c7c-aeb0-c03264886ac8	46974	94.15867	99.06200
2a6677d3-e0fc-4ba4-a047-1c12b79d212e	31211	95.13322	98.93539
2a6d6d04-2912-4ef5-8d17-dfb623c37dec	34000	74.73776	93.14262
2a6efd60-aee7-4633-a84c-0f65a0e009fb	35183	94.01902	99.13034
2a7f7d8c-9c85-4d9d-b4c9-28096db83242	80494	95.78538	99.06744
2a800103-7e09-4704-bfd1-93096f018f98	28965	87.81012	98.03083
2a894e53-72b4-4a0c-b8e6-0d83f24820c4	41303	87.70329	94.72100
2a8962f4-1440-4452-82d9-895d92209fb8	38471	90.64062	97.99249
2a897995-977d-432b-9b07-7637b56e0e4c	29707	90.77023	98.54287
2a89ab64-44bd-4ce5-aa4c-1b0583408dcb	25054	93.10022	99.12277
2a8fea64-33d9-4f05-b763-20f9be2087a4	38876	90.18587	97.93243
2a9f0fdb-273e-40b0-a4d5-7be678632648	35336	93.95026	98.37625
2aa00130-57c5-4fbc-9702-d42579c5a7ea	22899	91.84838	98.19960
2aa00311-709b-4b53-bd08-1302349b51bf	22465	91.50915	98.90363
2aa49274-4206-40da-94a6-7233813fe670	36626	94.25260	98.83466
2aaddcba-4c72-4331-a118-9426b971f800	29122	90.57492	97.65557
2aaff663-1ef5-4df7-b663-1f9ae2059fb9	25915	92.14028	99.08285
2ab6923c-dc39-4baa-9e46-aeaf6c3620d4	55058	88.30618	95.85767
2aba4b01-756a-468a-a8a1-633ae65a4acb	25246	94.13133	99.05549
2abb6ced-aaf1-41f0-9291-444b2156d615	36538	93.36854	98.69237
2ac987dd-bd6e-4401-8583-a2158964b7a5	37969	92.12961	99.25889
2ad6fe5c-5ae6-4f4d-9294-70879c7a5c50	33910	95.23920	98.85709
2ade3d8a-c3f7-42e9-8059-ce3a2431686f	27121	88.96209	97.42499
2adff3a1-8708-48e9-9cb9-12f0672d1d0d	26253	70.92689	86.42387
2ae05f81-3e1e-46d7-ac3d-d59b78495c84	25149	86.80999	97.54236
2ae1c9fa-1bab-4593-b51a-54cd140f2fc4	28762	87.16511	95.56008
2aeb2a16-e7f6-4850-be17-536e176297bf	36436	94.82861	99.10872
2aec7544-2319-4c94-8835-382ae0047890	48042	94.11597	99.04791
2af2fb3c-6cf5-4579-b444-ec0b25a67643	26245	88.51269	96.09045
2af30277-0e19-4858-8423-e2d279d7958a	22016	87.44662	97.23418
2af74520-4ff4-45e7-8ace-e2d685944713	27302	91.01930	98.09620
2af7ffbc-23be-425e-80ff-708864ccc700	28253	78.18083	87.84256
2afdc660-17b6-4501-8755-026f61ef241e	78160	86.93731	97.68531
2b01cba3-c060-46d8-952d-f61fb3de2477	55866	93.84715	98.87993
2b0372d1-ea86-491b-b95f-56b2a8a736e6	63910	87.99852	96.58183
2b07bea8-c39a-4ec7-b259-dd3163ccbc9a	34946	95.37598	98.87691
2b0da8bb-c90e-47ce-92c0-a9fcb73d1774	43779	95.30684	99.53764
2b140aeb-29dd-4234-98c1-380bb2e42490	25588	94.40821	98.42243
2b14e16e-2dc3-4141-a087-5bdcbb0ef29e	32510	95.93816	99.14995
2b161384-484b-4c27-96b0-2d646a47867e	25331	83.20269	89.87297
2b1c5a46-307f-4030-860e-fc2b8a3f1de5	40608	88.32553	95.39121
2b1eae1b-ea3e-43c5-a5a2-24ad3fb1aafc	22805	94.34335	98.86888
2b25a00c-de75-4085-ac75-5ae454ac2891	28036	95.65629	99.00839
2b264440-8c78-4ab9-865c-e6a74829efff	29995	89.32762	97.04823
2b2ba4da-44d6-40e4-ace0-e37444a4061c	32446	82.80547	94.59048
2b3bdeaa-e1f6-4cf4-aef8-2753611e0cdb	23029	93.54880	98.71773
2b469410-953d-45fd-86cc-609c9602f2b5	25689	87.52322	95.46081
2b498a6a-7ec5-4e78-bc0f-b0e16122252a	44574	91.37742	97.01925
2b561b13-cbba-4fea-9fa6-2c7964611a81	30301	92.02611	98.53282
2b6170b5-7de6-48f6-9e62-ba7e889d3d7b	42047	84.71397	96.21054
2b6c8a71-450a-4632-ab8d-f4bd57a45d3d	40118	92.37227	98.71529
2b6d0166-fa2e-49ac-af46-9cba09636427	23324	94.77006	99.17659
2b771793-f449-4774-ad6f-ca48c4f6c6ef	28216	95.54735	99.08796
2b7c52cd-c30e-4b5d-b91f-b1a6eee26c85	28052	95.71574	99.06860
2b7d1cd9-55ed-4e77-abac-08cb69ae92d9	22331	92.31004	98.99907
2b834c8b-1d88-4db0-b100-ae3fa9100ca0	29280	92.97396	98.39259
2b89506c-93c4-4bb3-aec1-d8e3d0e596e7	33337	94.55623	98.59468
2b8ab3af-da7f-48ac-992f-431217f20e74	37003	82.59972	94.57664
2b906e00-59bd-42fd-b7b8-cf7bb6a3ba39	48892	93.46822	98.65651
2b90e07b-eeff-4b61-8705-9249cce7f5c6	21923	84.88736	96.63404
2b94db0f-fb5a-4e98-8473-66c4c0a8240c	33297	81.80123	91.41307
2b9526db-5219-4f45-b03b-786e47d79950	50994	73.34214	93.71587
2b957d35-8e44-401f-abe4-b03bad094561	23221	94.31837	98.98614
2b9c0e19-5d5e-44d6-9af6-5f767c524632	24125	93.76442	98.79637
2b9ed73f-b0e4-4238-b5bb-2ea6908e05b7	23059	87.50517	97.75792
2ba36968-b2be-4eac-87dc-5af282d42779	70655	91.67745	98.20889
2ba56171-5c56-48df-bee1-6332e0ea357e	22581	89.85372	97.72470
2baf2cb5-6a7e-472d-8450-7c61e386ea93	32538	93.35152	98.94227
2bb0493d-f771-4b87-bb3e-517a7ab8d18a	59914	89.91222	98.41098
2bb2b669-1681-4088-acc5-1a1c40c7d5dc	41105	93.91918	98.53888
2bb6a71c-b46f-4a67-8b6b-c9f269010a5a	28897	79.21527	95.86218
2bbb4719-fbd8-44ad-9270-0661176f0a3f	67911	87.40304	96.40015
2bbdea7f-be3f-459c-aa3b-0e6dc82a1806	25243	81.16390	94.73565
2bc2b196-6fbf-4a85-b74d-474ff8e4313e	25785	90.31198	96.52347
2bc37e8a-e053-436b-8750-f270fd2848f3	32404	94.97563	99.01372
2bc3d53d-98c4-414a-919b-75710abcb71a	30868	84.83885	94.54998
2bc432db-38d7-485c-9bc1-42584232e1b1	30891	87.77523	96.26124
2bc948f7-500a-4622-871a-e2acc17f48d5	43655	92.39289	98.05692
2bcaca83-f06d-4dfd-80d5-9c7894a61c6a	25702	88.00494	95.00093
2bcaea1a-ef03-4395-b389-bc996ef544c9	46356	91.32377	97.96575
2bd0fabd-5cc9-432d-bb04-ffb6b1264133	44626	92.84058	98.65515
2bd24868-4365-46e4-ba71-92f2edd36ce2	40066	92.48299	98.52782
2bd46497-e760-4b5a-887f-699891f6ba6b	1340	82.33240	93.96118
2bd57e86-1c3e-4081-9e34-14232a26ce93	26222	95.71702	99.31991
2bd5eb30-21f7-4a3d-a425-20fabcace61f	27770	95.49104	98.84331
2bd63d71-e381-4ec2-87e0-b1972afa7e4c	30253	95.15669	99.17825
2bd7093c-0dc3-4b4c-9387-0b6050a9db18	26685	94.56693	98.97697
2bdd5629-be56-4584-8ca1-8408817c005f	34836	88.44278	98.51394
2be11851-3389-490a-9b12-5cf29df73383	23758	84.25767	95.24479
2be5b0de-0a6f-4c17-aea0-c7c0075d36cc	36407	94.98104	98.74667
2be87197-91a3-4797-9ca0-ca1d16680ae1	26451	84.54217	96.09817
2beb1b4d-b514-4f43-ac2b-8ac7d457691e	23092	92.95596	98.70915
2bed19a9-5268-40d2-9b4c-d96f4751bbc3	42656	88.64382	94.71050
2bed6109-aab6-490d-af79-29a8c5dc624d	62497	94.98261	98.85651
2bf2c749-3731-4620-a12f-ff5e66528db4	32694	93.98231	98.71678
2bfb4715-9fa9-429b-8f63-24998190b7f6	25188	94.46815	98.34241
2bfe197e-282e-4169-8eb5-76ebb1f3ed53	46623	80.95181	96.72599
2c0f5f3c-6da5-40b5-9496-41ece62ccf87	37783	89.07940	96.76343
2c142627-fb7f-43a9-bfe3-90bcee366716	29713	95.48877	98.93237
2c197ce4-df87-4ac4-b192-e97beb06be31	26890	81.18257	95.25571
2c1ab35d-334c-431d-a4c1-e24db2138ed2	24494	93.03579	98.06418
2c2002da-f9f9-4532-b698-998e273064b0	33983	91.29903	98.39819
2c231b1b-2e64-40c8-9874-d0364ced8062	26641	90.55572	98.12311
2c23fc8d-de31-432d-ad68-93ca1377a761	19400	93.82953	99.24138
2c2762dc-61ef-48de-931a-119c95258066	40894	86.37928	97.96021
2c34e7cc-3f72-402d-88dd-51e23db406e3	25891	94.95291	99.15785
2c3c1a9a-37fc-49c3-9cd0-6a22b99a3609	26024	94.52957	98.74025
2c4c006c-ca19-43de-a426-3274f2a2a128	32399	95.64985	98.63624
2c4cc0c1-bc99-41be-8e34-9bef52ba7234	62254	83.87652	94.96947
2c4e349c-ef95-4440-8fa8-8c650c45c6c1	34995	94.71229	99.48722
2c52a32e-0c75-4b29-a81e-b274c0883cf3	26165	81.34739	95.56574
2c52c73e-553a-4b35-a88a-c619c28f15a6	31834	94.39729	98.95953
2c58b7a4-40ba-40f7-8292-e37624fb54b1	50214	85.56437	92.18480
2c5cb878-7547-49f8-88dc-cafb8751f13d	63538	91.65625	98.75025
2c5d726f-3b5d-4912-a42d-722deaa62396	44909	84.37760	96.36786
2c72b04d-6152-4c27-b780-e036079b0644	35404	94.46856	98.80769
2c7be396-b185-4474-9648-607a0a41b590	22968	95.96875	99.13804
2c80221b-b173-443d-9613-958feec3c847	48182	95.48774	99.21221
2c8861ee-ebcf-48d8-a5b9-bee2777d1df5	38739	90.57281	97.53376
2c891ad8-652c-4541-be81-cbf4ed0f043b	24688	89.70279	98.15029
2c8fb791-344c-4429-8111-2cdea3f72078	25227	90.24307	97.82245
2c97af82-884b-4714-9742-727cee04c1bd	22774	93.64787	98.34048
2c97f151-5561-4159-b8f5-cf24b785d361	36582	95.46344	98.77428
2c9ba02e-4b17-4605-beb7-2536c427d5db	34428	90.29377	97.72443
2ca32fcd-61d1-4a36-8c09-e6958d7b7c70	24973	90.55528	98.26334
2ca566ab-f5ad-4686-8e5d-4f6cd77165a4	24777	94.89138	98.84795
2cacfd8d-3800-4a46-a9bd-aa9fda1f31b9	30726	77.22375	94.47325
2cae8652-1f3d-44fe-b63c-bcdd9bac8023	24052	94.41728	99.01317
2cb36745-7d20-4d74-a7b0-f1f05ffd0154	29950	85.76669	98.10353
2cb70f45-d474-4dfb-bead-66f03908a217	43206	94.71557	98.49703
2cb9ca9f-4426-4227-8fce-fa381c377212	33170	95.00579	99.43807
2cbf5b27-e50b-4311-a8ab-14aff4821a87	28626	94.06843	98.86434
2cc0d551-7ff5-4cf2-977b-ef46c3a04fae	23150	92.64892	99.01982
2cc4c0b9-69bc-41dd-8af5-afa174b9a16a	28959	96.03415	99.18956
2cc57d85-42e1-4993-a303-d950024eb73d	33368	89.86705	97.10035
2cc6dbb9-af47-40cc-945e-2ab344aaceab	32805	94.11029	98.79842
2cca23a4-6c3d-4f80-b427-87d0e0a82dd5	28864	88.96759	95.48453
2ccc30da-b8b2-43ae-9a92-70a0b2e688b2	50836	82.38694	95.86443
2ccf7abe-7ea1-4b86-a19e-12dc61118399	23062	89.78743	97.49331
2cd12d30-44de-43d0-bf9b-6c0354f3f8f6	31530	92.19610	98.42323
2cdd72f9-ffa0-4ade-a271-41bdddaf92ce	39185	94.34800	98.68049
2ced96e8-fbb4-4836-895b-7c094df53a0e	43571	94.28207	98.63924
2cedfe64-72fa-4f70-bb11-365fefe381e2	7289	94.62788	99.41023
2cef9201-6456-407b-a7cf-32814a7d2b89	23259	95.32354	99.23792
2cf1f356-ad68-4775-bfcc-9ac2c889466d	19626	94.88102	99.25010
2cf27f61-c26e-4763-b5ae-dc9b3f7eb62a	46646	85.14281	95.47115
2cf823da-c68f-467d-ba4f-ace6c37c3d5b	60226	89.50573	98.51925
2cf9dce5-de63-4925-82c1-55fdb1e39571	44219	91.72446	97.46794
2cfd5cd6-3f14-4e6f-a759-c19aca16ec0b	84827	89.78159	97.89368
2cfde4ef-f3f4-45fa-b5f3-e7097093df95	50030	75.87382	91.03150
2d006920-ff3f-4ac4-9f46-9fa1f50e77c7	50637	88.92698	97.57510
2d032663-e882-4bdb-ba57-ed733646f26f	38153	88.07243	98.69834
2d07a05b-5f94-45fe-9945-cc1f5df212a9	31347	88.26481	98.59564
2d0ecd07-fa69-4d08-86b1-9b815da52681	32180	72.22823	90.44827
2d1c5387-d218-40a2-96b6-73a5787dee42	63059	95.17541	98.83865
2d1d0a1b-1032-4839-bca9-da1fe84eba5f	54786	94.78571	98.87768
2d218a65-647d-425d-ac0b-bf71b8745c29	41065	82.92430	95.57557
2d24877d-241c-4a1b-bd8b-7d2d8d3a5622	34320	83.51498	100.34333
2d2879cb-5b53-44e6-8581-c600f44e53f8	27475	90.10464	98.63828
2d39ddef-a255-4561-855f-49b2f303d9d2	35182	88.16783	97.59163
2d3b7be7-2b9c-4c0c-9b71-d8fd65d258c8	37982	93.29207	98.59682
2d3c6ee5-167c-4199-826e-b722d0d67c38	44614	78.43531	91.42662
2d44480b-80de-4130-8fd5-51d229cd05bb	41587	94.07724	98.67364
2d451d61-e3d9-4aa0-b63c-bb861ae0303e	44271	94.49754	99.10951
2d45cd45-c809-4644-8370-37519526add3	32780	88.20932	97.42948
2d4661ae-ec41-4f53-9fdb-f86e524260f7	37483	93.07108	99.02602
2d4d2e3e-dd05-4474-8be8-c51cd9e7a228	22834	93.16967	99.04687
2d4eaf73-f963-4ee6-b5a5-35febb8f3507	45970	90.10202	98.42305
2d50be91-2f93-4d33-8dc3-95318ac9b99f	22028	89.65352	98.10005
2d520ce1-44c6-4e85-b0c0-24466c2fa324	26334	95.22673	99.03085
2d6123a2-b4ff-475e-9b79-32d25d252848	24401	85.60096	89.72317
2d64df40-8c35-4ad2-92aa-8668522f804a	9503	87.29577	98.55639
2d67c4fa-1e04-49df-9a93-6075094d8cb8	33396	95.32680	99.24637
2d6c6cba-b567-4224-896e-744a97c464ed	30909	93.27181	98.56681
2d717683-52d8-4d1a-a509-889c20a1a1f6	31231	90.33895	97.75380
2d761f0f-e35b-44d8-9352-03a7b6343d7c	48375	90.47610	97.72759
2d7c91cd-2823-4f7c-9398-f6c9d05aa036	36792	92.99707	98.32088
2d87567f-07ca-4145-bb2b-f01b5500f0ca	47391	71.54593	91.71987
2d884cd4-2446-4df3-b686-ae895db14b54	2634	95.50827	98.13492
2d8cb69c-b55f-483b-b8ee-e92be14fb8eb	33248	90.38166	98.52378
2d9f0ffc-a1e8-4271-b221-571dd2571292	23074	91.56016	98.00997
2da28759-ab0d-438a-aad7-bd357af8dd5e	90677	92.02636	95.99233
2daba8e2-965d-48c7-b8b1-97dbd07ddacf	23318	92.76503	99.04839
2dad4cec-cfd1-4979-8df1-ae7df60d4ef4	27458	93.73732	98.81610
2daef3f9-2e2e-4114-83f8-48998832e05a	23945	94.27943	98.71392
2dba04b5-a6bd-4530-b839-6ca70b847467	24355	95.11979	98.77126
2dbdb9d8-2285-4342-8d10-05670a772da0	54464	92.86503	98.40064
2dbe1c4d-ea81-4ce8-bdc1-de73623d79e0	24618	95.22103	98.76031
2dbf7162-6bc5-4d50-8290-de5089fcbda5	26998	94.13002	98.97730
2dd38b9d-f6dd-4e48-afc9-eeffd7e74270	22931	93.08070	97.91265
2dd4faa7-646e-4b03-b300-baaf0472812c	27786	90.77665	98.03595
2dd800f5-c27e-4220-b4ad-74aa1d0e7305	28953	95.59637	99.15551
2dd8dd64-5f54-4d30-8efe-2fbe3b06a3ce	23033	95.11749	98.81624
2dd983a9-6e14-4910-a71d-56f744a59cde	30079	92.82916	98.46594
2de99010-e32b-4997-b23b-69388e3f642c	28551	95.24513	98.87824
2dedd3e3-9523-4cc1-87c4-7ad404d0cb58	29376	85.85202	98.19475
2df27962-cfdd-4a7c-851e-825e502d4b3e	39873	87.23232	97.72677
2df54298-f9d2-4d31-9132-88e07d9a7747	29789	94.31994	99.21818
2df5657a-0ed8-4095-a21f-84c674aead77	25200	95.59318	99.37505
2df6b6d9-7319-41e8-97a4-dc76a5d8dbe6	24541	80.90666	95.54982
2df717f5-260b-4c3c-9f0d-db496f8f73d5	22266	90.83261	97.83233
2dfa1dcd-1ee0-49f8-b1db-0f12e8db81c5	31402	94.44804	98.35520
2dfd0112-7c5b-47c6-a895-b3b4529bde1b	49271	95.21377	98.84679
2e02d921-1929-43cc-9f3d-666a82ffa1b8	37090	94.70855	99.35558
2e03d418-05bb-4de0-885f-a6c3a2988ac1	38887	90.21683	98.31560
2e0a37e2-53b5-482d-8f21-a3362df7b6c7	25573	95.51285	99.31435
2e10254d-424b-4e14-a0e1-823b73333000	36931	92.07747	97.22333
2e11aeed-3f9e-40a7-986e-bef83e710226	30400	96.18199	98.80331
2e11c4ae-60eb-475e-8568-38ba11887443	40045	89.82107	96.47272
2e14ae9a-fe9e-4b6e-9da8-48f60c3a0a4c	41936	96.01259	99.30496
2e19f943-e4d7-47cb-aa10-2c7679bc9ec0	74487	94.52401	98.64241
2e1c7ae0-9acf-42e3-b5dd-cceb535f5e54	23162	92.08015	96.89733
2e291926-b50a-4556-8e08-9523224c94ab	22906	84.86624	96.10910
2e2cf33c-9e09-4537-9084-320672c36598	26394	92.88958	98.45226
2e2e3cf9-dcad-454a-b754-b138d7388f23	28771	84.52074	94.99088
2e2f831d-97c3-425f-848a-ba4b69b80419	30948	94.76138	98.93750
2e301cf7-5a93-4f68-bbc4-0994ca35a612	22683	94.67013	99.25376
2e341840-5085-475b-8ed9-1818bd9dea23	31825	95.59585	98.83873
2e35fb83-2403-4115-a199-718b01f3fd02	32654	89.32586	98.12783
2e3c0458-a722-4ba0-972b-13c99c3b87f7	30896	94.07246	98.61760
2e40d9af-546f-4659-a0e6-86aba61c3048	23630	94.33141	99.09557
2e41979f-e85e-4518-8f41-5a53dcfcbed6	39459	93.10789	99.27385
2e48da34-6a81-44a4-a3e0-a7afd53bda12	29739	83.23494	94.37956
2e49a593-a021-4718-8162-55e2302d2996	27835	89.08089	97.27770
2e49a599-493e-45b5-88f8-a8dc3413289e	28898	94.57215	99.08941
2e5e1f02-8741-4e89-b43b-0f94a4edb902	23762	89.97520	96.24619
2e61b802-fb6f-4335-b52b-004de6426b05	23516	90.69576	98.91396
2e6283bf-bc94-4697-b020-b8129d29afe8	48469	93.03853	98.71405
2e7ad4b4-5756-4277-bdfb-bd544c9ca99d	29113	79.21082	91.83667
2e7c4f87-4a24-414a-a363-95570c5e5e00	22417	86.25407	93.48373
2e8595b8-5cd5-4458-98c5-346c63d1ce36	27357	95.73417	99.47858
2e8eac18-8ee3-4ac9-b93c-33924549e293	44513	88.08766	98.53300
2e954371-b0f1-43a4-a9e3-18ab31b6cad2	38670	89.03142	97.18679
2e99bd5c-a0fe-4f62-82d5-992c73a5eba9	24163	81.56414	94.11557
2eae2d18-eb8d-4784-a724-f756269087c9	30631	95.51562	99.40461
2eb4bf4d-864e-40e8-9d0f-9bb1e869ba1e	48250	95.40783	99.44871
2eb667a2-f169-4868-94b4-8f2374a7b4ae	51835	96.01193	99.41415
2eb6ff04-3a4b-4eac-86de-db9f3f143e13	29701	96.45178	98.92803
2eb93833-c720-4a82-9dc3-9c4645d5618c	35796	90.42353	97.89627
2ebc6925-e877-43d2-a16b-473201348c59	30325	92.26791	99.01684
2ebd3eb1-7a01-41b9-b7ea-599571578ae6	63680	89.70063	97.58583
2ecd1fc2-3285-431c-b87c-e6059ca6e692	40896	94.94078	98.94311
2ecfe238-9ee1-46f8-9059-f9fbb9bcbef6	31974	83.96731	95.27481
2ed20938-a73f-41b1-a685-8885e5b476e0	29998	91.60632	98.10609
2edf6b43-3805-41c6-b74d-8ab679e8cdc6	60050	88.41218	97.97065
2ee06226-7f6e-4dd9-8930-56d9592e7d94	53569	94.42296	98.92539
2eeb5da0-c69b-4b67-ade6-85b47489b521	28880	90.43863	96.65457
2eee96c5-ff30-4eb7-af88-1ebda1cf5afa	31245	87.20871	95.27875
2ef055a5-0548-422b-bd2e-1d3f8e02a9d5	38052	94.94962	99.05811
2f03e700-428d-4aad-baa5-2d14c37390ff	23149	95.66067	98.98305
2f076446-5750-4b39-af52-1830acde3da5	31672	94.65677	98.96319
2f0a39e4-6873-4a92-9d7b-898fd686331c	24703	91.09335	97.92338
2f0bcaf2-8e51-4de0-a373-1ac55e1a261f	50363	86.93113	97.90907
2f13ac81-0efe-473d-bc82-6ef99b52b1d2	40539	86.32988	97.34714
2f17baa1-2d55-4e87-8ff1-3e89b802fac3	30994	95.32425	99.22958
2f1f4e90-022c-4d83-a66f-305721d3aafe	43800	90.14184	98.29899
2f228780-7b16-4d76-b48d-68ef532a7d33	70451	90.76572	97.85793
2f23a938-bab7-4f5e-aab4-54a61ad5406c	53939	94.63319	98.94160
2f2c1246-d20b-4e20-bd70-419ec47039a7	42856	84.42446	96.09371
2f2d5fc7-1a0d-44b4-bd7c-032a573f372a	34728	88.67940	95.99168
2f2eba80-aae8-4b32-94e3-592fb0a0b139	28057	94.91674	99.39250
2f2ee511-8d13-41fd-848f-cd8964d8cd69	25825	95.43655	99.09182
2f359d4b-0e02-40a1-82bb-a1814612f9ba	25670	79.88712	93.06609
2f3bd37b-3bb6-48f7-9941-2038e9251ab5	27112	95.91015	99.09091
2f3d70b5-e41d-417f-a160-e24d0db2994e	51282	95.10457	98.84190
2f3ec336-c1f2-49a3-b478-4576845ca32d	27549	88.58572	96.64977
2f46da62-b61e-4b71-8bf3-7a11c0bce188	41002	94.17601	99.20016
2f48b2ba-a928-4d0f-8ef7-63c8db0b9f88	51774	95.69819	99.02120
2f4c0286-fd96-4b85-bfaf-2480c9267896	23182	89.55304	97.69774
2f4c231d-0212-4af2-949e-472d79d2c596	29468	82.30194	94.96910
2f5fcf67-effa-4878-bf06-e262933b936a	46424	89.93438	97.91988
2f6982b5-e983-46a2-9503-e3a0b93757d1	69839	88.41137	98.50462
2f6ea8c5-bcc1-4f95-90a4-8786e1c8726e	24248	95.09125	99.07791
2f6f12c8-7d73-40e8-9217-a5f3960956a4	28281	92.64443	98.67100
2f70c184-5688-4c7b-885f-1f7d8475edbe	22773	92.75356	98.71131
2f71c04d-c308-4707-901c-d1cc3db32736	27300	91.10786	96.48247
2f730793-47b7-4b34-ac5a-b4b0d8aedf19	39068	90.50568	97.30398
2f839873-1f02-48c8-8090-53cbdd4cddbb	25083	94.44185	98.48008
2f87b8c8-3cfb-401d-99d2-15e106d1aa56	31657	94.64822	98.91311
2f952eac-31e6-4b31-a5ed-c26eb360b10d	42004	80.76655	96.17712
2f9584d8-e7a8-4170-9945-caa91b317d1c	24851	88.40089	97.73077
2f9746eb-b4f1-47bc-9474-21f0e4bfb8df	47648	93.31535	98.73436
2f98dfcb-256e-4a7b-b4ca-ae63fa6ee2e6	41752	88.72920	96.54685
2f9cad2e-d3fb-4cad-9320-1dbd9a1c4788	42009	95.03164	98.64010
2f9f2546-686d-4835-a480-d4ffec2684fd	37406	95.11043	98.99167
2fadca38-14fd-48e4-b3d2-995dc93b0c50	27012	89.50800	96.83419
2fb1e621-fc2c-4f5c-9b44-a6e615382975	18763	96.35447	99.23664
2fb5fed9-4137-4ceb-bbc0-4afcf6ed6735	67287	93.54376	98.64974
2fb6f03f-3289-4767-844b-1edaec108bff	2521	91.72816	96.54224
2fb7df88-3a58-46ea-8eb1-f85391f10151	29888	91.58676	98.26199
2fb9e1c7-4108-40c7-bafe-f2dd7903581a	36415	77.88780	93.03791
2fbb0865-008b-413f-a7e9-a2079e641aaa	17984	95.66616	98.59364
2fc20498-7f6f-4af5-a287-8bca144571cc	30404	90.65577	97.94600
2fc6f93e-f5a3-4681-9ebe-36f97cca404f	47261	86.48058	96.44587
2fcf42ee-4561-4777-af4d-b495ace1ef17	37105	95.00488	98.97624
2fd3b4c8-6133-48c7-a7d8-b075f575f793	32963	95.47216	99.28470
2fda0874-03a2-41fd-b0db-cb53c5bbf7ef	26349	89.94812	96.43787
2fdcb5f1-5904-46a6-ab58-8f8c6a9783b0	45451	89.19269	97.03171
2fe2f0ff-e5cf-4135-9128-902ff998ad96	11724	93.51266	98.73985
2fe81f04-5c13-4bc3-90e5-77e26e469fb7	28591	93.41297	98.84870
2fe8a623-c198-4d4b-98a5-d78aa9a1d8c9	41137	95.38906	99.66511
2fe9613f-761c-4cd2-b222-911adfc18139	6599	91.63604	98.26009
2feafc01-b4a3-4d74-bdd6-316ffa2995f8	48951	95.56984	99.05303
2ff6f0e5-61b1-4f4d-9633-40f6fbff17d5	26046	94.68366	98.97718
300022d5-d51f-4789-81bb-3bbe29a093d8	51174	87.50872	96.06671
30016f8c-afaa-4a62-9889-4223ecc4afcb	29126	81.70468	92.62800
300444d4-c62f-4911-bf0b-5b83dcf64c4a	28519	91.75541	98.22274
30066ede-fdb8-48d5-a915-9fb5ca33e410	27037	95.34681	98.67775
300852fe-15d7-48cd-8c10-f68e392a1eff	22826	90.87992	97.87628
30089ab7-7c94-4fa4-8af7-d837d7cd04cc	43754	81.52623	95.58943
300a11f1-1256-49b5-8332-bcdfa3dc7cb3	24295	85.88983	93.95139
300a66f6-be4a-4928-a59d-893f948ad4f2	71399	95.16392	98.83315
301097fb-40da-48be-81f0-8bc4b8afdcdc	37191	88.02615	96.95869
30172bb5-88be-472b-b7aa-d7a18e289e7b	28672	88.17880	97.02913
301751be-80a0-4b2b-b8c3-5d7203a4cedd	28498	95.33919	99.48190
30228422-f3cc-46c9-94c6-a81b1c80e6e4	57306	91.29075	98.57040
3023ff8c-bded-4fc8-8369-7f15c6000722	31584	95.34031	98.95716
302c8e88-c77b-4166-be1b-e6b5d3e12940	25520	92.89848	98.48303
3030ac40-b5eb-42c6-8bfc-5291a2a36dbe	25701	92.66798	98.63726
303317ba-b6ba-44c5-9f45-92ec345b9561	23113	94.50787	98.81974
303cf45a-7b95-42aa-a7cb-7dddd16b4d3c	25473	89.49237	97.98995
303d136a-f7f3-4d77-b1da-9642e2fa3f69	32953	92.55850	98.72650
3045cfbd-1c50-4a4d-ba24-6bf555f8a1b7	62405	89.19242	98.18898
305061be-c6a0-4366-a30c-28edda988938	49051	83.11639	91.47652
3050be8e-21e4-4405-a7fa-e35960729817	33539	92.61172	97.95877
30546670-e2fd-426a-bf99-4233d9e207e2	49474	91.55375	97.63797
30550dd5-2588-42d7-b34e-8afb3bf59397	24519	93.79771	98.54032
305c63de-29cd-4071-a6b0-57d22f0ff485	30574	94.86925	98.67314
305d8d9a-7f2b-4007-aaa9-2a5bc7c60d52	24485	88.50480	97.55131
305df129-4d7d-4247-95cb-37da2eda729d	32745	84.02500	95.71176
306113a1-5275-4b13-9319-dd2c4418e9af	28588	93.42917	98.70894
30631e0d-a57e-4e72-adc3-dc0ad615ab14	22642	95.81430	99.19124
3063819b-436f-4bae-807e-d35cd1fe66c2	26425	73.95087	91.67334
307c5256-1e12-40cd-a77e-7562b38df51d	25588	85.57083	96.49488
3081cf4a-24de-4284-a052-7a8fe6d41a09	25889	88.81173	97.37488
30884268-2c6c-4fb1-b7bc-074e760ad552	33811	85.55988	96.55261
30901687-6a74-4337-8743-3cb495e27cdc	24344	94.38578	99.18271
309085a7-1b8b-47c7-9179-23eb2b7d6295	29622	86.52722	98.01267
30957709-1082-4b34-b205-12d7cd29cb52	51841	94.56780	99.02630
3095fec8-95cd-4337-a2c6-ca1a5034cf00	23746	80.73030	95.62510
3097b947-398f-4f8e-9912-ff42e3703ef8	48370	90.35695	97.54590
30987bd6-ca61-417b-a6bf-733ca808ef06	49819	93.65048	98.89666
309bcf02-a3d9-48ed-aa86-4415244ecd0d	30346	88.20237	97.70453
309d625f-6354-494c-872a-a7338dceeae6	26394	87.70471	96.54223
30a06cda-e9f7-4e80-9838-08526ff297cf	38783	94.93850	98.92907
30a14c65-8cf7-40f3-b544-36f772871423	33695	90.03839	97.52778
30a249f9-5fff-484b-bf27-f2ea97946d5b	22618	89.15267	97.24367
30a69a92-ec8c-43b5-82f8-1f2836558890	23871	89.71944	98.64674
30a8b2d2-4f45-4e11-aed1-58ec3b6c5919	34225	86.99169	98.31535
30ae2a18-7a0f-4289-844a-3cef21715517	43633	82.50430	93.71622
30ae3f12-a392-41de-b897-3c0526cc266a	23702	89.67287	98.84528
30b676d0-0246-4d23-ae5c-2289ca533774	29104	84.98014	95.95930
30b82159-495e-4068-9b43-3a6c23c8eeaf	33289	88.07926	96.97864
30c74bdc-8cee-4f43-b622-63b37608ea11	42369	87.06113	95.97774
30cc8dd4-f677-4033-8a53-a337a7e4db64	23151	94.26727	98.53500
30cfb6f6-27f8-4639-bfa8-75c536d90574	23805	87.80700	95.97280
30d0e23d-9686-43ac-ae09-c6b83d19684d	42698	88.40913	97.59989
30d1c73d-679c-45d8-a69a-e80b66742164	50197	95.96703	98.97119
30d2711e-2c0e-43a7-b79d-df71aa2b869a	23777	90.48338	98.50535
30d2d43e-6acf-402d-af37-05369e2523bb	58828	94.60766	98.83555
30d3f714-dbc4-454e-86df-ca794f800135	24102	93.81752	98.47503
30d63707-8e78-48bd-be54-71b7449199f6	41737	95.01306	99.50126
30d69c07-06f8-4781-bdde-b96424342664	23955	93.46163	98.62058
30d79cc9-d887-4337-9788-aadfe0db171f	41866	94.83879	98.74527
30e06e3a-9ec0-4d23-829e-ea76c20e831f	14317	88.39574	98.69626
30e36f4a-93f0-40b0-bd0e-b8ba92d127ff	32635	90.27040	98.53805
30f4bc09-9921-455f-9b71-b828e43ebf8e	42383	91.25099	97.05288
30f6b455-6cdb-47c7-a094-3d716025d6d7	64057	93.87665	99.12767
30f74cf2-53ee-4472-ba1b-ec6ad95d8f56	26274	94.09399	98.81860
30fcb123-4a2a-4cb7-9cf8-b4840ec1407b	31314	90.46128	97.49766
3105a05e-a55b-4654-a806-8a1ff75e12e8	32833	95.26467	98.74616
310796c8-b03d-41b8-8158-dee697de6fbe	22867	87.71260	97.02840
310bbfe9-b514-4ecb-b004-2d0681ab5d6b	42942	89.10787	98.20033
31115950-45ad-4549-bc65-53d116db2d3e	25717	94.31736	98.84308
3112dc38-e7c6-4183-8813-9c57f078f9cd	24387	75.65365	86.71468
31157075-39d3-4c8f-84bb-40d975b6313a	69789	93.27626	98.73108
311616ba-fdaa-41b1-a5ed-26b51b144a0f	25353	91.92931	98.35772
3118a544-f9eb-42a3-81dc-9fca6e6c1e2c	33628	93.74116	98.09532
31204cef-f5ac-412b-aa6e-8561793356ad	49831	94.08316	98.57347
31252e8f-01cf-42a0-a65a-767eb58364bc	32683	92.25026	99.51726
31258ccb-c9c6-4fac-a5cc-ca39c4a4f115	36941	88.34316	96.87451
31292a8e-ab20-4577-9faf-d9fe8bc8605a	35761	95.00713	98.95172
312a141e-3f15-4394-9239-ece3807f9529	47997	94.05369	98.71227
313002dd-c3a3-4ea1-87c3-473e60b9bdf4	24916	95.09107	99.15373
3133acb7-b257-4c8a-9b88-41453310e51c	25834	89.97961	97.52160
3133d79a-81f0-4357-9a17-18b2f9173835	32034	95.49583	99.02371
31353db4-f5c9-4032-bc39-8044563b9cf1	31745	87.92758	96.82127
3138086b-2d1a-4a8c-9918-8080dae5bad0	26083	94.04116	99.62448
313950d7-f3ac-4ed9-b5fb-c73485d366eb	23733	79.66121	93.78304
313ad3b1-f3d5-44ad-9c2c-3dd442981e46	29631	89.96517	98.50273
313eccf8-9113-4ed1-999a-73fa3ba33992	34916	93.69653	98.19320
313f26fb-2417-4083-af6c-513f923b3bf5	57166	93.17857	98.79003
31403aae-ff14-461f-a44e-7101dc0d6f79	58781	92.36377	99.01668
314596ad-37a9-4545-a0cb-1fc3d58e04d6	38423	94.54370	98.49979
315602a3-daac-48ce-9212-2ed96b541a2e	30137	95.77033	98.78073
315828fa-df8c-401d-ba50-bef5c478ef3c	25573	86.52015	95.52256
315cf7be-cbf7-4b59-9934-cb814c3ffe3f	27375	94.94147	98.81590
31610c4f-ed95-4886-9d3f-a113cf55aa93	27227	93.82907	99.17090
3167f75e-d6b7-4c28-b594-d86b951a630b	24111	95.50884	99.49079
31748562-5cc3-4cca-97cf-91796681205a	34328	94.70144	98.82849
317ca170-8992-4cd8-953c-75a670fc8dd9	47060	85.67851	95.73288
317cd6d3-9d78-4293-a0b6-c634f9277922	28613	88.54372	97.92511
3191576c-cd66-4ba6-b5c8-844babbc05df	37392	95.01926	98.89743
31920489-6665-4aa4-af95-fd9917096d0d	24341	92.99093	98.51801
3194f6a6-e51e-4eda-bd94-d65c84e52353	23438	88.93349	95.56584
31963d65-c565-48b8-b576-06e9ba9b6a71	29686	94.62429	99.02695
3196deb2-171c-4a54-b2fb-f24e611901a9	30186	94.89075	99.37605
319c29a6-4c83-4722-bdb2-a57ddd2e43f5	46116	86.88273	96.33314
319cc8a7-457b-442f-b303-d501aaf3592a	27954	87.59310	97.33026
31a8c645-ebfe-4038-9435-f2d81e4f88d6	26416	89.42036	97.72238
31aba48f-bbfe-4b03-8934-2dc3a15ff457	46176	92.69134	98.78702
31b7675e-4bbe-468c-93dc-6a2a2336d043	32507	94.46791	99.22253
31bea687-788d-4db9-8c09-8ed21edf4336	27698	94.76610	99.17774
31bf64d1-f332-4e81-a624-82ffa8c33c4d	28835	79.28943	94.85782
31bf9e64-bd19-4e2c-bfc6-06af2e250af0	46546	95.63795	98.95017
31c141bd-7d25-4bd0-a358-2916fe722376	32803	95.43682	99.28365
31c35652-b130-4ede-a5bf-f13a80104721	13824	91.09541	98.40091
31c43eb6-fb52-4726-824f-10431f24109d	46584	91.51636	98.00911
31c68fe1-0653-465b-b4a7-5a976a6424d0	27957	93.41219	98.78088
31ce73e4-fb2e-45d0-91de-03952f3434e6	40642	90.38462	98.62770
31cef768-0942-46d3-997c-0c11bc7729af	34542	89.82270	96.66302
31d2567a-3e7f-41df-95bd-66c887526ded	26812	94.76921	98.95201
31d8a120-317e-49c5-8f52-02362b3fb41f	26762	94.88855	99.07490
31db8170-3fe0-4483-be7a-5fcfcd8fa501	26929	95.49059	99.32310
31e24524-4928-4119-a622-55e31db38377	26004	94.25897	98.52500
31e9b3fd-418f-4957-a662-02577fb04941	40237	96.10881	99.73918
31ee59eb-e01a-4f26-811d-e655230592eb	23566	86.29977	97.72150
31eef130-91f3-4caa-b7a8-4d345642c176	40254	71.63834	88.99074
31f0e31c-94fa-4e08-8f3a-94bd680a21e0	53945	91.19700	97.75487
31f1142d-221c-4454-bbdf-d83e1290dbd5	6736	92.95552	98.00408
31fcf7a5-f2d4-4f17-9e67-d86882ba985c	50977	93.34285	98.59927
3200408a-c2fb-48d5-9c61-1d956f0c39c3	33929	95.77224	99.01425
320315b7-3bf2-4053-8549-e435c8b59f9e	46485	92.13429	98.21164
320a4677-8e66-4123-91b4-fc77a94d1eb3	27142	94.80693	99.22987
320f28b1-2205-424c-9a7d-5b5584742f58	43600	95.50876	99.34712
32120472-8e4a-4ac3-b706-5ef2e291f6a4	5761	94.22260	98.80808
3215add6-aee5-40d4-b370-08b4d33cff4f	32634	95.25474	99.09238
3218451d-7b75-4590-b37d-c2285ce045d1	24162	95.02053	99.05385
321b5c5c-084d-45db-9647-82d7c267c56c	32211	86.74211	96.75632
321eefd9-a001-4295-852a-eadada9e76a9	22947	93.63718	99.28792
32217099-87a7-4507-9806-2692047fcdcd	30047	86.33740	91.18211
32246540-091b-4e64-aa5a-cc0c3f021a26	48671	95.57810	99.40470
3227cf42-da34-43b2-8d74-bee6530d1171	22373	93.71463	98.10781
322c1896-2616-4d24-90f2-926ad704155a	34493	84.98598	95.40676
322f82ab-ae0d-4e1a-b51a-4874458c0e37	30349	82.96299	96.27082
32332ab6-09e6-4c09-8899-2d938eeed662	48314	87.84703	98.11259
3234189b-6bac-4459-b313-063052320bb1	39164	88.34493	96.72878
32343e0c-4ff9-49aa-b3c7-00850014441b	47840	95.13934	99.02963
323aaf5d-7027-42c4-95e2-98af3073e780	72261	89.80630	97.41073
323b55f9-cadf-4df3-9ebb-59c6affd9fc6	31611	88.14495	96.91172
323ea0c2-e789-4405-9442-813024e3867c	25074	91.54592	96.12931
324abc77-c05f-42b8-bc62-722af3d10c9e	26179	91.47186	98.48954
324d81a2-c0a1-4033-99d9-b000619e15a4	22110	95.67310	99.07782
3251ba57-0b1d-4c3f-9166-e3c0f1c969fc	27499	90.34111	97.61684
32520e5b-374f-469e-a8b3-27e1a1de9e92	54749	91.04554	98.03299
325b7b00-e4bf-466d-92d7-e5a3d25b5cb8	41940	93.84881	99.07480
325d1bbd-3204-45df-a39d-8b7eac6ff24c	24342	93.28570	98.26622
32611048-e99b-4162-8f3d-36393c0cf453	24136	95.42159	99.17556
3267c53e-1ac6-4123-b99d-74c14e463921	75452	82.63625	95.57108
327967f3-c56c-454b-bd3e-0eea7cfe5ec2	26934	87.58682	98.14557
327aae0c-88ab-4512-bc64-bbf98bbee5a2	41075	94.63372	98.84548
327d092b-b55f-4c09-89ef-984b4510e6c6	67991	91.63277	98.81133
327d98aa-f8d6-4768-a950-e431b0b8408b	23533	90.51999	97.59853
32876deb-36e0-4634-a241-0710b2762a4f	24154	94.19856	98.67191
3294e1e2-494d-422f-9796-2745598c80cf	49947	76.03986	91.79476
32a27ce3-5c04-4de4-9270-74aef4157951	49584	95.56780	99.14842
32a4a198-cadf-4c2c-aa0b-5a090e40a8e4	26122	94.69637	98.82750
32a7ee23-fbaf-49ff-81f1-35d23cd54c52	35709	92.78398	98.01403
32a8c8d2-67b4-4e8a-9e44-fe81d4fb57f0	23821	87.51143	97.35504
32a91d5c-532e-473b-804a-3402afdfaebd	29858	92.43872	98.09960
32aaa058-5db4-41e3-8c4d-99ed6c8649b1	24136	94.21682	98.94720
32b08a40-5f08-4084-a7e8-3b6b56e0e6dd	47089	96.16776	99.12910
32bb7d53-711e-45ac-9c21-7da1cfca1589	32515	96.02390	99.32941
32bc8d89-44bb-4117-aa10-21757793016e	24950	89.87327	98.01001
32bca3af-f235-429e-8e00-b1015eea3723	38517	81.55197	96.26744
32c1125c-54fe-4cf6-bd3c-ddf71299ef75	51209	94.95834	98.84204
32c9d577-f2ef-4aa4-9fda-b1d148d1b8f6	29030	86.58409	98.18182
32cac2f3-d241-474c-a700-ad70112cb77b	27130	89.74068	98.51774
32cce7a3-0175-4aba-b663-6c052acf5e9b	43285	92.48534	98.87874
32d08479-cc5d-4f90-a198-1166bdb75caf	80353	95.09148	98.83160
32db33ef-071a-458f-a01a-b7c8505cfd63	35428	83.85100	95.49710
32de3e22-36a6-4171-8b09-b0c104fa0893	23017	89.94083	97.60658
32deea92-c6ab-43fc-a7d9-453daee4efc9	41663	87.93218	98.06377
32ea39ed-8e5a-4405-878b-f8aa9e7e8983	22405	94.33156	98.55648
32efd578-bcfa-4a02-a6e7-884dcc17e1e1	26337	95.41459	98.66957
32f0e755-ef99-4e31-a547-f70923235e67	36173	86.29849	95.75248
32f2ce74-260a-4236-867b-8c5e79cec7b3	37350	95.84771	99.14093
32fc9d81-fab1-4b33-b58f-711ddabdfd4d	38034	86.74030	96.88673
330023ba-d307-45aa-82ef-36ac6860f2ef	33541	94.42381	99.23166
33025af5-f0bb-4a3d-aec5-b74c58dfdd33	31120	95.37454	98.70279
330d410f-d93f-4da8-b4a4-9317fa48ef13	29434	94.92905	98.37990
330dd440-71f3-4fff-bdc2-fc6bd1d8ae22	46529	88.20381	96.42494
330e851a-2aa2-4ffe-8100-4e7b90942059	25931	93.57725	99.04981
330f83c0-dd7f-4849-bf13-27dc3e43e28a	52943	94.89154	99.33108
3314f65b-bb44-471a-8645-d2e12867b106	31431	94.30730	98.69055
3318152a-7ede-4fb2-96c9-926ab150b70e	41717	92.52654	98.78989
33186631-a0bf-4974-ad60-f59861506a37	29241	93.73561	98.65701
3325c98b-e9f5-4b35-9b4a-a52bf3f6eba2	34115	93.68768	98.33622
332a0612-d0ed-4b10-88f7-eeaa1584869c	30646	93.74086	98.47616
332afd08-0539-454a-abfd-3bc9ba903eb7	23616	91.88276	97.17024
332e8b2c-1193-498e-bd20-5f228ac0b87e	24215	94.39909	98.81698
332f395e-c4eb-4407-af03-2946c442a72a	52157	92.39592	97.01768
33322813-3708-4375-9900-0ffc4c17ffb7	29251	95.91142	99.40385
3334f90f-f1a1-457c-949e-17cc31cc8f20	40774	88.01299	96.79720
3336ad41-2833-4823-9a43-09fa5a144a26	42932	80.29113	96.56215
333c6874-fe98-49eb-b128-83a65ffa3269	44946	72.86951	92.03132
333d8387-9160-4414-9449-9e7e919a75be	26085	91.71754	98.72682
333ff86d-a7ec-48f8-b6d0-2e6d4b266f80	32005	90.75418	97.47412
3347a7f3-f811-4c35-8140-fde3d283d6fe	13992	89.87273	95.94855
334b6618-1f01-4def-a3c4-3260b8a12130	47986	95.35603	99.46196
334cf7ad-6780-4a92-99c1-6c6d5d171652	44771	94.68489	98.69281
3354ddd5-8964-4543-9bd3-57bb722522ff	23922	91.26068	98.26399
33650833-92cc-4760-9d78-10d6202f114c	70298	92.02982	98.61530
33684f39-1e39-4c23-87ea-c973206f1725	28376	92.62583	97.98788
336ff6c7-b8ee-4e10-8872-23bbbac0586c	40866	92.02544	98.67118
33725d73-ec56-49d7-b043-6682cf08a979	29367	90.34878	98.00857
3374ed96-d7b0-48b6-9321-2346fd240ed9	37178	82.96766	95.07234
337b41ae-a444-4fa8-90a5-10f66cd899fb	37009	92.39981	98.85944
337c52e1-2ffd-4239-a4d3-a4baca88293c	22660	94.68338	98.71890
33899f0c-63d5-4b6a-90f1-47bcc66b12ad	24739	80.44353	93.06059
338b8ad0-22c7-4782-b6be-1b9ec1e5aab8	49066	93.46695	99.40920
339aabaf-8075-45fa-91e1-163e8d000edf	22858	95.48356	99.51942
339fc802-9430-4f7d-b76f-a78c177ac719	50319	95.65726	98.91319
33a088b6-9d18-4632-8e9c-464c4c4985e4	24054	91.28335	97.96069
33a3d0db-147d-4902-9615-947307013a49	54227	90.31180	97.14778
33a5e030-8feb-4a59-b432-98fd429dd3af	62204	95.29886	98.92215
33a77652-70e3-4b9d-abe3-3a43726504f7	73537	77.60801	94.71580
33a940df-6e19-4672-8b2d-73e7675bdcc4	22319	91.41668	98.47660
33a94712-5676-43e6-9f35-eb36f0997ea3	30856	95.11760	99.09530
33a95b66-03f4-4d99-908b-5270bbcc6132	26183	95.65561	99.26996
33b28c2c-cf4b-4c4a-a850-a79dbf7d50e6	28113	81.81355	92.45619
33b80fd7-3ee5-4128-b3eb-daf56e04e7ae	42190	76.74712	89.84428
33baf43a-0b93-4be3-a2c8-f2af327ac674	67435	94.02169	98.80741
33c076ca-5bbb-49a4-a742-9cfb448f7c19	46461	87.99289	97.11605
33c739ea-9f22-4ac0-8831-6c1919a90fa4	55409	91.88574	98.03210
33d02f46-c376-47b6-8f80-77fd551a5eb6	42204	89.75096	97.46308
33d03508-e2f1-418e-8865-8927c9db259d	26849	93.37645	98.67689
33d1065e-9dc0-46ea-b7fa-24638f893616	25755	90.94918	97.74998
33d2470f-6aeb-48eb-a62d-72b0d47a6528	46985	76.69169	95.31830
33d51306-a9cb-444d-a59b-1113f3145476	24512	95.15780	98.93100
33e2f339-8b1f-4107-854c-5a3591a1542f	27711	95.07464	99.19601
33e3c238-b111-4eb8-9267-d76ce8657652	34207	92.91686	98.75679
33e70206-312c-45b0-9a27-056dfcbd2d32	38164	91.06422	98.05230
33e7eaac-f215-418f-9eb4-001ce3c2c6df	39900	90.45975	97.45265
33e8a91f-f5b9-4438-ae59-473169bfac85	39185	92.03983	97.39813
33ed6df1-3eb7-4a2a-8a86-63faaae2e2d6	25338	95.01960	99.30807
33ef8988-7b6d-45de-9c9e-f48bc6591712	31040	90.18017	97.40644
33efef98-8de0-4251-afea-cb34ccda9ecf	55096	93.42359	98.93544
33f3074e-676f-4b08-831c-1b450a218507	44041	84.55751	96.00420
33fd6ddb-72b4-49dc-a156-54fae18f87ba	22475	82.67536	94.12532
3409f801-fc39-4b3a-b532-45c4803c30ab	37680	93.38414	99.15610
340adbc7-a26a-4987-8b0e-96142598879a	836	95.91078	98.88060
340ea0ca-ce2f-4afe-8ed0-1521511e5bfc	23396	79.52401	94.32785
34130cda-d224-42f4-a020-1aa0a6d94490	32518	92.85565	98.80825
34153726-40b1-4246-9353-b0c5bf681b77	31278	95.94051	98.92538
3415629a-45d8-4ea4-8e0f-caba82c93e4d	23873	83.87021	96.43887
34159f87-774a-4eb7-aee9-6486adf2cf20	27494	93.00495	99.32535
3418de74-aa41-48d8-990c-97dc9cd613f7	38243	92.16318	98.60174
34217745-0e99-4c3e-ae68-91fda3b45243	27500	85.89814	96.79241
3423afa5-913a-431b-a77d-24ea41c70b4a	28004	94.05430	99.56492
34312ffa-2aeb-4dc3-8dc4-b4a45078eb08	23126	80.24578	95.19649
34318bf3-5fb9-4408-90da-5233aa0587cc	44039	82.49991	95.82196
3431d362-db60-4225-94f6-9310255a0805	23553	93.99527	98.87584
34388824-498d-4827-9527-a0e8da59f261	30918	85.13708	97.39139
343d1fbf-53c5-4d6c-a808-6b1bfaee03b6	23945	94.45735	98.51048
343f0a72-75a3-45f4-9d3d-5848946d3f80	28037	88.68801	97.21449
3440ef15-7322-446c-a600-e752db310d86	30370	88.83427	96.88691
3444e3bb-cdc0-4005-9f37-48be1074c0fb	45050	91.11764	97.39517
3447fcfc-f2a3-42ae-b250-e85374e2cb2d	32996	94.82856	99.06359
3449e049-c421-4d06-8f31-f6d68c4509d3	30412	89.96173	97.23897
344b1f1e-c149-46aa-bcc3-4184925fb104	72892	91.42374	98.84449
344e129e-7de0-46e3-9427-3db36a5b375c	41212	94.49467	99.01064
3453a905-e5ec-4a88-a4c5-d1b689ab3435	43115	95.59988	99.39029
345a3de5-2045-422e-af9c-b2ab7c29a2ea	40139	94.46205	99.01139
3460500d-1828-419a-92cf-6147e852c204	36917	95.28555	98.92831
3468aaea-e9c7-448a-8339-be130948a237	45710	82.43609	94.44663
346e2c3b-fe98-4c80-9010-b0575aed2318	22960	86.76744	96.99593
3472aabb-20c9-4cdb-8ad5-1ad396bd77e1	32960	93.19750	97.87760
3474de00-0694-476a-8d03-dd1cf81182c0	30013	79.52756	94.37581
34751afb-649a-4dbd-b976-ca1c27e196b4	27112	93.33501	98.67825
3477f140-5922-406d-ae00-3e1af9ab0fa1	29844	82.20159	94.65019
347946e6-6363-4e82-8fac-2f8185d39fdd	26631	93.61764	98.43860
347de7b1-161a-44d8-a877-ba4f0dcaf322	35342	95.88368	98.78978
347ff252-6011-44ec-96d2-595fe4936277	36487	88.20833	94.95654
34801874-ccb0-446f-8c8f-cd8fb00d8098	25857	88.70749	93.33092
34816b34-a7ee-4b64-bee9-9f168d6772f8	41164	77.59711	92.42271
34818738-b4a4-44ff-bed4-e9975bdee676	34963	94.78587	98.69031
34823fb1-a05b-4a5d-b8bc-6dfb2e21e362	27016	86.63379	98.16772
34843595-e2aa-481b-abf1-2d2c16c395cd	30981	94.86368	99.07972
34852194-ab0c-461e-b04f-86dd66a5b132	28626	94.35349	98.80252
348974ee-f527-46fc-909e-c72e9004705c	43870	86.40775	95.97825
348a5c04-b503-4077-87ad-a5c795ec9035	35611	94.72408	99.32952
348fa922-cf2b-4788-8585-bff55ee66421	22619	86.49085	95.40098
3490798d-1243-4db0-950d-0b80baa4c035	37737	94.97950	98.80371
3492869c-3c5a-47fe-9f6c-fbb65e40ab90	34424	91.58706	98.02158
349725d7-f3aa-4128-80df-aeaf52ebef23	23082	85.98142	96.98247
349b3e21-7642-4399-a294-bd31c1a707d9	86052	93.21325	98.82544
349d1a26-b263-41a4-80ca-2c5b0d3d7885	65863	86.04641	97.73534
349dc69c-0f44-4565-8240-01a8cae091fc	24290	93.16800	97.34197
34a632d7-c98d-4dd2-b0fc-8762cd784eb3	24824	91.50829	99.13030
34b64ea9-a22d-4f25-ac00-10a67a1b32a3	24222	90.27722	98.28204
34b9d148-0039-4e46-963d-58c1c6052ff7	25615	75.29632	96.02194
34c864b7-285d-442d-8f4e-10b6bd658066	32947	87.13196	97.51870
34cb64ac-7d61-448b-9e57-2f8a49f4eed2	9947	95.60316	99.26493
34cf2e76-30b4-4569-a09b-eb37d7a395bc	61021	93.45285	98.60774
34d346ae-0e5b-46d5-8597-00ead0214b2a	25978	96.00956	99.04758
34d8045e-a057-4392-b13b-6d230c1f0885	35091	95.27376	98.77842
34d89d0d-25a7-4513-ad73-649dc1242031	30721	94.27223	99.13302
34dcd794-0179-43bf-854e-f3e4b48b1adb	33049	93.95570	98.13679
34e2c3b8-8e47-4932-a961-e0d83014b2ad	23943	93.87055	98.85686
34e39e64-f6d8-4b39-b5d2-101fe86eb62e	42511	87.88839	98.33515
34e74833-fe38-4f54-8d43-b7b61d22bc34	28032	75.86063	94.30878
34ea733e-2576-4aa3-83c5-5aeae94666dc	50786	95.75469	99.09528
34ec6136-d40b-4c73-9c4f-b5ffbf33398e	29149	85.52814	96.42336
34ed8710-4cae-4d25-acd7-48a83a79bdb4	73672	94.36736	98.81307
34ee2cf3-433c-4fd4-8323-498b6f17733c	33917	89.16436	96.68800
34eee9f0-5b3b-4e77-9828-208a830ced6d	42194	90.87848	98.81210
34f171f9-9c59-4bd7-8a2a-1699321f4c42	27746	95.97106	99.14729
34f579cc-b080-4d8f-a751-c4906fd4be7c	51937	81.24415	94.69607
350964c0-e2a4-4074-939d-c772665c3c23	22847	93.24394	98.59686
350a1dc5-3c78-431d-827c-8b12bae05775	41557	88.09384	95.60797
350eab7e-2cbf-4b22-be44-b61fea19aa2d	35574	90.61184	97.67692
3514acf1-2419-400b-abdf-19ddc1153c91	25836	75.70521	91.54915
35160123-cbbc-4293-91b3-2282df3c56c8	27691	90.35230	97.02657
35163dc1-53a0-40e6-b0d4-2fe365a1f621	60242	93.01449	97.95633
35272b35-3a2d-4c9a-ae21-0fa088ce6761	29465	95.19279	98.82669
35291fea-d8e9-46d8-b32c-f4b06ceb145f	28946	89.57310	96.17576
352e106d-1eca-4bdf-8fe5-4afb996e1ab0	39565	94.86177	98.80383
35325298-c1ff-4b23-9066-16b0a13c0d84	70870	94.81185	99.32094
353ddf0f-add6-42f5-a148-ab95a70b5967	28388	94.89379	99.14560
35403977-f07f-4691-b2b2-1dea99723122	39262	87.52171	96.82701
3549bdb8-7fe4-46fb-9dfc-2c0eea68fa3d	42584	92.61128	96.92630
354d98ba-8584-44f2-828f-9d0f39a50dcd	46785	90.84610	97.60366
355039bf-d444-484d-96d0-433c32f4789a	25820	85.72214	97.46888
355204d8-e957-469e-97c6-c525d4aff68d	22866	95.22847	99.42529
3552c942-836d-403d-9b4c-0f19ef21fbe8	22189	92.96140	98.85819
35573de4-c8ab-4f1f-a9cd-ffec5c2807b3	45164	95.64840	98.91631
355d8c34-6df7-46d3-b37d-4a40ddea5f04	16294	83.65038	94.49872
35664637-9511-462c-b6b9-1f45580da712	22414	95.62810	99.09894
3568ce0c-6e72-40da-84e4-ca8ab537d905	29553	91.31743	98.72735
356b1c9a-a86b-4515-aa44-0f34cdfd88f9	55018	91.25142	97.97589
357e5422-2078-4df2-92d4-c54a09d94991	87872	87.13325	97.32825
35854196-ddc7-4624-b398-e036673db93a	29446	95.84395	99.56924
3585a0f6-b791-4a85-bf5c-209a94e63f5a	22901	96.32232	99.40349
35861fa8-8b53-426b-b1ed-74a14d4ad611	30857	93.53481	98.98389
358d8a41-e644-4e62-a8aa-c280402e54ab	29060	88.19454	97.36409
358e24dc-4a86-42aa-9977-d7af6cbcbc09	33912	95.62900	98.85739
358e93e4-a6db-47b3-8b6a-03b74d8b6127	42191	91.21682	97.86893
358f8f66-87cc-4b6c-af6d-56b69577a8f3	24102	94.17024	98.42265
3595df19-e9be-4da5-90b6-b5c589a46c18	32654	95.23938	99.03349
359bd35c-6435-42b7-b325-0a3e302350f9	51613	88.82864	98.62350
35a12fe5-3bc7-4bb9-b7a5-9329de6cb078	40746	81.73664	96.88967
35a146b7-7d36-44d5-89bd-66d3d6d051c8	29237	83.15437	94.90851
35a34b13-85fa-4e90-a14c-f9168da2a8ae	49469	87.29456	97.28973
35a5690a-1a4a-45ee-8ade-a42ec91a6d05	23591	96.24252	99.10567
35a8e965-609f-422d-bbdc-c82a348a55f4	37504	93.22991	98.54111
35ab2efc-a231-40f4-b7d5-03b9453388a2	22717	95.30251	99.02509
35b16a5d-ea30-4d66-9399-c37731049877	30439	91.54849	97.97804
35b17682-5fb6-4b71-a39e-f561a704c3b9	36830	90.82330	97.33814
35b65e4d-f6aa-48f3-8989-8e1cc9363873	55819	89.12716	97.68661
35b8326d-5e8b-4fc3-b8a8-6bc206601045	26644	73.82464	91.59436
35bc927f-935c-4061-b39b-1446f4ef8433	6626	95.60538	99.12426
35bd1245-f907-4544-a8ff-2c96b9251e3a	26358	94.97805	98.72894
35be872b-a110-468a-8ff0-0806a2d22666	38934	95.38924	99.39627
35c012bf-3274-40e8-81ee-24fcfda15f8d	31908	92.56957	98.90311
35c2a3da-2f14-4493-9d19-0678daac1373	60758	91.30966	96.43181
35c45e2b-9a48-4068-ac81-b52c6cebe51f	28276	84.99918	95.51667
35cb06fb-9ec8-4669-bbaa-c4a3cd99a06b	66071	96.25635	99.15714
35cb3456-6446-4cbc-9ff2-437077b7318b	35137	95.05828	99.13179
35cb7af6-bc96-4947-94cb-a8ea6a210fcd	22737	93.81634	98.76624
35d315cd-5ce2-4fec-a818-88e2335cd81e	32847	94.03834	98.90724
35d4f1b6-eb43-4758-aeef-ef13ee930f51	41840	95.48863	98.79832
35d790fb-4621-454c-a9a8-8d14b641ffff	22619	91.47009	98.22650
35da7607-407c-4af2-a375-1e042744973d	32486	94.04630	98.50764
35e000fa-41ad-483d-9688-554dcadb82d7	27109	92.13443	98.50153
35e428e5-4866-4fd4-beb4-aeec9e71fefe	23000	95.18803	99.17348
35e46c2b-8aff-4502-96b4-91b1c3fbb91f	36773	95.07198	99.25089
35ea50b6-b0ee-4ffd-a745-eb5c78351511	35133	89.49393	96.98228
35ebe5cc-6c96-4e6c-afe2-b40d1d4c1869	22517	96.11518	99.17641
35ec6b4d-2b54-445f-be2a-76224ba948f0	38778	88.81530	98.21628
35efa447-c87b-4432-829e-9a2fc12b5bb0	54635	88.57980	97.39037
35f4dd34-7b85-4931-ace5-f4e03f87b3eb	38015	91.48486	99.05005
35ff10c3-3d43-470b-9554-5152ee8990c5	22366	91.80938	95.08616
360480f4-464d-49a4-b868-4f4393407be8	42017	95.56918	99.12959
361211a2-815c-47ad-9ca8-fb4e33cc7e8d	32137	90.17234	98.13201
3612253d-883b-4b0b-8112-936a76892128	34805	89.29287	97.92969
36158e0b-89f0-41de-a164-bc21f28eb39e	29469	94.69006	98.66076
361f80d2-b53b-470e-946d-45af844094e2	28291	95.16833	98.72266
36247ffa-9410-4882-a4c8-f0d4a6d9f705	46322	87.69419	96.60408
36257cad-5400-4c9e-a1b3-27318608039f	22903	91.54267	99.00239
36297999-9828-4703-9961-6758b0c85c00	28024	87.45215	97.23363
36355410-b98a-433a-b8c9-fa98438d90c0	25952	95.34109	99.22183
3637ebe1-252a-4c4a-9314-8a6688ca08e6	33976	92.61567	98.44822
363a86e0-c837-405e-9623-b95680c8f6e8	31742	87.97719	97.63408
363be5bd-3ca8-4535-98d0-beb1b1d46a70	41875	95.21511	99.05423
364226e3-1e20-4a04-865c-76d7f82c3379	32634	95.63161	99.12054
3642b16f-a834-48e8-937b-7f8781b43a29	26282	83.01558	94.17906
3649f8ef-ccf6-4890-8c04-23612452a085	28470	94.93984	98.61753
365c5ff0-00b9-4342-8633-88b93feee333	56851	89.99993	95.71674
3663aede-a65b-4bc2-8186-ec23675ad319	22785	92.00680	98.29071
36650dd5-f430-49b1-a756-438e28c43a58	73685	88.30557	98.49939
3665a41d-0013-4919-ab21-8e71e5c3aa46	22418	93.42958	98.45672
36681ff4-6f1e-460f-b5eb-80d7d269a57b	62048	94.70317	99.22816
36687c1b-67fd-4f68-aa33-659fecc275d5	39116	95.18557	99.21396
366b64f2-f157-42e3-9730-a512c2f66b10	60236	86.21913	97.08741
366d9c1e-579d-451c-9b46-b941ea53eb2c	15427	91.25958	98.43630
366ecce4-7dd2-4297-8bdf-2cc48723f352	31874	80.92580	91.71142
367286d4-248d-4132-bba7-8130e9fef0c9	23854	88.74101	96.77616
3676db41-b89c-42f3-a7f2-b599bba47a1e	25420	95.24178	99.15118
367b411c-7e45-47b2-a583-38a94647f88a	66098	90.12629	98.23058
36820025-1820-4e52-a032-52a020e139df	59333	92.63888	98.51099
368535cc-da7b-44e7-9298-6e06877c58e6	37516	93.15051	97.51336
368e7396-2971-43c0-b779-3701d8acdb06	46278	88.92361	98.07260
368f9aef-ab25-49b1-8489-6ddcb0619ff1	24194	80.69911	91.19927
3691a5b0-2d96-4810-9e89-0e3e66e25551	32645	84.65325	95.32325
3697e4be-7b16-45d9-83d0-74a0269f1b6d	22335	88.22152	96.74154
369b9bb0-744a-4086-8897-6696da342e47	60383	95.82899	99.15327
369f4af0-ee4d-40b8-b259-a5c24dfaf0c5	22717	86.71107	97.21732
36a0ae9e-8cde-4949-aeea-0e3add843231	43711	83.10812	88.55722
36a1488e-7cba-4c24-b012-47c2bd52ea90	34570	84.91471	95.60071
36a27ee2-bf6d-4406-88e8-cacd67d6bff6	43435	79.95165	85.21655
36ac1691-69da-41fe-b6e2-86a6ce391952	25550	90.71720	98.52310
36b2a6f5-2448-475e-925a-2774d9e910d8	31256	80.78164	90.32249
36b45ef8-b027-429f-9d6b-f96d4f69afcb	42353	82.27645	94.82337
36b55a3b-ba79-4c65-99a6-39b5410011a9	35006	95.41685	98.64987
36b6fe18-4bee-49a2-b46a-f95ed5221fd6	41693	95.27134	99.32928
36b9e729-cc9a-4e67-87c4-e9e3db42aebc	47960	95.06582	99.03607
36baab09-422a-4e8f-b82f-2ed50ba78ff9	47217	93.79001	98.78026
36bdba09-9fe3-4c54-a0e2-c9ec0c927b30	35122	95.20580	99.05977
36c0252a-3c98-46c4-a85a-2ccdb9128365	33719	93.63400	98.81638
36c4acb0-ea51-4967-839d-319cf34cd6ef	22732	94.33678	98.89990
36c7c759-7b3d-469c-8993-6a4c2eb2665a	39825	93.91038	98.61763
36ce37b5-0dbd-451c-bf83-20c602909676	42579	92.34148	98.38403
36ceb223-3430-4166-b234-6368b2427c4c	25010	95.39422	98.90934
36d3b58e-c004-4b06-9e54-65196a093561	23037	78.92816	92.49708
36d51c07-548e-4fa4-b0f9-37e1d14ce036	45600	82.69011	96.79760
36d5ff1d-37cc-4048-a655-0918800ecd42	25053	80.32114	95.21324
36d68401-94aa-4bf3-8acc-158a1e20bdd5	32583	82.40391	95.63452
36d811e8-6d05-45ca-943e-ebbb400d3e82	32628	86.65155	95.86278
36d84e60-5934-4cae-a7af-aa2505adb8e8	49888	92.44769	97.52668
36d85e48-21b9-46a3-b809-4c34e83c37e4	35160	91.55612	98.40348
36d92511-1ca9-4cb5-bf90-042f4b897a9d	34750	82.35994	94.47945
36d9a42e-c457-4d09-9781-a470b800cc43	33803	93.51043	98.50432
36db2b32-e39a-4189-a3d2-d6a950c2af06	33099	95.84348	98.97188
36db5413-4d5e-445d-b05a-99726c67edaf	57585	94.15447	98.64000
36e01e29-983d-4e6f-b406-4cb0b4357d33	74039	88.49844	96.47875
36e0c60b-fb7b-44ec-9943-d4b574c8678c	93434	82.04713	95.42485
36e22974-c94c-4f9e-879c-4532928f1e58	33812	95.64357	99.29059
36e27c52-ba93-417d-bd81-8e15d1f7c851	8448	92.72978	98.00583
36e2ce65-0eb7-4834-a555-32ac70171e4c	28355	84.45138	100.85330
36e2fff5-426f-4995-b0ed-16c749e5f748	22539	91.64192	96.71404
36e6a50e-4ca9-4082-94be-bd6c343b05ec	36197	87.66220	97.52135
36f066b6-0e04-47a0-af1d-ca6b3fe8239a	37310	89.74758	94.68223
36f342a3-8f52-464f-991e-6d9cc65059b9	26663	94.50121	99.01661
36f50f48-4c6b-467b-8f31-1b8c2137dc23	24238	93.83135	99.21965
36f8fc6f-4ba1-494d-a537-325f55d36af7	24888	90.38760	98.08766
36fdb4d3-d85c-42f1-8fce-13cdf76a312c	35200	83.94391	94.98891
36fdd37b-19fb-4bb5-926c-0f6241269333	31207	92.18424	98.47464
36ff8c64-27eb-43df-9eda-a117b87bb49d	29758	93.92009	98.56844
370545e4-f7fd-432e-9eee-6eaaf2027f63	37609	90.37283	97.94880
370a65dd-9b00-45e1-9e84-b8ac583cfa42	29576	94.51937	98.65240
37137613-fe82-4fdb-855a-f615e092a71b	44758	83.66913	96.50059
37187b1c-3dad-46af-8821-f9ed295eaac4	29362	95.73187	98.83588
37256b93-c868-4f0e-bf9f-8aebb9c821e8	26781	92.60627	98.17948
37264da9-c349-49b7-a312-59c5247ddd82	27388	96.00432	99.07841
372a415a-4d77-4aef-9e90-a911cf01d901	33901	83.96372	93.87358
372ad9ff-58be-4c0b-8bfe-48f375a7732f	23137	87.39664	93.83670
372c406d-36ef-4ca5-8f67-46b608f411c6	23676	81.76643	92.96465
373c716a-b39b-42f8-9880-c266583738c6	34070	85.20025	96.34081
3742a985-b32e-4dda-a185-b15bca3ecb2c	22764	90.46364	96.57094
37468c85-c6bd-40ce-a08f-89c394367f49	44526	94.36450	98.96891
3747d770-16f1-44c5-b799-b4aa659dc90a	23433	93.28553	98.12597
374954ff-6895-4b0e-9633-df9d70579658	21901	92.10807	99.23133
374baf6a-72b2-4e11-8f32-24a82025fc8b	22900	93.57277	98.94194
374f920e-4a7c-490f-b156-7c97732cdcbb	33960	93.48302	99.33748
37505ea8-d33e-4d09-a161-6ed06a5b38dc	38302	89.88831	98.26731
375387fa-457a-4f05-b0f2-180a146d4155	46145	94.36193	98.89445
3769b905-a8c8-4293-a085-60326ca6dc0d	24877	95.08526	98.94833
376f0cda-6ef5-43ce-a806-8d169b34f2e4	41303	86.42833	97.53732
3778d548-5c31-40d2-ab2d-0f5c0c611fd6	66293	88.13285	97.07258
378120f7-7c7f-4a04-a102-31dc3572be38	56847	89.59219	97.04052
3784ed5a-eb1e-4899-9c95-c5a934ddc6de	38908	94.21324	98.84929
37865f60-421a-444c-aac1-e168996fbd66	32245	95.67737	99.09441
37867d3c-ebad-4eeb-a7f2-995aaef7b6bb	42518	87.51112	96.66333
37907995-99b2-489f-bb32-f21fe73c4b4f	55546	87.98185	95.01507
3795996f-5dde-4e5b-8296-057a86d53079	75108	93.33282	98.27776
379b140c-ae22-455e-98c1-d1a182dc99b4	25480	90.31782	98.48825
37a02763-f4d3-4a7c-87fa-b86034bf628d	37250	90.56801	96.67576
37a7eed6-ff04-42ad-a9fd-e950abc57cf4	24956	89.11674	98.06159
37a8935a-56a6-4428-99e6-1198f7fc886f	32760	91.10169	96.25309
37aa3920-55ad-4aba-b580-7ff72b2a3c61	41800	94.11340	98.48843
37b369a9-57ff-415e-a53d-73db75889d55	37083	88.47424	98.04078
37b89a8c-2b25-47c4-81b7-72e7ac6f67f3	28248	95.44965	99.01616
37c5229f-410f-4e9d-bcda-a0dcb8742a98	48279	81.01145	89.05436
37ce1c47-eecd-45de-bef1-374ede28990e	41439	81.29620	91.69096
37d51c62-7edf-4a3a-9e9f-de614fca617b	29988	88.75161	97.94334
37da448c-88e6-46b8-85a0-da06ff2c5c34	27075	95.06736	98.89056
37e51960-3ac6-4f9b-b016-ed9c848da3cd	41511	88.67472	98.19143
37e8075d-445b-408c-aa08-6849b6c8fd0f	30044	92.40360	98.74440
37eac801-4a6f-4bc1-be85-18a9a6a65b10	34219	89.64237	96.34029
37eace8f-5bbf-4afc-8382-8a84162701d7	24373	90.94426	98.05093
37eaecd7-c121-4f59-9b4d-92a58d1f2878	58792	85.39410	95.61952
37ecc792-307f-4ec4-8d7e-1603556509b5	22176	92.06640	98.05192
37ee8415-115e-4bdc-ba3a-e02ccaf5cfd8	23258	91.92113	98.54173
37f7362a-6fbe-4841-881b-c1a58fd4092b	42361	93.62994	98.59086
37fc854c-40cf-4d20-b619-fe466d93b93c	23286	95.47836	99.16695
37ff31df-5855-4bf4-80ae-9ba1493e8749	38706	94.19148	98.92960
3808225d-3bd5-4eff-bf10-cdb8850296e1	65437	94.63716	99.34193
380aa558-8307-4d53-8e3a-7681f351bc92	26880	93.64401	98.45668
380c059b-715b-491c-827c-8196c7ccb656	33869	84.81332	95.21245
38189485-8df2-4161-9468-8a88a050e115	24135	92.83817	98.27248
381b7050-7136-4938-9270-73a9e2f3b6ae	27507	88.73274	95.00623
382139ac-3de7-4094-9294-35c8a0d1cb24	33230	95.38239	98.97283
38218e55-7dc6-436e-88ca-221379f4dbb3	98593	94.33182	99.13163
382cebc5-999a-4b9c-89e7-00e66959ef80	133576	91.79436	98.49919
38341c3a-b781-4e47-8268-1979aa4ab9d8	36095	94.91000	99.12201
383ac83c-7408-461e-a2aa-dd7e421c99f1	22901	85.15310	91.65091
3843357c-00b0-49d4-9a63-093bd3f1f654	25078	94.42964	99.26544
3845128c-3071-48a3-879e-97a7f73c173e	25263	90.96676	97.97182
384b9396-c61d-4fce-a508-ccce0846aada	54418	94.50407	99.27469
3851ed84-d13a-44e7-b59f-d49579bbabd1	30110	85.58387	96.66022
3852b579-92f2-4e8c-b99a-095a52ad2303	36121	93.50193	98.95413
38534a06-ef89-4d20-9175-59c2f7d68e91	23058	94.48732	98.68998
3858290e-2a0f-445a-a4d6-266f720a7554	27275	90.22447	98.55330
3858346d-b137-43fe-a33b-352fe69cf648	22570	93.78278	97.63013
385ee16e-3721-42dc-bca3-dee6d7536b60	44430	95.61502	98.78372
3866477c-c0ab-4578-b61c-0cb72ad3ebe7	41223	96.19990	98.92535
386aba57-42fd-466e-a6a9-b2e17856d2f4	36702	90.25661	97.99331
386ea3aa-1290-4921-8822-7a6441ec6185	38209	96.34285	99.26061
3877083d-c2b0-4965-b9c1-bdabd29483ab	28273	95.81115	99.10037
387760a2-5592-49de-b514-64365abf121e	22419	82.45310	95.26915
387af64c-e7a2-43a8-8445-e9adfe0d7748	37707	83.72630	95.02351
387c1046-3481-40f0-8f4b-e68c6e845af7	80150	89.96891	97.50935
388467c3-04a4-44d4-abd1-cb47bf5362a7	38593	94.40812	98.68067
388a81ca-99a0-4c81-b2d7-0001d2591088	22738	93.09559	99.12849
388cc9f1-2684-4e69-bd5d-124f4ee00369	31270	85.81030	92.85076
38934fdc-77b2-4082-8c61-4f3f780d0ed6	27252	94.93543	98.94810
389507b1-4fef-4729-88e7-829a470aaa6d	16984	89.81397	98.59859
38960f6a-f260-4a1a-ad0b-bc6188ce8f6d	52371	93.79783	98.65314
3896c798-2a94-4798-b9dd-ace4d014c999	23195	89.27476	96.34802
3897ad5c-1fb7-4fb7-99cf-a01d305d2c29	39877	90.65994	98.30768
389993d7-f42b-4f69-a953-67766671e1e3	36459	94.34969	98.84252
389a45d7-1a92-442e-993b-4c9ee5b2cbdc	46329	95.17703	98.94552
389f49e3-7ea4-418c-ab5f-54dfd4c48bbf	24310	79.43257	92.87606
389f5f67-5544-4a31-8814-04dd828a159d	24574	89.93758	98.28569
38ab14d1-cb72-4c73-bca7-6a6c1ce99933	55323	92.40364	98.60764
38adcdef-5c7e-4e3b-9646-1532e7116cb9	66632	90.87164	98.85572
38b46458-8d82-4da2-9cd3-b84f9c4272b7	47983	85.30170	96.37827
38b9192f-da5c-4739-867c-92d51ba1b89e	69105	94.36317	98.92946
38b9475f-852e-47d7-a4b0-085a583b6cc3	29825	92.85388	98.84034
38bc42be-8ded-42c5-9f1c-bc14cafa1f92	30454	94.96528	98.74846
38bf9c79-f2d8-4950-afe7-1bdf9ec6fea5	31353	94.01291	98.90270
38c8bd27-4230-4e49-b3c9-755574d83df8	28359	93.65226	98.45468
38c96d8b-9566-49c1-9174-797c366e2e1f	44695	78.87501	84.90067
38cb949a-cb5c-42de-97c4-d1748a1e8927	48759	95.36188	99.00142
38d6bf0b-d2da-458a-91cf-30fb2d5f2de5	34809	90.31307	94.93217
38e1bfa2-78a7-4a4c-a4b5-4550e005d032	25687	91.66946	96.70762
38e50f49-4943-44ca-a134-c742d808c3d4	27733	94.97100	98.90208
38e61828-7e7d-493c-872f-30dffddea7d5	85637	91.19876	96.48302
38e704e9-d2e8-43f8-97b7-4b5fd82e6a1d	23453	86.96382	95.19301
38e94814-450a-477e-821b-893f202d5c5f	65405	95.21805	98.93382
38fcb34c-c366-4937-b521-84aefb99ce0c	29077	92.32959	99.15179
39001f84-190a-4d1f-bfc8-1f4f6f86fe43	58006	92.72904	98.61383
3906761f-efa1-444e-b4c0-72a4992df773	40890	90.70579	98.15608
3911f428-86e3-44fd-9ed7-6817a452ed15	26755	94.58836	98.97152
3912fe3b-85f6-4a36-942c-fbe514cce908	47732	96.05554	99.57789
391840db-4a18-422e-bbe4-a97c24bd40a7	34733	94.22411	98.82423
391d2ff9-4aec-4f49-8d9f-0c057d66c65c	52327	92.13539	98.60338
391dde15-db80-4b7b-9a57-e024600603b0	39860	87.52497	95.31123
391edf30-c195-4194-bcb8-d0979b3ee6e2	52100	92.63538	99.22553
391f0c87-1ef2-497c-bbce-18979cf90048	28203	94.65231	99.43425
3923a94a-f0f6-463c-8290-96360c13e109	25372	89.42901	99.04061
3924096e-70e8-40c9-9171-4b0a006d7887	32994	92.31153	98.54096
39248d24-53ff-4e11-af1d-d5f89c55310c	46789	94.69805	99.10254
3924e527-dffa-4035-b6bd-8bb2559c8fe5	47089	93.54779	98.80004
3928cff3-7d9a-49da-9211-b12007a58612	26427	89.71009	97.51702
3928dc12-7157-410f-8d7b-8121446b618a	37602	92.52194	99.05489
392b1f14-9516-4221-802a-828cda3bc14b	30512	93.66488	98.88473
392b4116-ff2a-426b-901c-fa240c1947e7	30538	93.96220	99.23428
392f10c2-43fc-4e49-89e4-e57e2bda6426	28367	78.73027	95.44225
39340a13-f874-48e0-a354-e3b60fffdea1	25160	95.54860	99.08286
3939dd8e-3694-4036-a107-20ec0a141ee8	37532	95.70722	99.09615
393abb1e-81a7-45e0-9e92-174751d35810	30533	89.48865	98.96643
393c0099-7f9c-44ae-bb70-6ae3359b4922	30935	91.84580	97.20637
393fc6cb-1664-474b-976c-ef65a321dd1a	28299	95.08452	98.73015
3942a2b9-81d0-4ae4-b80f-77334fec7d69	32827	91.40506	98.40969
39461991-3ed9-4ea2-b048-374434298f64	33620	79.15220	95.58643
3946d3f0-5d6c-4076-a6a9-644e346d0699	53232	94.27518	98.72004
3947a610-02d7-40aa-b986-52d23fe6108c	27753	95.08116	98.86640
3951b06f-1738-48b6-8c6a-a512de49d541	53144	93.23140	98.95948
3952fa33-0442-4ea1-9887-f46d40bf6cc1	76849	87.72551	97.69002
3953fc5a-cbe3-4933-8687-d8f1794de243	47126	90.09459	97.88797
3954db0d-a13e-4291-b082-273849f44de5	36554	95.95360	98.94471
395b4704-4071-43b2-988c-9e646b763e86	42139	88.09019	97.41915
39621500-0fe8-43e0-951d-c77700228967	41177	90.23386	98.53280
396529a5-07e3-4288-9d48-15cc4ab33605	23023	91.99866	97.48844
3976e8ab-6652-4070-9b44-7460703ae2d3	43651	93.60472	98.74402
3976ff5a-5b61-4be2-ab84-0986eb3df5c4	30548	94.64326	98.86445
397a3ad3-7ca6-4f45-868e-522c07474fbb	33776	92.42620	98.54403
397d54d3-e9e7-4cc5-a011-a5f0054c0b8d	26485	85.35162	96.15567
397f0bb2-94b5-4479-9c58-b89386d8705c	36430	93.31020	98.34158
3980fa3f-07b2-498b-b6d9-7044005687fd	27770	96.08463	99.10126
3981a268-fb58-4ed5-8b24-3cb7e66bcd7d	30401	94.17210	98.70028
3988dc1c-f299-4d39-bb95-690a937df909	35465	93.91009	99.22546
398a5e55-c4c0-4550-8908-ffc253228d08	27451	95.08073	99.18452
398d406b-63e7-4ed2-812b-225a30b62ce6	50721	85.12451	95.87576
399036b1-0003-4f76-89ad-5bf65cce385e	25983	94.53868	98.53892
3993b7e2-3c3e-4e81-bd7e-0101ba5ad864	30475	90.79052	98.00013
39945fa8-079e-412a-8110-d14bd8b13f03	24513	94.29703	98.96560
3994e4ba-0ed3-45b4-a1a3-28f5b5a4ee0c	50048	95.06984	99.10899
3996d47a-f580-4160-9c8e-41ea1e0efac9	28142	93.60876	98.76465
399958dd-62d5-4df7-9ca4-3fbc661b1caf	24000	95.30245	99.02687
39aaee73-067e-4d2f-a5fe-9fc85677baa3	11158	94.85629	98.63427
39b0d0a3-d5e0-437d-909c-b25d4142187f	45237	89.81566	97.33721
39b10507-c356-46aa-adda-209d571d3f94	41080	88.21245	97.91647
39b29c9a-7576-497f-b994-79cc3738a840	48481	93.73299	99.03129
39b33fcb-035e-49ac-a18a-c1c846f5788e	24537	93.92098	98.28785
39b45ca7-4a95-4eba-b18e-ba3587b25740	36529	91.30481	97.97839
39b90379-73fa-46f1-96c4-3523b9d467c6	70630	93.39442	98.49174
39c62708-705c-4445-98c1-7658f2c9ad02	50867	94.07769	99.16244
39c84698-0843-44bd-b453-b9d12527540d	19069	92.98192	96.75935
39c8490c-2dbd-4d9b-8efc-c5d8775f8b02	34228	92.52906	99.13763
39cb8d2c-90e4-4f22-9787-c4fa16b94d86	48516	82.61041	95.25644
39de5bb1-2282-4981-b87d-44b1d4d5b073	28819	91.94540	95.86322
39e53240-ba11-4723-87b7-fd19eb6d5e4b	52031	94.67357	98.99019
39e6e1b6-a57c-4ae3-bb56-1af2bc92085f	30053	92.06802	98.75441
39e8a4eb-4179-47e2-b1c2-ba01afa01585	55569	94.43741	98.84396
39ec096f-62e2-4b07-a4d6-1846552904b9	26624	92.62283	98.91543
39ed0b99-5dc4-403d-be0e-5cde8d8dfe9a	47248	94.51310	98.80710
39ef7011-afb7-4b7d-92a0-bb280b729093	24009	93.91613	99.24934
3a00aa45-e738-41a6-97f4-4c4373739515	31236	92.45741	98.61661
3a0d3f96-3ae7-4e3a-b5ab-f209f8b7ac83	22055	80.83113	93.93628
3a0f3507-cef6-4e7e-83f4-9229e590b4c5	47113	87.25253	97.76127
3a0fab29-da4e-495e-afa5-e8640fae9d47	42609	95.14076	98.91370
3a11cab8-ae08-4362-9e13-9bf837c0d4a4	26205	94.59015	98.87594
3a129e91-37dd-4525-8079-27dcebbdb243	26448	91.74795	99.11681
3a129fe1-6967-4baf-af4b-260f1931ff1f	33860	78.89863	96.19039
3a15d57f-74c0-43a3-87d1-f7932397d6d0	23420	93.99833	98.62267
3a18ce11-7947-4476-99c4-89a9bf1f6863	49261	95.31125	99.18735
3a1a6944-1ec7-433d-aeac-6542e2f89511	35357	84.65444	97.03025
3a1ef637-ee2f-4ed7-8425-fa223e68a244	25024	88.70778	96.43548
3a1f5d28-613f-436c-8916-75031fdd0e6c	23843	96.37645	99.38519
3a22d59b-196e-4da4-adbe-f86b2ab8e99a	26108	81.16838	94.35955
3a2565ea-f0f9-461a-bcc5-c19e7dd416df	32243	94.39552	98.16965
3a2c3a13-f2f4-4ede-b52c-ba9f449ac21b	28065	94.91715	98.75123
3a328a26-b5c8-4b2f-b8a6-9427a645518b	27702	90.91258	98.44307
3a38ae22-bbe1-4c4c-81c0-b2e343c06a55	25029	91.26519	97.05551
3a3a3d4b-03d9-491f-9057-fb5a5ecce0bb	28959	94.64734	99.40786
3a3e9e32-8b96-4dd2-be0f-9e115748c4ca	29425	85.83116	97.36816
3a402a1d-29fb-4f0d-ba6b-5e6419b48b53	47436	86.92673	97.49928
3a40f5fc-bc15-49d3-8a75-f6953056325c	30199	88.13985	98.32767
3a4236e2-e9f4-40ca-9d70-8ccd18343074	22595	96.23597	99.17665
3a454744-53db-4d36-bf92-53c7c643c58e	23663	91.16000	98.27076
3a464004-aeaa-4eaf-93e3-8247f294fd4d	30062	94.90494	99.30399
3a478db6-9df9-4871-8b3c-263a1dceef1d	53491	89.40964	97.87639
3a4a55df-e662-47e2-8826-fae098bf26fc	40701	88.73538	97.91838
3a4b0048-c103-48c7-9129-0e8f49bef26b	31932	82.89381	96.91174
3a4b7157-8d52-4014-8b14-8338488f49a1	53465	91.91551	97.30680
3a4f3780-667b-4f2a-ab63-f950e20bad7f	39290	95.67405	99.16787
3a5173b1-9a3c-470d-91af-64690dc8a0dc	39648	94.00158	99.10855
3a5d0913-84ac-45cd-8ffc-1db224c58b05	39382	88.84705	96.20715
3a5db0c7-c09b-483d-a300-7feb7b6fd133	27580	95.78380	99.17051
3a6030e6-61c3-42c6-a196-594760d9140f	26810	86.98248	98.13475
3a62b25d-7969-4156-8df8-37d6028e3c0f	39714	89.25003	97.75814
3a66e0a8-fc7d-4f7e-8c17-02860e24df69	25497	82.98513	94.75138
3a6caedd-e94d-4e78-b249-5ff200a5b075	34493	95.80348	99.16158
3a6cca55-3ba8-48d8-9300-676b63d5d405	55529	90.42468	99.02486
3a707ca6-471d-4f84-8430-516455bd0fd8	14024	90.41575	98.14009
3a70ccaf-820b-4b9b-9dae-bbd2027c4e3b	29826	95.77967	99.25919
3a72f81b-9260-4eae-85a4-eada3445aab2	25562	86.64225	96.82093
3a7816c0-2e8c-43c3-ac14-493d9c605d77	51925	83.43671	93.60665
3a7f3def-2665-498f-92fa-55dce71187d1	18724	93.77287	99.06616
3a7fe817-c730-46bb-b756-771b13803d84	41746	94.54435	98.92226
3a8675e4-ec1b-45f1-86e8-be3a14cdee5e	22369	93.58830	97.54113
3a8e6157-3702-4315-b810-fd7134229451	39609	94.45623	98.71910
3a901aee-ddf9-4ddf-82c4-0d0fd8d9c503	46553	93.77946	98.67918
3a971b4c-d490-4147-8daf-74b3c8d26134	29809	88.84113	97.79438
3aa07370-b88f-4900-8f86-3b24e600f2d4	39139	95.29432	98.88352
3ab22d98-0abb-4940-874d-e1b0c6ed5a38	45882	95.07151	99.40521
3ab3c27b-aeec-4149-b955-e6b2d6f9ebdc	44265	91.29587	97.47497
3ab62ec8-7d9e-45cd-99d3-dfd8d6e8c1b7	33827	87.71410	96.67699
3ab96e13-16d6-4c9c-ac9b-3b383cca7406	34900	96.00102	99.15150
3ab9fea8-1a40-476d-ab54-719cc61fd479	34857	94.88673	99.06284
3aba819b-8819-4a5a-b33b-211082dc6074	29045	95.11889	99.29720
3abb0632-2ed2-4637-838f-7955f5fd41db	23619	83.64015	90.85229
3ac17418-b5ab-43e3-b612-b3210c25484c	43082	78.44348	93.80666
3ac298ce-a6f4-465b-98db-a5e86d2ca09b	27054	74.55701	91.46694
3ac2b4cf-0f73-40f7-9d11-29e79fc86491	21458	78.97744	93.91508
3ac43b96-c756-4dc3-857f-ac606ac6727e	26400	72.43833	92.50133
3ac9242e-1a1c-4675-b72e-06a7152030ce	45286	81.51846	95.88666
3ae28629-346a-4023-8c4c-c502a3125c27	25417	94.59761	98.75273
3ae3cd91-435e-4cc0-8ac6-827ab3176741	43897	94.47652	99.53660
3ae52f93-c52c-4692-a1a6-d0c6d2126637	34250	93.71354	98.58350
3ae56e1b-fa2e-4a4e-afef-12d1272cb2b6	22223	95.74713	99.03885
3af116d8-a46e-40df-a11b-4e81f7dfd32d	42727	90.73924	98.37389
3afe7252-5c2c-4018-ab3f-bae842546b1c	34180	94.34746	98.96363
3afed2e5-be1a-4a29-9475-21b51c82de3f	37111	89.21144	96.90306
3b003e50-8dff-4280-94ab-105d7609d112	66567	90.93920	97.01109
3b0416ac-aaaf-470c-9c1e-d33b41f90eef	33032	95.50589	98.93445
3b07964a-71ca-45e4-9532-1252e2f1249b	63025	93.19581	99.00920
3b0f7187-a54d-4ecb-9ee3-00133fd668ea	41996	90.19223	97.58649
3b1a9503-6eab-4e7e-83c1-bd3de6ebe7e4	47359	94.78358	98.77376
3b228479-508c-44ec-bedc-d694c7403a81	38404	88.77928	97.49211
3b2f80dd-4fc2-4fda-9351-f0b4d13fe30b	53497	85.98072	96.68236
3b32824b-9f76-4aee-9866-3a8b34d301fd	43601	95.99666	99.03058
3b36d27e-64fe-4cf0-ade2-4aa19b27ae9e	33821	96.09860	99.31132
3b38ce27-915f-475a-bbbb-9ea4a3f500b0	29706	93.24806	98.10596
3b3ca7a6-ab15-4980-92df-50df1efd895d	46871	91.47684	98.74457
3b41dbbb-7dd4-4e8f-9d5e-210cb215b4df	28764	92.20967	98.11837
3b463ce7-f906-4add-a8e8-85299fd4add4	24034	94.49963	98.57972
3b495a1e-1c78-4ddb-ad23-064c2764861d	26001	89.74275	95.83410
3b4c0a3a-dbc8-4413-a543-39e07eb24c61	50903	95.23938	99.03225
3b54176d-a98d-492f-8722-5e8bc3b55f83	29938	86.74132	97.95577
3b5894fa-e31e-4de6-af61-a20d979b2f92	32244	96.30684	99.28080
3b5a4d6a-eb8a-4001-bf7b-e8e017e386ce	26511	96.66555	99.14440
3b616d1f-932b-424c-9d4e-17477c968d93	26944	90.10911	98.13658
3b645367-3ae8-480d-9eb4-8cd107e61688	62688	82.51226	95.16744
3b651529-86e1-4f12-941c-ffe070c8e30a	32254	86.25423	96.32791
3b693169-da72-4898-819e-bbd1b5e419da	31353	95.58602	99.24800
3b74756e-ad46-43f7-a5b0-42de9aadfe16	40518	92.68503	98.66062
3b78af32-80f4-4767-ba46-c7a701a8063d	46975	88.55170	97.40260
3b78d751-51a6-422e-9d78-597c60c79a7a	34527	94.89891	98.80683
3b791ed9-89bc-4824-a46a-3cdeb0525365	31740	89.04209	97.51824
3b7c0648-9dc0-46ff-ac8c-d68d4a33704c	46732	86.13437	97.17494
3b7ceaee-b54c-4ac0-848f-7546a76b61e9	22396	92.31337	98.41095
3b825709-0f43-43f2-af37-5343583eef34	52986	76.83243	93.91507
3b88926a-5207-4515-b885-d529c22a876f	37927	93.43937	99.62916
3b8a1d05-79cd-4eff-96e2-b05f3fda3c22	59921	94.87611	98.89934
3b8d64f2-d6b8-4b3a-a8fc-82a829b83d07	40729	87.94042	97.01874
3b8f27b8-4b8f-436c-aecf-ffc3bbeb8e4a	25688	94.73443	98.97206
3b9158d4-2999-45e6-a6ce-3cb28dcadfe3	54343	92.77378	98.02302
3b9f972a-e1a5-4c9c-a426-dd884a6f8fe7	23566	90.15464	98.10227
3ba03a85-e296-4034-9788-cd06c41e3982	35743	89.24504	97.65212
3bac68dd-7faf-4ef9-b583-7e3c4d943a50	55570	94.10702	98.53698
3bad6f46-0db9-4f78-b8d3-720eef7b5a8e	23767	92.66719	99.00464
3bb0182e-9f9b-475e-9a7d-471397e067d8	30216	83.76029	95.41331
3bb2675c-9a3e-4082-9afe-fed94fe591d6	36703	77.95849	92.48780
3bb2b2b0-5fb1-485c-bd6e-56cafef260ca	25991	93.09573	98.15523
3bbf70df-b0ed-4a4b-aa69-92704f6a9402	31670	78.70673	90.85357
3bc181dd-e601-4370-a930-bb84a3aafd60	51864	91.63295	97.72822
3bc19f84-8a2a-4b11-83bb-26c83fb3701b	78440	88.88024	97.63934
3bc270c0-7fe7-4644-ac08-4858c21dcb20	35467	95.48237	98.99018
3bc70bb9-9fe5-42a5-987c-3a2544828903	39913	88.85546	97.42122
3bc73d8a-36eb-4c48-8e0b-d40344fa55c3	25654	76.52310	87.39105
3bc80e9e-202c-4b8a-a55c-94be0017af07	30897	95.80076	99.41617
3bce2f3b-194e-47bf-86e3-227fa02ebcbe	25303	86.16978	96.84170
3be01e26-7009-427e-a2d3-ffa4b0dc5aa2	26184	91.35644	97.72991
3be4c049-5fbd-4883-96e6-d69f9a3675a8	27349	88.95556	97.07748
3be5cbcf-847c-4dc3-90f8-12482f6958a4	22543	85.33613	97.19420
3bf0b40c-25be-4733-85de-a2e78bbb9bde	32753	89.09280	96.44862
3bf1218d-b7e0-499b-8082-a12952175ae1	25631	90.30819	97.92242
3bf17102-0bd1-459c-9ded-6d43a102e2c8	31139	87.74188	97.39730
3bf4592a-fcc2-4099-abed-aec11ef8182c	23237	93.95060	98.81399
3c0c97b1-65ed-45b8-b966-75d5b1b60600	35433	91.54283	96.87406
3c0e1194-6ea1-4a9c-9ee3-d6aa4717cab0	27948	83.91296	92.06512
3c0eefff-9541-460f-877b-73d35f438eeb	26856	93.59300	98.45175
3c103ae0-ac50-4474-a851-461c56622e1d	37504	87.75157	96.08472
3c1166a7-69fc-46f0-89b0-05658feedef0	33868	82.74648	95.90662
3c159efd-51db-4431-b641-d8bd617ac3fe	34434	82.54904	95.28116
3c1892e1-8bad-4da0-bbfc-d6f9f5fbdedf	22244	95.04362	98.60302
3c18e0df-5516-42da-8f66-6fa83b3b2587	24750	95.54530	99.24794
3c2560b0-5e9f-4221-9cf6-1cec19400249	36533	93.65964	98.54555
3c2cae95-dc2d-4757-a144-1be9f532a55f	22536	87.78950	97.07039
3c2d74ba-88c5-42ee-828c-931bec81c4e0	31972	96.43663	99.59407
3c2f66b3-d7a3-4737-8d9a-02675cf81c9e	65488	92.74163	99.45417
3c3c2004-0889-4397-87f2-3b80325639c9	30838	85.94220	95.03540
3c3d0212-eb68-4027-9d95-569ae6f5e565	47858	95.05119	98.91118
3c3db436-1a55-4f6e-a9d9-d08cf19bbd17	27231	95.23227	98.72727
3c4571bf-cde7-4c39-9cdc-c44f5202ef28	22680	92.49710	98.33835
3c47eb4c-1d7c-4322-a03a-337d304cff2f	56147	87.49387	97.65409
3c4e4c66-8ee1-4c70-b21b-dbb8691cf988	31538	94.23287	99.25543
3c4e70c8-fe64-423e-aa1d-d39cc15eae92	34874	87.45393	95.74462
3c523688-d017-40b4-8c26-91bfc66fd238	49512	89.23336	98.36363
3c532c10-0103-44a6-843e-0c2a835b3eb3	82707	91.59902	97.89800
3c54b7bd-a36f-4030-9f0c-4e0475bf78f8	29218	94.87953	98.88026
3c554ce2-9822-42d7-87c4-53b963519d72	31177	92.96126	98.73635
3c570d3f-e8f9-4935-8281-778357455eee	40964	91.90610	99.02148
3c5f8767-bfb7-42b0-9ed2-83ab86e47d13	23319	89.28586	97.96443
3c696eae-2daa-417c-97df-66f35e604fea	10031	87.69539	95.87800
3c696eb9-4132-4c88-9cc5-8ec541ffe677	23388	95.25149	99.26861
3c6a93c0-30ef-4b8c-ba2e-c5dd3b3dc0ce	30088	81.92927	95.59616
3c6f4376-cd85-4822-825d-4173b7c7e2f1	49459	91.19944	97.55789
3c79ebb9-5a52-4aaf-9431-a9e8f366c87e	23089	95.67365	98.86979
3c836ecc-aad2-4253-b244-3c20c973718d	27945	91.85967	97.27656
3c84f6dd-2941-497a-bc5d-a39beb1b7ae6	46032	95.14888	99.11336
3c90c3ca-c865-4d33-b327-fc3e7fe8f38d	34593	86.81653	96.33360
3c959209-4d35-4b28-8582-437bfe2e083d	42793	94.40799	98.96200
3c984e59-437d-4add-9a12-f2a74ae793b1	24253	93.99863	98.97236
3c9b77a8-1969-4adb-82f8-1a3c27c07caf	39548	91.73838	97.65439
3ca89823-0c23-4cbb-9c12-13a2b4a68691	48339	90.64692	98.82459
3ca91f58-c13d-43ad-a2ce-e831e563cf18	34817	95.04549	98.97436
3cb2c0d4-b85c-44f5-8d42-d503bbfe44da	33008	95.21159	99.20475
3cbd4921-3f59-45fe-9f56-e9528163694e	45824	89.98044	97.17256
3cc7fd93-d4b1-40ce-84f8-2c79d335c9c0	27758	95.94139	99.05167
3cc92548-2ed1-4d8a-af75-2bad4a0aa1c3	29903	95.77266	98.87916
3ccc1150-1637-4261-b5be-d84c32e96f46	56896	90.51005	97.82163
3cd3182d-0277-40f5-9a64-782e70ffde6b	37429	87.03277	96.73874
3cd5d1a5-2f44-45bc-bb42-9624b840676a	24724	95.18891	98.94023
3cd77cb6-66b3-4319-a78f-1adb318eaeea	24038	90.02952	97.80310
3cd7f5d7-9c67-4d0a-9225-9a99d9e802f2	26415	95.16804	98.57405
3cdbaa37-0981-47f4-bca9-f1d7a56da8f8	22806	75.98201	96.79318
3cdd9047-f25d-4151-9464-5c94ed539358	40046	91.64678	97.89221
3ce00abb-f3be-4d2b-b938-d542f1f3d1e9	51485	93.24552	98.54078
3ce2fba2-1341-4518-a1bd-98b3c873acf2	32814	89.98928	96.38714
3ce6b0c1-2422-4517-92d2-02e576418462	24189	95.46766	98.92027
3ce6fbf5-827d-4c85-af85-1f9065f759ec	45686	95.36523	99.23224
3ce96f55-498d-4e05-ab29-ce976bfe2704	29710	87.66176	97.39119
3ce9f820-e190-4513-989f-fd2ff2a157e0	45131	93.05735	98.39023
3cea2319-eb71-4e1c-8ab9-0a7c0b8f9bc6	56614	75.13101	92.85855
3cf1c4ad-7d0f-488d-976c-def836f10c29	57016	95.37332	98.96391
3cf43d38-5731-4efa-9ead-056bcb7a9733	24497	82.92683	93.23880
3cf76783-83fa-41b5-a981-189d3c855d62	46249	93.89513	99.24503
3cff6802-0027-4a51-9465-cf7a5d997776	53095	88.83698	98.06792
3d0ec094-ea96-41e5-866b-c64309ba79fc	30743	94.19499	99.62322
3d0f89bc-d83f-48d6-a5a2-911bce9fa013	40161	80.60778	95.85657
3d10e7a3-06e4-4879-8a1b-435d3c2512b1	32280	94.28051	99.09857
3d1697d5-1156-4b0a-9b44-6debf486ceb8	37261	93.22410	98.93541
3d189bbb-3062-4c50-b724-76415e1a3db4	23263	89.29592	96.61264
3d201cd3-f921-4e2d-97d9-9560e23bebcd	48176	93.57013	96.92699
3d2c939f-05bd-439f-9a4b-8b61861040fc	27892	89.09183	95.74241
3d2fac41-660a-4961-94e0-77f9639c5353	32781	94.04819	98.97715
3d301aff-2c0c-4b3e-a328-bbc5c2f6f4ec	24403	79.32123	94.89497
3d318d63-6076-48b9-bbf9-5b2ab29efb6c	28989	94.46045	98.89877
3d3784d3-9a82-46ac-9099-6cc43a646651	54940	95.70340	99.08070
3d39194e-9155-4df1-8053-a707d6d8adc6	42043	95.08541	99.08389
3d3a36ff-2401-4142-b39c-f820ddd59fff	28885	92.64790	98.43131
3d3c1d30-0dbd-4582-88ab-957bd752d392	15335	94.08390	98.73442
3d41fe39-5319-4d78-914a-73740312a3e1	28084	93.95365	99.10471
3d43b7be-8195-4f22-a6d9-8edb110a8531	32333	80.44132	95.84437
3d489bc7-3c3c-4999-8690-b853dbb41045	50081	90.73088	97.73429
3d4f3d22-d5a5-48d5-afbb-19005c27453c	30343	94.34127	98.80505
3d4fda6b-6acd-40d9-8d5d-0ec3603c25b8	36222	94.44054	98.86395
3d545b08-d885-49a6-9c7a-4ac6ff82fdc2	76106	83.72025	95.56905
3d5a1fee-d673-4997-882a-f70679f21881	26250	77.87040	90.37682
3d5fbc7d-7185-461b-b1c5-8ac9e27e2288	26200	82.40096	95.74632
3d6079b2-15d9-4dd0-b950-a62dbf7bc246	53853	84.91278	97.15597
3d6484b1-2daa-483b-9a86-3a506f5d23e1	46017	87.06175	98.15155
3d67a3ff-5d48-4ba0-b4de-a07e8d2b52b6	22018	91.86108	98.84083
3d6c555d-cc06-4245-9d17-4928f930f33a	21920	88.67025	97.85404
3d6e433f-22eb-4502-aa05-549c75e5d41a	47337	85.26443	96.36720
3d6f7037-857f-4d4d-9c1c-26eee06be0e9	33285	95.30716	99.00730
3d6fc597-b521-4a93-8500-bdee894cfa83	32965	93.50825	97.83676
3d70c763-4828-456c-818f-e8304ccdaf32	21271	79.91173	94.42089
3d74cc75-2381-40d5-9de1-8f4235013b90	24913	89.08867	97.71689
3d7626db-db2b-40bd-acf1-dc0f8e7c5f4a	41774	93.34454	98.93001
3d763959-bf08-48ab-8e0c-c449e2f224cb	51930	92.63703	98.41710
3d815187-efd4-4ad2-9382-3cdff43edf50	50781	95.22845	98.75536
3d846b33-db1d-491f-90a8-7b582d672254	39078	95.26288	99.02158
3d863379-7fc4-4e46-9945-2705061f3389	22828	87.84579	97.01499
3d8a23e4-01c5-4686-9a00-1ffb5658244b	28912	94.77860	98.86839
3d8c986c-769c-4278-b4e2-727a1436845c	52154	91.39950	98.45348
3d91303d-a99c-49b0-a7c3-5aa41dba7985	24925	94.86896	99.43955
3d92ba63-1bd4-4509-872f-caf8b336d9ee	22542	89.04322	96.11185
3d979bf8-2d4e-4df4-a1de-49fa795b0725	30998	79.03221	96.73569
3d9d6ed7-6cf6-4361-87ac-81a969018db0	33400	95.29474	98.51033
3d9d79ad-a7b6-4ca9-971b-a520dc02935b	35598	93.61941	98.38969
3da328b0-d03a-4f04-8942-53dd91d06136	24884	92.07741	97.20132
3da810e1-dc27-4f62-ab7d-0bc5816d31bc	32565	93.35823	98.35271
3daa341d-8352-488c-9e7f-797047d7bb50	27760	95.55753	99.06499
3dab4b75-d3c9-4867-93e2-82058a2563bb	35805	95.23849	98.65536
3dafca5e-6885-4682-a45f-c07e59508fe9	29098	94.12534	98.54644
3db87e6b-9621-4466-acf1-0eb11181d118	27464	87.15781	97.65656
3dba2f82-52c4-4648-992a-5131d047ce77	25113	87.00137	95.12946
3dc56bac-6de8-43b4-9c1b-bb938eb608ba	24838	85.78754	97.94366
3dd0813a-9be0-4895-afb8-e14f990dd400	30344	90.99262	95.91216
3ddb8585-4adf-4d69-a057-c22517f3cdac	30395	95.63688	98.76869
3ddc4930-6c5b-4c48-b045-184a788be8f0	27133	93.60716	98.61496
3ddd9e56-84bb-4898-862c-95895d4e65fd	36287	94.33327	98.84540
3de82e16-1bfb-46b4-910f-e755ce040f13	27603	87.49487	96.55487
3de8b7cf-6904-460c-9ed5-147dc7b2eb88	31852	89.65683	97.74825
3de945b2-a3eb-4199-87a8-c6874143880f	40948	94.91077	98.51045
3dece079-916f-4ed4-8ccc-259fd8b68207	28248	93.98796	99.04019
3def6c07-b20f-4f75-8a55-a43877baefa5	22967	85.82065	96.86427
3defdca5-42ef-4313-9430-830bbe9f387a	34473	95.78061	99.14705
3df993b5-751a-4a6d-ad99-6c7fc313942c	27720	94.97667	98.74263
3e000859-ee1a-4e0d-8137-17a9cb0d4f17	26811	86.62726	95.05918
3e041220-962f-419f-8132-6717d78470f0	24605	95.20953	99.17864
3e061af6-d416-423a-9d7a-362656b9577e	22329	94.57816	98.52564
3e075752-ea7e-469a-b5c6-e9e62eddf1b2	23100	94.30307	99.44291
3e078cef-06f5-46b1-b29d-d364bc11b7f0	48657	95.99031	98.97720
3e08210c-7eda-41ab-a870-089f62e00fa0	25802	93.07406	98.08235
3e090f75-790c-4843-a060-c73260932174	44534	92.73693	98.81304
3e0dcb2b-3e4a-48ef-9c85-e7a351e7b4f0	46063	94.12089	98.78630
3e0deabb-e68f-43cd-87b9-e17c69f23ddf	28240	95.57955	99.59655
3e0e1991-0cd5-4910-bc76-deaab063b700	37396	78.80923	93.47859
3e0e1f4d-6433-4fde-b414-db66e084c35a	24177	93.45565	98.80684
3e125079-1eda-481a-af43-3202e462aca1	22422	87.85118	96.51625
3e144715-457f-4b87-be28-4ce87bbd425d	29345	91.93164	99.00498
3e19c3a5-4585-4add-aa1d-647ad2ead98f	49020	90.57446	97.41216
3e1a297b-809a-440e-8419-cb3864d5193b	41546	86.07701	96.09757
3e1a9bf1-9139-4878-8875-95c89714599f	28616	88.42677	94.68610
3e20d317-8168-40a4-b28d-ada3a926e98c	27244	94.04762	98.69894
3e27091f-624d-4576-9754-794beb37b4a9	30137	90.12719	97.47242
3e2780dc-7fae-4c4d-a4e5-16f716e9d39c	25129	79.26966	94.11122
3e2b3bd2-5685-47b8-ade6-20c96503626d	39157	95.54279	98.98688
3e31e57d-38c8-4c92-88e0-2d9719dd653b	28136	93.99847	99.08918
3e35af20-dc12-4e62-b57b-e8420995c699	24429	94.91179	98.83513
3e35e4ed-48ce-4b88-8350-59751e394320	27436	84.61331	94.56003
3e44fa16-f8f7-4348-882b-aae6e69e61db	40922	90.22898	98.45980
3e4ba88c-baf5-4e41-b5dd-24f930c03f6c	24446	95.90849	99.30298
3e4c6e49-9c56-4edc-9a3e-eca3b3141ff3	32017	95.74220	99.06333
3e4f2396-6498-4d0d-af0f-868c36ee58f3	28684	91.55608	98.02954
3e5861dd-9536-462b-82a7-eea42aeb083d	24538	96.31833	99.17295
3e5c7a33-b71c-4708-92d0-56c2b3c7c4fb	34215	95.71076	99.16923
3e5d549e-daeb-4210-a600-adf9cb3270e7	47507	92.87836	98.33710
3e629cb8-e72f-4d6e-b698-1142b407912b	64702	87.56047	98.31885
3e6565e4-cf27-4e49-9f97-261275eda7aa	41089	91.54463	98.14292
3e66ec48-534d-48c0-858e-c4793f98f492	22288	91.60743	97.32632
3e732917-ab93-42b8-8bca-6ee82824b228	41713	78.35947	95.70170
3e78cd37-33d8-4174-8c21-567de3e3e2d3	36735	91.26633	98.32152
3e79c89c-5739-4790-9888-6859f850368a	66622	84.56208	96.57755
3e7a1492-258f-4827-8c1d-cc2a34cd30f3	28609	88.20545	96.61711
3e8648e6-9483-4ae7-a452-c6fb3e8ca22b	63529	86.54174	97.65358
3e86637d-4ef4-473b-92ab-053cceeee193	26308	89.75777	97.51421
3e890594-9f42-4118-a8cb-50820e774f20	41480	88.54346	96.01809
3e8af274-1cdb-461a-aa66-e6533a3cc4d5	26820	93.11988	98.88593
3e8b547d-d71e-4627-aba4-d749d031d6a7	30438	95.62213	99.06353
3e913bb7-141a-44b1-8a8f-c8922f2fcf63	26505	73.82333	84.41459
3e92b0e4-d501-42d0-b897-cf58a3d0f126	30626	93.95445	98.75849
3e95b04f-a910-45e4-87c7-57a0c80189ea	42319	94.29139	98.91579
3e96b798-5ce3-4863-9142-840e22ceab9d	40245	94.84441	98.77512
3e998c4d-98cf-4c55-811a-86a32b5147bf	42201	90.71793	93.42056
3ea3418e-3e36-4ecd-b606-291bb3234297	45092	95.08729	99.52462
3ea5abfe-40d2-48f8-8755-d7a76db58623	24926	94.76751	99.20185
3ea6ce21-c0d8-4a21-be1d-e313fcc3dc79	30457	91.28968	97.44832
3ebd97a2-c853-4f9b-8368-f7902f4350c1	30786	90.55987	98.05580
3ec4ac40-ac6c-4c79-8cac-f2ab4515a47c	66717	86.63389	97.85120
3ecf0f82-eaeb-4a0c-9cd8-daaa8e49f92e	44934	82.93168	96.87156
3ed0c7a2-6cae-40cb-906d-f5f2183199bf	37676	92.84162	98.85048
3ed73170-239a-4e7e-9a6b-920f92121137	38340	93.41674	98.55188
3ed93b9e-ad79-4d1c-9df7-591cb253418e	36509	86.53381	97.36793
3eda58c0-77d5-43b8-abb0-44515fd41722	34447	78.50235	94.72682
3ede27d2-ccb2-4743-b9b7-ac4e5743e231	22328	85.46588	96.43229
3eea04fa-4a3f-4086-9c91-23c04413247a	22358	89.33465	98.34915
3eeb53fa-ea28-4583-953a-affe8eba6d15	30119	91.87318	99.38784
3eec8976-76b2-497b-b1d6-9653b2c509c5	42829	93.38147	98.17292
3ef4c6fc-cf25-44ca-9507-1565effb8eeb	34885	93.16406	98.67291
3ef78db4-1256-44f3-96aa-f3efa6fdad8a	38151	92.04130	98.34677
3efae5da-51c6-483d-bc25-c8faf79f48d5	64685	86.61769	95.19551
3efd243f-6935-4549-ad21-dd9006f523a8	33443	95.02043	99.41562
3eff3242-5175-4f5e-a4f5-d37e1a36355a	50602	90.65182	97.45568
3f05b803-e945-40fd-9234-c537519c1067	48523	89.59148	96.54451
3f06e101-6d7e-4ef7-b485-ae966e725750	36254	95.22729	98.74751
3f0e9bdb-b434-4c3e-b625-b6d0f180d993	47048	87.75350	97.05919
3f0fe2a1-755d-4ba6-8abd-30a65e32a85b	23417	95.66351	99.19255
3f11b302-0e0b-4380-99ea-53ea244e276c	32740	94.10117	98.76767
3f134287-d5c3-4f42-b5d3-6839df8deb4b	27745	89.45269	98.32486
3f137f64-e5c9-4f4b-888e-35743fa2ab6a	24148	94.55124	99.68096
3f173395-7432-4955-8286-ae8dadaccd3e	43069	92.87199	98.72805
3f1de737-c8dd-4b20-95c4-22e743135fe7	21942	87.34852	95.60045
3f1e55f9-234f-455e-a9a4-7b90c7ebf031	41431	95.34840	99.25117
3f1e6396-d1c4-437f-b2ae-bd2de95751e2	30687	87.83056	93.77374
3f1f1f25-3db7-4d24-9fd0-34db148e77fd	23318	85.74192	96.46668
3f255883-2ea9-48f1-927e-d67caa231a0c	25973	91.10631	98.51178
3f2afda7-41fd-497c-93bd-aaea03c51605	25159	87.16697	95.33059
3f2c5afc-6e8c-4664-aa94-6cbd7384b528	24867	90.16894	97.98735
3f30d4e0-a938-4c34-be42-13a53d1a06c7	26928	94.50258	98.78219
3f359ac1-320f-46aa-8514-aac8e07e8961	26893	93.44233	98.41462
3f4d34cf-fe74-419c-866e-e8d55d97458f	29223	90.04897	97.24853
3f4e0e86-6add-4e01-83b1-912b54316e4c	56269	86.47566	96.12239
3f4fb749-1532-452d-9a57-f893bef3aeca	56531	80.05804	94.80664
3f607421-da37-4457-8d90-d3ff9535f133	23037	92.53220	97.31575
3f644b93-58c6-4edc-94b8-95366a75c6d5	52506	92.32311	99.21835
3f653cf1-a839-45e9-a8b9-421507e24d6a	28872	86.36017	93.01679
3f76d66e-3f83-4a92-84ce-d3e92db14b21	57955	79.67816	92.61346
3f77b546-00e6-4fb0-b4c7-8c9b3a3d99f1	24215	94.70850	98.85302
3f78d177-7d21-4e9d-bd27-d87b5d582648	28878	91.51438	97.82594
3f7fe7d9-aadf-4b0a-a600-d5694a75f035	37604	88.66330	96.68850
3f80237a-d926-4a08-9f56-2514372f29d3	34304	88.48169	97.95714
3f84e3cc-a8c8-45f4-a017-11717262acf7	31438	89.25259	96.18276
3f86fc39-ad84-4dcb-aee8-9c1628da3a6d	23319	91.81496	98.80810
3f8bafaa-f7ea-467e-9523-af02a9912319	24383	89.03693	96.65765
3f9cceab-1a4b-4da7-9c58-10bc5a704294	34626	85.00414	96.13510
3f9e416a-8ad2-4f85-9cc6-f460979c797e	37840	90.45516	98.11595
3fa1371f-418a-4f4c-929e-695466a5509a	25871	90.82219	97.52363
3fa2e1ac-2027-4c8f-8d05-dff40a6c42fc	28101	94.27150	98.71434
3fa53949-6f09-4237-93a1-c51fc1ed85f4	40076	94.21082	98.64705
3fadda79-bd4a-4393-95d8-287b1c903aaa	32303	91.84716	98.41547
3fb05c9b-7ea3-4df9-904c-ab2d0394fcfd	23181	91.92634	96.91210
3fb12347-326a-46ab-9965-51ae4e87dbfc	40728	80.26022	93.81974
3fb4b76d-e46a-4014-894f-dafafc434daf	21802	85.50179	96.75417
3fb9efe3-bc88-4a02-928e-249296f16aa0	37415	96.35539	99.28999
3fbc6d68-9167-4b48-b2ff-04516fb4f033	74966	84.41453	96.66951
3fbcc116-727f-47c3-b5d0-0bbbe3069b55	23345	95.88193	98.96644
3fbf03be-178f-4d13-a163-5e4f7b6584b7	38549	93.45279	98.08899
3fbfde3b-6a95-4724-a8b4-60da9916d719	23755	91.53671	97.95614
3fc16bb4-abfb-42d9-9ee2-aa84ca879787	39188	94.83233	98.79250
3fc3d9ea-d72e-41df-9b84-0286beea90d9	25638	95.56870	99.34315
3fc6722d-9308-44e0-be32-5bf5a79b88d4	31074	96.34611	99.16813
3fd398ec-6f29-4745-90d0-421262464237	24661	90.54381	97.93293
3fd731dc-640b-4e99-bc07-e6ea01413dbc	33243	89.97498	97.48134
3fd96a0a-8d60-45fe-89dc-230355fca2e1	34449	93.26716	99.05440
3fdb232e-cd09-4113-8d84-b8f08432daba	21804	89.55843	96.87973
3fdbae98-be12-4638-9b96-ba6a8f9cbdcb	22713	95.89812	98.91618
3fe3408d-1b2c-4efb-8b3d-ab45842b4f96	39580	88.89830	98.45444
3fe95c03-1d9c-40c5-8dda-17b55fad359b	27612	81.48372	95.49581
3fece4b3-9c43-49cc-8335-0fecd28593e9	37117	87.79755	96.63355
3ffa394a-07b3-4de4-b0ef-69adf36865bb	33497	89.23850	97.42071
400025c4-e8bf-4881-a08d-b64a7f82ad9d	30985	85.95572	97.24427
4001d335-4329-4f2e-9f51-b6a7719af750	33932	92.17050	98.78537
400f7ff2-84b0-4bf6-846a-e9e2e2f75f16	25226	95.09693	99.45029
401005b4-b890-4a5e-8498-ac8ed98098ab	48781	85.79447	95.92838
40114506-ac27-4272-aa15-dea95395b410	39521	92.76225	96.56379
4013604d-f92b-4c77-88d9-33ee44b2cb0c	36600	88.75081	96.18391
4014ca3b-1a5d-4af7-aff2-fa5a001ce582	25972	90.49573	98.67267
40167125-17f5-4827-b1cf-44e1d011e76d	39760	90.26339	98.30773
40183f7a-500e-4c92-850b-73e5ecb9263c	25286	83.47055	96.73479
401c5cfb-ac25-49bb-81af-d9a5d4d9d05a	31810	95.30589	98.97393
40290381-8661-4f29-baa5-40c6e800540b	26008	83.32916	96.00015
402da93c-aff9-4d75-be9a-5d67ad60c7c8	33819	92.42211	98.83097
40304af1-572b-4f07-9a24-9d20265988e5	22346	89.16617	97.72259
4032d013-61aa-412c-8e6a-5ef18194c5a7	43016	94.89547	99.18451
4033fa65-9d61-4bd7-83ce-cda77da5956c	47334	89.87404	98.38052
4039188f-8d30-4997-923f-7a211e020864	26894	92.08297	98.03635
403a4713-a25a-4493-b2f3-97f9499dd0cb	69042	95.03727	99.13030
403d926d-7809-4173-b50b-802b721446da	30281	95.64147	98.44402
403ed34a-95fd-42f7-bc77-83bce3bb6380	36133	95.77676	98.97601
4044aff4-f82e-4f41-ba74-13b117e79722	33973	89.30101	98.00226
4047a9cf-338d-4427-8c0b-57c81dcf1617	25087	87.57349	97.00757
404af9a8-2d8c-4251-bf17-5621136f39fc	34005	90.42452	97.06850
404d1707-4c22-4cff-989e-d99ab73a89f8	31633	84.81488	97.11381
404ec7b1-3097-448e-8e81-733ea761a0d6	24843	93.35292	98.62484
40531149-13c5-493e-b3a9-845c02e0d988	27821	77.01780	83.33736
4053cb9d-9866-4ee7-a578-494bb5d06029	22947	94.81703	99.08547
40576f74-c237-49e4-baa3-09c7cb9da3a1	34054	91.69064	98.64606
4057f451-3581-403c-9782-5dc7c873d0d3	30215	94.83397	99.20664
405e68e4-0f1c-4ed8-b8d4-bc26a3eb11b6	46479	88.63632	97.39826
40608a35-445d-47f3-b473-eade5885579d	35404	94.89108	98.59536
4060beca-6971-4c76-b0f3-528f9a7c5ed8	29076	87.67204	96.62513
4061cbb8-daef-44a3-9817-314bd11fdd8d	23368	95.62871	99.25411
406421d0-ca3d-4608-859b-8ca6162e0cf9	65474	93.16717	99.20062
40649fed-d2dc-4f47-ac13-e42ae6d88f40	43588	94.10475	98.56622
406acbc5-ee9c-455d-b40a-692539f09fe2	24646	91.59850	96.65985
406e5bce-a929-46a3-8b94-46c7f4d4134e	28793	91.47201	98.11385
4074922b-f7ea-443a-b44c-8618dd77a532	30239	94.50863	97.64618
407b0c5b-c274-477c-87a4-c7b63047a130	46653	96.40501	99.44275
407c7fde-eb23-4b73-909a-4cc25205b282	60646	93.69710	98.87677
407cd007-5ffc-41c9-b46b-e638bc99d57b	63127	94.36771	99.28160
40821a65-46ee-406a-973c-306b5a785d38	22840	93.09591	99.28883
408354ab-455f-4a75-be2c-76b8e7dc705f	67970	86.92050	96.22692
40838115-16dc-4aae-83c9-f3f81eb50b53	41843	94.13770	98.90128
40867a45-0e03-4649-8e2a-d53fbc8d9a07	30846	86.93328	98.06005
4090018a-a73d-4dac-a66c-3571114340c9	32365	95.22365	99.00963
40927f26-41b2-4013-adb4-cb07d1ca1ee0	24891	94.77256	99.18449
40941487-5275-4c8f-a5cd-15723fa81697	24533	89.87951	97.54131
40967bd5-751e-4987-b79c-3b771dea6c6d	23347	93.45920	99.20184
4099ba77-fa42-4841-86d0-1ca363686398	36368	90.98278	97.98007
409b3e26-a1ac-446e-8eed-ea288c077a20	26441	91.82077	98.02632
40a06418-de52-4b6e-942b-b6a3cb1c4f68	42097	96.43259	99.27228
40a0e933-d4ce-4a32-9a66-114cec53e0fe	59567	78.23428	94.18669
40a162a3-a619-4593-84b5-18aaaaf3a6d2	41215	95.90885	99.39105
40af470e-a287-4c48-942d-156f8222cc6a	32789	86.95904	97.89672
40b30cfd-4d68-4383-96b9-0bbd9512d9cc	33808	90.88240	96.81966
40b54bf4-3b94-4572-b0c2-f3cadc2e089e	24921	82.89741	94.69235
40c29b48-e8c9-42a7-82ce-244d912efb0b	31404	83.10393	95.70738
40c65441-65a0-40f7-9c46-1edb3e1ad842	17169	96.48991	99.41860
40c8bc22-5cb0-48b2-ac87-14b94778eb2b	45090	88.87882	97.07728
40cd091e-6ad2-4d5a-9dbf-69c67bdd823e	93668	89.22355	97.41563
40d40d3c-5748-489f-be28-489b71504a4f	22887	92.99227	98.70934
40d64e15-7183-4d8f-86d8-014c1c62a389	23355	90.58214	98.84076
40deacf2-d1bb-43cc-8494-59abbe46f663	25123	96.14147	99.29488
40df601b-9a2c-456e-aa5a-02779e0621e6	35896	86.80190	97.12023
40e0eec5-6c4b-4412-8d78-9acc96e0ddb4	25903	88.42999	96.89446
40e155b1-e4a2-4caa-ba9c-e99beee23730	28443	85.81037	95.49328
40e25010-01f2-45ab-99c5-609dec75a7aa	25975	95.40745	99.46598
40e52f56-f6a6-45fc-b0f5-8dcc6f7c80ea	27990	96.26766	98.99766
40e86579-9813-4126-8e0c-4be6318e0fb8	23970	95.65146	99.21904
40ed53e4-e2a2-41c8-afd2-3ee6460046b0	28895	90.48017	98.91192
40f2a78c-c398-4f19-8d03-50225a916b10	30862	94.17937	99.05712
40f3cde7-26be-4d51-8fb6-a02a6d5a6922	31651	93.58160	98.67080
40f54208-3734-4541-ac28-0108523ae5ab	36905	94.70710	98.87752
40f6feb2-aa37-4f6f-81c0-66750994c782	29614	95.52224	99.03421
40fbf4f4-c3bf-44b3-86c2-6bb254fc01b5	38282	90.71936	97.02581
4100cbac-cc5c-41ab-b0aa-14e432de229c	25763	84.42441	96.50468
410413e0-0192-4a07-bd3a-2a7ec2615965	29682	93.45452	99.03589
410724a4-5b26-435e-bca5-490b0e2a55bf	25111	92.40536	98.10434
410bf0a3-e2a2-409b-a021-bf1a0cf238c7	66125	96.12016	99.11455
410f938a-35d4-4918-b112-08f13bee3f92	24418	81.87082	94.29114
41115539-b3e2-41cd-bc48-d4b5da998764	54585	87.16343	95.67131
4113c33b-2d9c-4dc1-a839-c61e0c329b6b	26777	90.04880	98.21166
411b6311-d429-461b-9123-562bb5c5042f	72454	90.52704	98.70178
4121466f-f513-4f1b-b745-9be1f94ccf6b	33977	89.82907	97.90040
41252801-7e7a-4146-be97-2439b569ba07	51358	92.73030	98.57195
413b086a-5c3e-4037-b2d0-62245414afce	38928	78.81031	93.40646
413b0abc-e580-4601-b48d-5914874b59f4	54207	95.62272	98.97959
413bcac1-eb8a-4a3a-9b74-1a26a9a83549	33747	85.06658	97.02259
413e26ce-decd-462b-bf7a-a1f3d09405d9	23660	89.14176	98.44715
413e5e05-68a2-40c4-8cb0-db3f7a0598ca	44038	90.44935	97.19023
413ee7d6-bec3-4280-9927-c52760cc3cf0	51505	91.74308	97.98796
4149a0ac-d028-436e-9d59-90fc0196d6aa	44985	95.54065	99.05546
414a4ca3-92c2-451f-a184-d5107c38bb3d	12072	96.70519	99.38027
414e69d7-f552-4434-bad5-b4ff7680756f	24418	91.98302	98.44300
415b4a98-7e43-49a4-aa49-ba7e0fadbaeb	37478	94.01707	98.47555
415faa65-396d-4135-a3db-93b4e21265e5	26006	95.99439	99.41384
4168f8a7-47ef-4858-9367-dc80bf653f17	24051	92.23755	98.31398
416b7e20-06f4-421c-b743-6a8be6f4d8da	22733	91.78222	97.82806
41703a39-b3d8-4fb5-a9d4-939d4e6ef8be	43040	95.28952	99.26070
417332ec-469a-478a-bd2d-57784a39b1a1	26871	88.77410	96.85917
4176a6d2-9adf-41fa-87f8-024313bb02f5	55050	89.97764	97.34665
417ed21d-699a-4109-baf5-adad4edcbcfe	28729	91.28190	97.97727
417f9737-3238-4cb6-a7e5-8ae2f703b65a	35966	86.02972	95.26744
418436fb-c150-4624-9441-0dc093becb54	23763	93.92543	98.97631
41874cd8-a814-411d-b573-bbad05534ea4	24566	94.88605	99.13353
41895121-662c-4c01-a267-42ac0c83949f	42197	91.10098	98.67641
418a2ace-af5a-4714-8bb6-9740b6608d36	25067	86.41452	97.66214
4191c7b5-f45b-4ca7-8831-8674a34f41df	40605	90.32335	98.51418
4199af10-ec82-490e-b9a2-8f517ce4b083	38743	88.87148	97.88620
419b9c9d-5962-4b61-b0e4-3e40b768ce2f	40816	92.36162	97.77597
419cc5c2-fd49-489d-aeea-8558265f3e34	42536	93.84238	98.64987
419eaeee-6745-403a-9aa9-11b0e9f8c903	25985	91.80598	95.98029
41a1d387-34e4-4f83-b71a-f8c586ebbd23	28687	92.13126	98.24073
41a33392-2e09-4ee9-9163-3a70fb5de3e5	44138	93.12254	99.39543
41ae22ea-b6a6-49f8-a8ac-d261114b0ed7	23681	95.64657	99.23061
41af1ad8-49ff-4cd3-9625-c66a86f4545b	32706	94.00161	98.97185
41bb575b-46e0-4115-8a65-ad11bc1196e8	22417	94.60941	99.23932
41bedad6-fcc8-4da6-ba39-000f47cd7cbf	45214	94.87429	98.65990
41c70571-0997-4114-b544-07075794f46f	40025	96.04416	99.10187
41cd6a40-3e15-4c41-bdb8-568dabeaf23b	68311	95.99983	99.66975
41ce06c7-1168-417a-b251-fa58387a1c18	29044	83.13987	96.12766
41d2b3c4-ab88-4ab0-b547-6ad5d1db6a2f	30900	93.96107	98.97854
41d54c2b-0e43-4591-965f-e4dd5701eb2a	22431	85.77330	97.24591
41d7d7cd-e32a-4854-ac9b-98c17d7dbc18	25552	93.06396	98.33681
41e72da5-3e16-46b2-9f72-79770a09f6cd	32962	81.17292	97.05256
41e9208f-7ea8-4686-b7d7-ed96fb0650ac	23802	87.69010	96.62843
41ecc3b1-8411-4e51-995f-3f4e8fa30217	29172	95.73535	99.32075
41ef86c7-1d85-4072-9fff-09ad4c5cbf5c	43493	89.65820	97.47563
41f02910-3e6a-40a3-aa33-9b4ca3908e8d	25392	82.99948	96.26407
41f07432-4d60-49d4-bb87-0fe73c5b8996	27840	95.51492	98.70532
41f453ef-6ab8-4b14-bda8-8a33f70b5429	35682	77.14554	93.78740
41f48a94-88b2-4199-8d22-0d5cf860ebc9	25116	83.60949	96.41907
4200787f-d65b-4f96-b459-5ad794c2faae	25852	94.08099	98.62190
4200fa5a-b46e-45e4-8b70-4fe1c9b14464	24290	83.62715	94.35226
42037d38-e7d8-43de-9903-307e737c9f39	33714	91.41053	97.62285
42065476-2750-4159-95dd-a63f84166efc	23807	92.12920	98.12008
420b668c-5ac3-4c73-99c6-88d784d620ef	23050	88.51645	97.30153
4210ff4b-033e-469b-9c90-1cf195746063	41457	89.35040	98.32770
42136f4c-2b07-420b-b0b2-e35d1aaa0195	21149	87.52694	97.16332
421499fc-a81d-4123-9b53-97ce7c2fbf99	24624	91.11838	97.50507
42241af3-bc5c-4cbf-8378-d8de8264a962	33476	89.23551	99.01551
4224ed39-0c5b-4959-a49b-e91a43c0e5e6	8595	92.05687	97.33165
422897a9-1c12-4946-992c-d9a77879ea24	48108	84.49827	95.85458
422b5926-ae14-4c05-9797-65fd01a13608	43359	94.96227	99.16781
422bd259-3ba1-4289-b58d-9cfe4509d37d	34293	95.41368	98.52366
422f490b-73fb-4227-9c28-531bdbad97a6	53005	84.71242	94.81881
4231c52f-3187-40a8-b57c-c52df3ef0084	27496	92.64098	98.41509
4233aced-1833-4929-9011-49cec2837ba6	36193	89.23837	97.49177
423744b8-e3b3-457e-b452-ad2851abb1f3	28594	95.40872	98.78066
423809fc-5bc3-4b47-8bb1-4065f31c206a	26946	93.30632	98.95315
42395a49-8393-41e8-8e04-ff09fde2b192	38825	89.24818	97.42519
4239805d-edc9-48c9-af3f-5c80dbcb3ae8	52868	94.60801	98.99282
423b1b94-e3ad-4f34-aa9f-dbcfff7d493f	23174	93.97336	99.04778
42408653-8e23-4783-9583-c24428a61cb4	26990	95.25060	99.25065
4244fad4-e5ae-4a63-a470-f182d8c5b658	45430	94.95189	98.45993
42491d37-005c-46b2-b700-e023a9f2c1e2	30533	86.25090	98.08882
424c26de-dccc-4318-ae32-9f939e6bd185	55540	93.11242	99.33351
424cfdc3-0b35-4c33-b285-69dc457fee5a	23393	88.98847	96.88970
424dfbbf-1e36-4c50-918f-0b32fa5f4c66	31026	86.13684	96.76653
424ef3cf-687f-4863-822d-c42d12608ad4	41797	81.27475	100.11086
424ff219-6cae-49ce-b04a-52fa44e920fa	45154	93.91822	98.95518
424ff7ee-285e-4238-9fb4-3171b2a5071c	29503	80.03400	94.33890
4252b1e9-3343-4741-ab38-0162a22ab6e6	32278	94.01459	98.80938
42634705-dedf-482a-8fc6-996b7c4078c8	41366	94.14005	99.07845
4265f6b8-2891-415d-bc02-9a4b0dbf579a	24493	83.12114	94.63150
4275874e-a5f3-4a5a-bede-1bb476c3d28b	21906	90.13668	98.24308
427abb10-ed5f-4c04-91d6-babd3337caa8	22744	92.02150	98.38920
427da959-011f-47a9-bec5-eee81714399e	43329	94.52246	98.59553
4281ceae-7c4e-4543-a630-5b7ae20be8b4	21181	87.82110	92.98771
4285cb7d-250e-48f0-bd43-2322f952ddad	33034	90.07654	98.87515
42881cc0-3f29-4b80-99d8-426b91f9ce52	47527	74.65584	95.16803
428977ec-bf9a-4425-a881-0c3a08d93af6	47034	87.96104	96.95155
428f4da3-a148-4a76-b467-2a4c01425784	49628	92.18710	98.99652
4295d1ad-41ec-4ec2-ab11-b8de27c4d6a0	33671	89.81089	98.17274
42a02bf4-22b1-4f55-9e22-d4ba80284145	36246	82.29346	97.00721
42b9a9cf-aaf3-4bd9-b1bd-772a4ef9f9fe	43147	95.51237	99.08434
42bb7114-42bb-4c56-bee1-2b3f2cdba9b9	32999	87.96320	95.84730
42bc2bd5-9fc6-403a-bab4-8f31cca51795	37161	96.30829	99.29853
42bd13e8-f2cd-4d20-8ad9-704390923768	36088	89.89765	97.17124
42c1745f-c35a-4935-a096-e4e40d3bbc27	38441	90.02923	98.04117
42c278e1-8a23-4bde-9487-d678ce5bebd6	28435	91.18665	96.71533
42c43835-c3a1-47e0-bf25-7727ab89c5f4	22856	88.87443	97.69469
42c72cf8-70ec-414b-87d9-57c81c5afe2c	22686	94.67787	98.49706
42cd5134-2666-4616-a8b6-59c3c1402556	27670	86.52001	97.35382
42ce1827-751f-4a06-8ab1-9629a7f75d32	34206	95.61926	99.31315
42d219ab-c898-4e1b-8f8f-d73ea2df060f	57588	91.96946	97.76010
42d7fb09-dd49-450b-aa43-9e0ea0d0fe7d	22675	94.49422	99.10052
42d8ea43-0c08-43ff-ba64-2c3e84fd0ea9	46583	89.44491	97.19270
42df4a0d-7fe7-4555-9359-5d294309c408	27133	87.34628	98.54177
42e4ec2a-a200-4ec1-a532-16dfebb03751	31495	90.41050	98.31501
42eaaff0-1746-414d-aa3e-0d83ea991850	37337	94.18803	99.52457
42eb3792-60cd-4e2d-8a44-9d14c3cffd4c	24923	89.07669	97.44758
42f14236-66cc-4421-bcec-cbe9c2ae7711	22695	94.59659	99.36297
42f3a7c8-35d4-4552-9eb2-5ef28fe9bdad	48161	95.12603	99.33478
430076cd-4d35-449f-8a93-99b2ca8ad11f	39627	94.10650	98.59664
4301533f-ae26-4831-9a8b-2c5d2194050b	23872	93.59006	98.61174
4304ce8c-fdb0-4408-9b18-3a95d68d4efe	24719	88.39348	97.63131
4306599f-3ae4-4cc1-9b05-39320096df5d	44571	89.48066	96.95048
43078af1-07ae-4edb-af48-47d0de719bb9	29076	95.95830	99.00973
4309c411-2d99-4b4b-af16-83f21e8690dc	22404	94.42184	99.00160
430b0508-62f4-49be-b975-9fc8fba6bb39	33581	87.51128	96.80814
430c2e6e-1230-426a-914b-f40a2740a7f7	34400	88.69572	98.69909
43160113-f5bf-4147-b4f6-f44f18f30ece	25047	79.65638	92.43788
431d4bdf-5470-4b2a-861d-6094ca2cec9d	32634	88.91742	97.05742
4329df72-e0a2-4087-b539-d4553fc4c055	89983	94.94107	98.84969
4332cc3d-e7b5-49f8-bc0c-9aadef74cbfa	27612	92.62661	98.16412
4333de72-4550-4375-881e-6ca138f13b79	32526	81.72182	97.46520
43399f11-ba07-46aa-af35-a4c64010ff8f	78104	83.70849	96.31532
433a2177-6a11-4f7d-ad04-386a3bc25da3	25318	94.20503	98.93755
433dae65-3618-4289-a903-3cdbe8f4b5f8	27680	88.94507	98.49573
43423066-4e80-41e9-95c9-df4448f699db	27829	90.47261	96.78960
434bc07a-a749-418c-84c4-28057b9a0a29	47240	91.95862	98.26968
434c9add-00d9-4423-9e93-904b8870786e	39086	94.24351	98.74889
434cb864-4dcf-4396-a8b7-2e9df8ef5e0a	49107	85.48194	93.71284
434cd65f-0e95-435f-938f-4579f07d70d7	47115	94.72831	98.96875
43521efd-3900-4344-ac70-b31f15f4d363	26498	94.86400	99.25990
4358c468-65fd-4d81-94c6-f4405deedee6	37130	91.74261	98.41287
436151f7-2995-444e-8444-5ccd09d8a3a8	50643	88.79973	95.75753
436560cb-8e2c-41f7-bea2-f0b12edf6aa6	26168	93.69785	98.50138
4367cd99-c94b-4a15-add5-b7286ae76713	21923	91.46668	97.82365
43692343-a842-48b7-abb6-36f9a283a610	45598	92.66002	98.84057
4369ec3f-9259-4df1-9d96-2fbbbd3c3264	25793	90.44959	98.73150
436acc85-0138-436d-a260-ece2dc6c5136	35986	87.21033	97.79213
436af134-c21d-438f-9768-81878aaa6d10	49104	87.91360	95.54624
43741abd-3fd7-43a4-88e0-7e3c6f64c800	31750	90.21612	96.68773
43752e58-be11-471e-a14a-6aaf3abc9e30	29606	92.17270	97.21811
43781175-26a2-4dec-967f-8d3c2c24cd1a	29289	93.45324	98.98894
437892de-5d0f-4267-943e-7d71a5f81516	48451	93.50924	98.92656
437c34b2-a115-45e7-ba5f-3044895767a5	32142	96.36565	99.16741
438132a9-0384-4ecf-8804-b0b0ef8af8db	22399	94.96519	98.75216
43818251-9911-434f-b1f7-7072215f764c	25189	85.63924	94.44821
43877550-edcb-4f37-bae2-7ae48862d440	32376	95.54667	98.89501
4391beef-d79e-43cf-8ccf-e68d1cf73def	55170	95.56813	98.91882
43992910-a6e2-4a30-b7ce-6c3464abe104	23079	89.48679	97.47029
439a5b1c-857c-49b4-9a39-91b8de735111	29224	94.38244	98.84352
439f9ccd-4f99-4eca-bd82-d835b0bf87ca	35995	88.69230	98.00262
43a07b19-5ef0-4f60-9d98-0a7820a60557	26623	93.66684	99.17457
43a34715-1778-4619-ae8c-7aacc9a812bd	30793	95.88460	98.63836
43a55384-0a3e-41fa-b8da-45a17d562bf3	35565	89.84196	98.14139
43ace928-c911-4e60-b368-a127a8d83aff	43612	94.81191	98.52219
43af0d3c-a833-484b-b803-9ed73e179e53	34043	91.45415	97.91829
43b6f0d7-1310-4bda-ba40-76c3936ffdf9	21403	95.21040	98.66895
43b711cd-c7e2-4d37-8739-c9e4ba87a036	18544	94.32549	98.99444
43b78a3e-f6f5-4a00-ac0f-9a4f3b7ca4f5	41022	89.67574	98.30378
43b79486-27cc-4b75-907b-d4f3a9fade69	35179	90.99062	98.58648
43b835aa-7565-4c40-875d-15d6b89087a4	45026	91.00373	98.28476
43bb52aa-3ac7-4a1e-89d7-9e1ca61c8c27	69917	94.30720	98.71545
43bd83f9-64c9-4647-82db-3819b85ddd94	24439	96.06658	99.06493
43c1bbde-3075-4218-a396-cc0ae3fb778a	38631	82.94704	95.87739
43c3799a-1374-41f6-ad4f-1f9b39d416cd	24246	87.47719	95.97043
43c88450-d542-4deb-b298-041a16f4f864	67421	91.42118	98.71396
43c9c438-1d19-4dab-9628-edf5316da6b9	59107	89.32372	98.61931
43cb5c66-1721-4359-9e62-deaabf19407b	27369	90.93092	98.57308
43d028da-f0d4-425b-a4ed-a5e4e9a660cf	34414	94.11949	99.24560
43d9ff8b-341f-42ff-8346-9a71347d1dcd	34588	95.03178	99.07830
43dd851b-1e05-43bd-a86e-dfb53dcddf6d	22617	87.72913	97.34135
43e2f080-7a55-4281-a77d-4b49fc90fae8	52131	89.84311	98.71985
43e6d175-db96-4513-b4c6-62966f44fe71	22912	96.47267	99.34732
43eb50f9-97cb-455d-8929-81d7ba1310c7	27789	88.56381	95.25299
43ee595e-7533-4efc-ad57-e481ec048af6	43843	80.35452	98.37585
43f77f5d-7302-46e8-9aa2-85dd4743668f	29744	95.83127	99.04845
43fc5de0-af64-4bd2-b641-4794458d253d	10793	92.05637	97.91648
44006589-a205-4edd-b766-8a4bcedd650f	36730	91.36551	97.16353
440699c0-0798-4e13-81f1-048cb627135d	34938	91.28479	96.51172
44090ed9-dcfe-43b1-8dc7-bfad97115f94	29856	90.66960	98.42147
4417c6f9-634f-49d2-8aac-4ccf5b6be164	22275	90.65461	99.88286
44185057-8c87-4f13-97fb-d829db7707f3	27398	94.16634	99.42108
44185f5b-5730-411b-84be-6687f48d5ac7	22810	95.75159	99.57074
441935ea-3707-494a-bbeb-6811f89e9b47	30685	95.29250	99.04528
4419a2e2-8bba-4087-971b-2233bf20a178	40674	82.97882	89.38864
441c9661-d98e-4bcd-a71c-99c96d147aae	25400	91.35433	95.77657
441dcf0c-0c69-48f0-9fa3-ff73e710cc58	46452	94.36377	98.87219
441f3948-219d-4cad-939a-c95f5fcd4b54	29517	95.58990	99.23811
4426960a-8252-4593-a108-cdd90163600f	40023	94.40921	99.07214
442eb3f6-a663-4a63-a2b8-20507287ccf6	22362	94.02255	98.67174
442f428a-b1a0-4ea8-aefb-a8672e1046de	22442	95.08204	98.94290
44363943-97d8-4657-a8e3-765bd32e8db3	27181	88.35030	97.70770
444cedec-fb60-42cb-acbc-b9f831880cfc	42789	94.50045	98.81308
444e4c49-327c-43e3-9f46-46bb813bb481	39692	95.83529	98.68477
444e988f-6376-4888-8829-3c48b76eef88	29595	92.13246	97.44182
44588c6a-59fa-4a1d-a487-4b77f2503b38	40555	87.60970	95.55204
445b0b0b-93a5-4d62-b831-ebafd945b499	41067	89.47589	97.85365
4465378b-c109-4328-b6a6-391880b82651	80685	94.69050	98.99781
4465525f-0f13-4a16-84dc-dc93ba2fef30	34725	91.14837	99.35458
446e02cb-fd1b-4fc1-8d3b-6a9cb117b598	31067	96.03082	99.08556
447694bc-ddb4-4aa0-b1fc-805e3d4284d6	44292	94.45373	98.47456
44779b3b-fe51-49c8-a2f9-a5e0c693a8de	21351	75.17872	89.09632
4480f2dd-371a-4e88-800f-b5a81ead9607	24796	88.68720	98.46111
44842fd1-4c50-4200-928d-b6bc21bf72ba	47182	94.49795	99.17670
448727a5-85aa-4c29-82b6-def14df61eeb	32628	92.53620	98.65737
448a7f99-1ba9-45d5-8e72-e0fdbeb29996	29121	95.70144	99.62920
448adc7f-e37c-41db-9e73-168c82696e0f	45637	92.43216	98.97667
448cc401-7e68-47a8-b5a9-5fd5554a4b29	46480	89.06384	97.24051
448f0949-dcd3-4343-ba3b-a2c24998e90e	27433	95.37252	98.71194
44908549-155d-4fa1-a10d-ebb7ec24a725	35499	91.16442	99.12482
4494aae8-b699-46c4-b6cb-7f2c1bca9d42	33523	90.55971	96.62197
4497d833-7509-47fb-83a0-0cec27f0a00e	42813	95.97693	99.69910
4498bd88-5b8b-4506-a9ad-3d3363ff2372	45060	94.41131	98.83555
4499955c-6771-4dd1-b47f-4f9587fead2f	63795	94.80947	98.71104
449d322f-5cc6-4e75-901f-c32640337e5b	36039	90.00607	96.66998
449e3160-0a85-40d8-a4a1-804ab3bf6b94	28205	90.98527	96.61401
44a14b7a-1569-4324-a1aa-4527e9ff1c0e	28856	85.87921	96.67955
44a17c68-3ca9-4ba7-aaac-2cd69a28cab9	25889	95.06754	99.05961
44a667b2-dce3-4113-91ac-aa2182cb5a4e	28541	95.50411	99.26417
44a6f941-4b17-4043-be84-52244a678df4	30144	96.00967	99.26708
44b335f6-7b8e-42b1-868f-4d8829077610	39245	94.91276	98.84907
44b48e0b-88af-40aa-a38f-d6f288d383e7	55217	87.57929	98.30705
44b7d079-ac04-4649-b39a-1f3bac3b1f5d	49501	91.77673	97.60852
44b878c6-9371-4662-a16e-8862c04def46	28648	75.38571	91.52874
44ba7fac-c41d-409c-91ff-010d1d2e3ef5	29041	91.51458	99.53269
44ccfa92-b377-4eda-829e-4b80cbc7faa9	32522	88.89543	97.75023
44d0b387-70cb-465d-a964-d42e91a3a207	48006	91.01795	97.65229
44da18e5-a977-451e-9b30-ff06a0f2291d	26882	95.40113	98.30477
44dc4988-ec3b-49f7-9ca0-1c56ccc8222a	31326	86.70480	98.29372
44e78368-87c5-44ba-8c64-176e4994d254	30813	90.84603	97.52847
44e7e606-ee81-451f-aa67-68267b5394b8	31147	95.39034	99.00889
44eac0f3-c06e-4277-8731-25069a8a5bd4	55909	89.84189	96.34155
44ed5a6b-c5fa-48d4-b1ed-55a08123ce45	22504	84.59811	96.00069
44f825cf-43fb-453c-9f55-1e53a72895f6	32915	95.46935	99.01626
4502cbd1-b289-4ea4-9535-729401c236f9	45633	95.72897	99.01113
4504584e-c86a-4cc3-9657-8b4f6a216262	23696	95.64331	99.43141
450a10eb-89c6-485d-88e2-3a2a63416785	27634	89.63299	98.74001
45158cbf-dd0c-4fd7-96e7-dcd3cd3a527f	34533	84.84643	96.81638
451592e4-53f3-4ac0-9be7-89fb9565a8c1	27698	76.77788	93.98903
451afd98-a760-4aa0-aa8d-00d1a5e1a658	22898	95.11408	99.17409
451c42e0-a405-4ce2-9106-98c62e957a08	46544	95.69845	99.18659
451eb9c8-dea3-42d6-890a-b5b73a9966cb	30735	91.16383	97.04569
4520d028-f233-464c-a16c-aba4cc336603	46028	93.96716	98.86398
4521811f-f19f-4f2b-abfd-2089de25b328	32367	87.77663	97.24392
4529afcb-f57e-48c9-b541-cb779d901c80	31952	94.34072	98.74280
452ed1f3-b3a7-4889-8ffe-59ae2c8c6d03	25788	90.25438	96.79654
45353f62-d19d-48cf-9513-313d02bc82b8	28226	93.96806	98.87546
4538efc7-5367-4592-a3b9-ce4b491c8ce4	47965	95.24406	99.32566
453e0494-2ee0-4d32-ad51-f96a9a25399c	29524	77.70307	91.79526
45433880-903b-41cb-92fc-f68b2fb400c5	2970	92.19928	97.20745
454d0cf5-5eac-494a-94c2-17294a37e65e	32477	96.03225	98.94621
454e0322-6cd2-4b62-93ee-d519445ae4f0	39274	87.66072	97.78333
454fa317-0ff1-4659-ba56-77dbe57f037b	26335	87.96599	96.14370
4553938f-6b37-48b4-ac43-9cacfd2a70b1	22838	95.24976	98.80611
4553be9f-8132-4e6a-b4bd-968478ffe0f8	21088	94.00305	98.67767
4561a91e-5e2c-4690-bc42-05575c2f003d	35092	93.83676	99.26583
4562c2af-86f6-4f41-b9f8-2f31a65744cd	45138	88.28369	97.54793
4564ba7a-385b-435a-be97-d17be1883569	33008	97.05750	99.13313
456694f0-ebb7-4f8a-bbb9-15eb017bb6ad	32848	93.99078	99.28502
4569e88d-40a5-4e94-8ee9-74152c24c649	40129	86.54216	96.26620
45736e99-a359-4062-9f42-3884ec0f92e5	22684	90.86916	97.02171
457690ad-b8bf-4d90-a4c1-64ff3c202fcc	32655	80.09074	93.85328
45774312-62c4-4027-96fc-c153e2864168	39007	95.75893	99.04350
457dfad1-5659-41fa-99d7-f0fc694eac0b	37778	89.17512	96.58503
457e4aa6-fc54-4f2d-9ba6-0e0f4580ef5d	23130	93.88168	98.23590
457e865d-65da-4e81-bd87-b421f13751b8	22328	89.52733	97.83365
457f2e2e-24a7-4a2d-b8bb-1664ddac2dea	37888	94.68402	99.14512
457f51d1-cd21-4f09-8de1-430764e4efc7	40089	89.12734	97.01014
457f959c-b580-4806-815b-718e60eee807	49837	83.41287	96.34071
45817301-7324-4c49-9640-ce6c08066c7c	22103	89.47506	98.01932
4582b966-4877-4da0-bcfa-2625f2385d2c	38870	91.93624	98.04993
4583669e-626b-4d03-93c2-9fd259904bad	54747	91.89966	98.97297
45844b7f-86d4-4d0c-a96b-23fc6a97fe06	46957	92.28316	98.00360
458b9f8c-2905-4b51-ba0c-57795917c19d	27280	94.03146	99.21938
458f1243-d9f0-48d1-aa3c-81945a6f56d7	45695	95.51651	99.43324
4593b1ae-45d9-47ff-a434-8c25ed3a199f	25119	75.54366	91.83134
45983e83-7582-49df-b38e-acbb54341842	29156	91.96570	97.40504
459e8d15-211e-4631-b88e-44f2a346b761	24887	86.64910	97.26189
45add7f3-6ac2-4a6e-bd92-2e52dec800ba	31840	95.41220	98.97912
45b7dcd1-d611-4d70-affe-6a6e09ca0dba	32498	93.21618	98.66707
45bd3f23-b231-46aa-9b6a-4f6d5fd97d29	42866	94.84595	99.31300
45bdbe93-0b40-4137-a2ef-3f0c276ac673	39555	88.71692	97.35849
45c5c912-8d05-4e47-bc6f-a8ef3b8ddd3a	30621	88.97850	96.54529
45c6f041-bf1b-4d2a-bef7-94144ad6650d	28893	94.17227	98.39492
45d92047-5922-409a-899c-bd30de6f6ee4	25694	89.41111	97.32787
45e5b5c8-cbb2-4c6b-9183-439f7235e064	27073	87.29795	98.14316
45e98da5-169a-49b5-91cc-8835f042a70a	44326	89.57131	96.25005
45ea4392-75b9-49d7-8ed4-5f2ac5f06981	26561	94.75705	98.89453
45ef0a07-b16a-4717-98a2-bb0cd2471076	19593	75.42509	92.49771
45f3ee3a-4626-498f-8f1c-ea70495dfb2b	46627	93.14734	99.02153
45f43b0b-7287-4ec9-9996-e9f1d6edb884	42293	89.74964	96.44899
45f9739c-34d8-406c-b3fd-6c291503670a	40385	93.58702	97.37904
45f9e35f-43e8-4ab7-989e-6735a6cde8d7	25480	90.12411	98.36750
45fb1ea3-e000-4fcc-95e3-a468976966c1	67996	91.73742	99.51939
45fe2232-a130-43f0-9594-a6d0b3416a18	58047	94.10398	98.32503
45ffe4aa-25ea-4acf-9f39-f6e350cbee21	54429	87.14233	97.59121
4603b243-9733-4c62-8096-d78ef87ed45d	32692	89.78104	95.95032
4607d44d-58e2-4e07-8bb9-fc76a34dc76d	31748	89.44919	98.23256
460d1124-6302-46cf-a929-3f4cde61ca96	46232	95.42242	98.84700
460fe247-a69b-4451-b0d4-8ab6b66b56a2	22237	93.15334	98.89172
46103934-4d87-4d51-8114-a84ffd1a0623	29995	91.12100	98.66759
461a13eb-d801-4a40-976a-e80c4c0add77	39804	91.11208	98.29041
461ba73b-cc08-4d0f-bc0d-54aeb79cc45f	28397	94.03134	98.90590
461d20f7-8554-4efa-b10e-88d96cf747e6	39065	90.88668	97.06659
4620f35f-89a2-4219-b167-2c6cb73f2f0a	9782	92.15470	97.51223
4622e80b-7dad-42d0-9116-88c237c0d468	32085	89.89694	97.73568
462750e1-702a-49bc-852d-c429ef86d19e	22092	92.63551	98.34998
46277fc0-ba41-46f4-b2d1-0d38587a3fae	30872	95.63316	99.01305
462a25d2-89d6-4b39-8f1d-90634e006952	66406	86.85634	97.11591
462d7487-1b0c-4c58-834a-1e7aa8acc5ed	30658	77.93914	93.14073
46318767-3fb2-46b0-8dcd-6f1ce319b3e0	37692	92.96148	98.09067
4633ae0a-4e4c-49ac-bc7b-e0ca42e93e8a	38816	95.00531	99.11740
4634399f-23cb-4752-a34e-48ba5b08e1bb	25995	90.67933	96.68420
463e4baf-13cb-41ad-b89d-99b1872040f3	27832	94.28813	99.56587
463f3d4f-7f67-4c9d-a462-969599a65f97	30990	91.06462	97.55612
46400097-b680-4c63-a183-3d1594566781	25706	95.03760	98.72759
464904c2-4ac4-4340-8008-2cb4fa857fce	45183	89.64264	94.98147
464a54aa-f4cc-4ef8-acae-e16c3f04ad01	26356	94.39280	98.55975
46510ee8-c7d8-4c6d-8b4b-b822fdb0d6ec	24538	95.65793	99.01227
46518340-c4f9-48c2-941d-eaec36ff7079	23151	89.43738	97.94125
4655466c-75e7-4677-bf2c-b6f4c25778ba	41609	85.14147	95.00561
465c96a0-39c4-4c2c-81a7-f1d5f4fe481a	46831	87.08353	96.15804
4660bc37-40ff-42f1-9f9f-75155671d576	30507	88.26363	96.87659
4661c024-abd5-4cf8-9432-f4ece8ceeff5	24804	93.38131	98.61582
46656864-7f5f-4e7d-9461-ccdbb6386005	55532	95.54667	99.37459
46871ff9-3569-490f-8f6a-1fd003305616	97175	94.63126	98.53758
46872931-d4b4-4894-8a41-c5439c1a4251	34480	90.95511	97.91501
4689682e-8b84-4023-abe2-d6cb830e5873	38306	86.89601	95.69615
468c3edc-ea12-47d1-83f3-86882d80e359	89560	93.79430	97.23726
468c4bae-41bc-46c4-8024-2febb5a6e99e	22263	88.10848	98.77385
4694f072-3a19-40ca-924a-1418cda63e3e	24393	83.26734	94.68048
46988c5f-c01b-40fd-8560-c4392be84da6	42268	85.83265	95.83608
469b0c69-ceca-41a4-b36d-c8a0a716c919	87063	95.92499	99.35474
469cf3c6-3398-4a1a-a4aa-105a2a661b6f	74551	95.39577	98.79278
469e440c-c4eb-48c0-ba8d-75ba7825a245	22458	92.97553	98.64132
469e95ce-2988-407c-9d97-62ecc5d25ca1	37827	94.77784	98.84272
46acce60-2a04-419d-87a6-9b85a29cceca	24609	95.36738	98.81628
46b0fea9-facf-451e-a827-1a1bb5393eb8	22314	90.78757	96.29197
46b5386a-3e7c-4b7e-9063-8b0299cf73f7	25843	86.19271	96.64606
46baeeb6-2374-4d88-a80c-37e7cb6eb32b	32392	87.34502	98.05077
46c2d9ac-dba1-4265-85f5-5152b20748d3	42621	96.45684	99.18620
46c63ad1-7fc9-45e3-abb0-d1775636aa94	25761	77.21911	92.50270
46d0007c-59e4-4635-94dc-119f3a8de98e	57165	94.10729	99.07332
46dce151-e7b8-49b6-9331-c0e9b1802d06	46678	86.99600	96.40315
46e34fe6-dcea-439b-bf77-34a9908607f6	53009	93.95841	98.63057
46eab5fc-7a2f-4132-b32f-91788361d809	26938	91.55865	98.10480
46fa0b71-4592-4883-b891-db2c7f33efae	28368	93.40497	98.64738
46fdd8aa-4830-4b36-9539-b8b6a37a3e18	32722	81.55111	94.22266
470179ad-244d-4dc6-ba89-73a90ee327d5	14185	82.48257	89.69105
4709690d-be5c-422b-aced-6a78489f7081	24276	87.33126	97.75485
470f3b96-a215-4ec6-ba7e-5a6db9c55def	44404	72.81429	90.63876
471307da-0cfa-49ea-8963-98e33403471f	46233	92.78053	96.14310
471deaeb-6cd8-4b14-a340-b1cdaa028b42	33470	90.04832	96.92151
47204e2e-6acd-4f54-937a-49553e370de4	37882	77.68483	92.76922
4727c7dd-e4a5-4300-9e15-64ec1c692832	22759	94.49308	99.06526
472a7e19-f397-4311-ad46-87ca1112896f	28862	94.92324	98.64643
47307a1c-1787-424f-ba3a-2496828db4b0	22947	95.68176	98.91577
4730fd55-679b-4218-9f02-3c3fd3316024	29333	92.58803	99.30364
47367a73-7f2d-4ceb-8ea4-d92b7d9256a0	37593	92.53154	98.36328
473a2338-3fcb-4bec-a2c9-9246893c9dea	36931	91.14718	98.23962
473ca5d4-940b-4201-a516-929d024f3c26	58513	91.88674	97.63923
473d1c13-b413-42e4-a973-7b37ee52e202	29581	88.04369	96.33887
473ea16f-5aaa-4275-942c-063d4139658d	28320	84.26989	96.23768
473f0258-b7fd-42d7-9e5a-fd3f1ef11ec6	39809	94.64791	98.88728
473f082b-b8e4-4245-afba-003352abe206	36683	96.15447	99.37544
473fa118-2a52-46d4-8dd4-0fa364f1bc92	24888	84.50994	95.90047
474428f1-8be7-4d89-9d2a-5e96ca5f5e08	27230	94.70639	98.80727
474a1ca0-d28c-4cb1-8c5b-ae9a1f56bed2	52719	95.96463	99.10570
474cc48f-de19-44ed-bc70-bcc5a69520bb	30056	94.16762	99.01582
474f1fd2-8e45-4e73-8301-5cb1cd35f85a	35311	89.98600	96.32122
475036e0-17c0-4cd8-8498-b8d276849b85	32340	88.98004	98.20738
47534c19-be3d-441c-9216-d5a397bebe80	24755	92.23070	97.57873
4755e52b-8440-4cf5-a24a-9905ce0a604f	33726	93.16515	97.97780
47584291-0be7-4d21-9724-7eb5560651d3	28539	85.97432	96.90662
475af58e-3b8f-409d-b4d6-77c961b601a0	56795	93.58607	98.65537
4761bcc5-d02d-4a47-b008-bd1b3300bc24	60046	90.28996	97.51659
47665b86-d622-46bb-af15-56dd7ba2b632	64523	88.90055	97.64424
4766eec0-8d3e-4947-a07c-4d9de4b094d2	24435	89.55848	96.94967
47703083-bdf5-444c-8c85-dfce3cf759d9	27574	93.26474	98.58988
4775a48c-381d-45d0-8c05-49b387932591	23262	80.79785	95.34731
47770db3-1c4d-4d1c-ae52-71dee7a5b785	35356	91.40866	98.21284
47788ed0-07a5-410c-ba5a-b3f52fefa2e4	53423	85.23815	97.22207
477927b3-6e24-4966-8393-b86a6ee18f65	24692	93.99588	98.85177
4779b4dc-cb10-4ef7-8c9b-c095306313a7	32447	94.99576	99.07558
4779e975-53c5-40ff-81fc-171d03934410	43520	86.54430	95.90128
477ca98d-46ea-4824-9e4d-3dc691439582	25581	91.15768	96.95103
477cdbb4-1733-4162-bdff-e59bd95efc9d	29228	94.08341	98.91437
477d0fc3-716c-43f9-aebd-00a0a95245a0	44659	86.34028	97.78271
477f1130-03cb-4cb8-a75d-c4e504f84f40	26065	89.47947	97.20507
478fa155-5ee5-476d-8460-0b04fa75e424	22460	93.07519	98.68630
4790779f-ea7f-4d19-8ba6-deb319ccbb80	27814	90.03265	95.74828
47927b8e-771b-497f-9baa-d58546414046	33266	90.57175	98.79328
479287e4-5ebf-4ff7-b239-1575ed29c927	27122	87.70829	96.38614
4794dedd-bac4-4dba-9d7c-8e937673dfb2	30229	92.54700	98.67129
479dadbb-4c79-46a2-a0ab-3dae2c118278	30426	88.32304	97.08679
47a6638f-f025-46d5-8275-159f422bfaf3	38584	92.99872	98.45076
47aa4d49-5eb8-4c1b-8455-12f3b9480b1b	35671	87.24544	96.01468
47aa7f43-d54c-4e8c-975e-7e611269d5d4	28508	93.69769	98.23373
47b195d2-faaa-4530-81e8-90ebda522fd4	28289	89.04830	97.74665
47b1b510-96ee-4409-b835-e26c29792213	25440	92.29743	98.10671
47b45257-9f9d-438a-b3d2-1934ce48e299	49295	94.52479	98.91267
47bd69b6-fc32-4e97-80e3-83ed60d208e1	69705	95.66276	98.90344
47bfcd0d-250d-45fa-8c98-fd058d7fa611	36416	87.50555	97.67473
47c15f84-71b8-41d0-8b14-04f5db0cb787	23451	87.18469	97.48706
47c4c67b-e435-4e05-9c0b-6cd13dbb8fcb	31165	95.64888	99.21167
47c5855b-b470-4f46-9fc5-9b89e099e4a6	26511	94.05659	99.08484
47c8f5d1-e347-411f-b285-236b2a6eac8c	84663	92.90218	98.83271
47ca34e8-cc38-4761-a668-26047ce4045b	9681	90.39722	97.58719
47cd513c-7485-4bf6-a89b-b1051eb4640d	22830	88.43293	97.19706
47d08e07-b908-49a8-aa5b-0dd6546f3879	22494	94.32170	99.01064
47d8fc74-8159-41a4-aae0-ae320e23224a	22912	95.76715	99.12391
47e2b739-03a4-4aa6-be94-de394e413721	22918	93.17009	99.07978
47e500d9-db63-4598-96b9-99ca6dc91dba	49806	92.93963	99.19876
47e76af4-dc85-42c8-9c78-fe6dbd36dc44	50387	94.69494	99.55473
47f1bc77-4ab4-411d-868d-6ad06564ef65	23357	94.92067	99.25402
47f62ea3-94c7-4ff8-9be7-a0fece724599	77589	92.03424	98.85558
47f8df1b-6bba-4121-8544-22111f300017	27338	89.99616	97.33457
47fa50de-011f-401e-b337-7c89cbe75de1	27618	95.00587	99.36136
47fec2f6-e103-4ec8-9f65-bad7131f50d7	27488	87.25852	95.84280
4805708e-2777-401b-8e10-734a768c056f	28439	91.80211	97.95403
480ae65c-eea6-4b0e-831b-c2a58254d3dc	61577	96.12792	99.08808
480be942-c6be-4ada-89fd-b207bae62569	37608	95.26433	99.01829
480c021a-729f-4994-ab93-2667f3a6d046	27998	91.71064	98.89129
480d8e06-254a-4d52-a673-1b1a6d6f1bea	21588	84.66015	96.57959
480d91ad-ad5c-4040-9d03-a655402e30bf	39487	90.93512	97.33195
4820a098-9db5-4d87-bd87-9aa14ddce89e	43714	79.47681	94.56635
4824d1b0-9c8f-4b5f-b22a-092317af82b8	39169	90.22588	98.58174
48291652-d663-440e-9d1f-9412f97974e0	71209	93.93201	98.75304
482c258a-f221-477c-91d1-36fda857f1d3	46809	81.76333	91.95092
482f94ed-a0e3-4ea3-adb4-9a3d3e01ecd6	29703	93.71795	98.91152
4831f48d-30f8-4ace-9661-bd9654e3b87b	24881	95.26515	98.89531
48370f0a-1928-4ee9-802b-c0503e1fabb0	83866	90.00351	96.60350
483c20a4-3787-467c-81df-08abae1cc6ed	27005	94.09102	98.87636
483f9f80-ffc5-48e7-94b7-23d789d6a80d	27816	94.58630	99.16276
484817c3-110f-4618-88c8-fd2dea52a3c5	24718	95.72551	99.24679
485e25b0-f399-49da-b99d-0fedc8eb5df4	31660	83.33871	95.74901
48661445-b2f5-4e27-8bac-909190e4077f	24083	95.45845	99.58112
48801d56-c971-4f17-88df-2892f9649641	33919	74.96324	84.90836
4881b35a-104d-49c4-837d-86c1e1191f4a	28197	88.02741	96.94941
48866271-ae49-4a3a-b60f-6007280de425	43910	95.42506	99.24385
488a0dbd-2936-416a-88a6-060ec67cbba1	44303	96.26563	99.28608
488d212d-9529-4c55-95b2-45267ce21de2	25662	88.50485	97.50295
488e8e71-94f9-45d2-8c89-7e71b0700ce3	41111	92.24057	98.37108
488f7c49-7ab3-4b0d-9344-f8cf1568c519	27843	94.74740	98.93101
489080b5-9084-47ee-856c-12faac0dd83c	27126	95.96349	99.30239
489152f2-7d0d-48e1-bcbb-15ec10d0ee2a	24274	88.07463	94.97332
48a00771-f9bc-4e25-98fd-e0782d066923	26391	85.59364	95.52569
48a1cb2f-6c77-4981-8c24-82615a830286	35208	95.11181	99.31573
48a3c347-896b-4909-beeb-6844804802b8	23158	83.82087	96.12578
48a56c3a-c0d6-455a-bcb1-b1b75a34aaa0	48343	92.84955	98.28931
48abecb1-bff9-4204-af35-25b6d92d48b0	43530	95.20364	99.09439
48abf696-70ba-481f-8f89-66697f76c0ad	22602	92.28347	98.95765
48b848e3-df4e-4f96-aaf8-55e1cac9e815	38858	94.04199	98.26098
48c0f7c4-0e8d-4659-aa95-488cd7d30062	30704	91.75232	97.57537
48c35991-ca37-4fdb-b83d-decf06ad85cc	28602	89.19482	98.27919
48c6679a-980c-42ad-bddd-ae8604cffa43	25221	93.31656	99.11299
48c6d8b9-f966-4953-9722-deb4f4cae3dc	38971	95.79043	99.24469
48cf3a44-707d-44f1-9a02-1dcf6321b067	25472	90.72254	97.10417
48cf8764-cbe8-4c47-8b49-01d13da8381e	33614	91.62486	98.72840
48cfb961-f2b7-48d7-8e31-6db86433214b	34421	94.58775	99.00268
48d370af-35be-4688-98a7-0d68b640e7cd	29826	95.29462	99.25597
48d734e9-a0a6-46e1-b754-a0b85ee40033	36887	94.22099	98.80272
48e5c984-c387-4309-8960-f82a10fc1f0f	64433	83.83455	94.81300
48ea6b00-c287-4dda-afe3-c89e183494f3	24176	89.31748	96.75630
48ea7b6a-8e30-47e8-aed8-1a04de1d578b	30350	96.08797	99.08686
48edd0f5-9c6c-4a96-873b-3f9d8d53e881	47923	80.81434	95.38388
48f1ea47-0a41-4405-9604-1f393dfbd4ac	26794	94.27428	99.67152
48f245a4-0a77-4465-8071-bd8f0116b853	30317	87.05978	97.19542
48f28157-a2ba-4d2c-b77e-d5951aeb144a	29773	95.22581	99.35436
48f2c0c5-0e30-4dc8-8b41-4efc3f994329	37274	93.84393	98.93014
48f43678-00e0-4eaf-8e6f-a70b433a2f76	23684	82.43375	95.69110
48f4ac36-4061-414c-bf0e-d45d960a5e24	28254	91.79028	98.54535
48fd773a-81d8-448b-b4a6-ed4be62d63c5	37289	95.31139	98.93908
49063c87-1343-4450-a8c8-7f8da96990c2	29743	93.09384	98.76778
4909c2b8-5e90-485d-9966-e6eb8d5f7c17	27899	88.92781	98.09964
491337cf-db37-4f3b-aa7c-d0b85f651b47	31779	91.79897	98.63692
4915f816-eced-46f9-b895-fa77864cf491	40992	83.76892	95.83421
4919cc59-acc6-465f-b12d-3bc135602f42	87335	94.51406	98.55649
491b5a0f-fee2-434c-a28b-71c6d85e7747	36897	90.79095	98.14647
49209dad-f81b-431f-b628-54f58346e40b	56895	84.50893	97.55176
4921ca67-456c-48c9-bce0-b9e9c584190c	64729	95.66267	99.25240
492b1095-1e74-4d19-bb23-316491d58005	20190	64.72858	78.11381
4934dea3-180a-48dc-8803-25278d6fae98	40152	93.00865	98.75558
493698f6-4aec-4283-8183-e6be21f768a8	28628	95.33276	98.63856
493fa2b0-5b68-436d-ada6-fcdeaa5c0032	22862	93.54742	99.08141
4948e9df-c76b-4e32-9e46-fb7642f0ea01	30316	95.43085	98.89768
494dac0a-b6a0-46d0-8956-8b5cc1210012	31497	93.01923	98.73987
49641186-6392-4316-8f04-102839c6c7dd	23313	88.35611	97.35718
49682175-e16a-43dd-a156-8040c165a43f	26548	95.97477	99.21647
496b635d-b535-4b6b-832c-008359589345	27650	91.34716	98.40126
4974a86b-baee-41fa-9e9a-03e50ea89771	24900	90.83884	97.20080
497f88c3-e58e-4812-be5c-b6874ffa0e38	26379	90.37747	97.56740
4981e676-a526-45a2-8f6d-15e42a82ce0c	40575	83.77096	96.24516
49851748-ab92-4c35-9e5c-b1b307926b6f	72435	89.82244	98.12063
4988bcd1-506a-4eeb-abe8-c0aff95a27b3	66818	78.27486	93.57030
4988f9fd-0008-49a1-91c1-9323a2e623cd	23466	87.79405	96.42739
498dc656-4114-4976-b1c0-8d069430b56d	27928	93.16978	98.42717
498e1c8a-b991-4123-a34a-f91827c24dfe	22784	93.95331	98.79466
4992e546-c2ca-463e-8a0f-4787cc3afaa6	29779	92.12218	99.01003
499306fe-d693-4683-99aa-ccf5d6c11d8b	49521	94.42984	98.97112
49a22a72-1b1a-43ba-9bcb-5a7fcde9486a	34422	87.29135	97.75111
49a2ce1f-1a26-4fea-bdda-1419e3bd0eaf	42042	83.00313	96.00458
49ab9950-b508-4f43-9f9c-dcb39a425cb5	51249	94.33505	98.91746
49ad8acd-39b6-4fcc-b3e9-12a68ea3ba06	27586	94.39821	99.12783
49ae13bd-7910-47c5-830a-955b121ff423	25319	93.19376	99.11612
49aec263-9e1f-41a6-9b3d-3fe64cfca223	23567	94.11254	98.36347
49b14f27-2ef8-40fb-8fef-e3097d9b4a04	31207	80.72711	96.60917
49c907b3-0014-4144-8988-7892972ab156	36505	95.07670	98.52062
49cbc2f2-ffc9-4b8f-afb9-b1ddf656795f	36966	96.14000	99.29475
49d21008-4197-4787-97bd-2a070a195624	37002	88.89147	97.49927
49d88090-3ba4-441c-90a3-b8f44c767fe0	54672	89.49824	98.00266
49dc4c06-928c-424d-b8f5-fd303a4459e0	24533	90.26976	96.84240
49dc68ad-8c8b-4367-9803-27cdaebdb5c3	47837	78.57895	90.54200
49e61a2c-45e3-4ff5-a53f-b3fe0a19a28d	35072	91.65309	98.34018
49e80369-ffd1-4935-afad-7be295fc3231	38637	95.07417	99.22034
49ec9656-9bc5-4815-982a-19c8fb74cb02	75823	95.39320	99.20753
49fd0d1f-f5ae-405a-8f2a-8809a9a9def7	32712	90.85800	98.22772
4a000da1-f392-4cab-9ec5-9281f14d1e19	37544	95.42472	98.85956
4a006c96-f63f-4f66-b297-3991f9b10857	54199	90.91455	97.40788
4a022cce-f108-43ab-a056-6406d951cfc3	26368	94.54701	99.00964
4a03a95f-0435-4dd3-996c-29bdb244cbb2	48658	88.05947	97.16551
4a0918e0-2173-440f-89ae-812bc1515cfb	24449	93.73756	98.13935
4a1768d4-ae92-4a66-8ff3-3c27c22a2a14	39724	89.17949	97.69965
4a1b2905-99a5-4d6e-88b4-dc089f226474	26394	86.36070	96.93437
4a226bcb-2e58-4a3d-931c-db7e3ff106bc	31174	90.13354	95.85081
4a25d90b-ff1e-4335-b2d2-ebdf500ec106	69158	94.38633	98.91886
4a294525-1cb2-44ab-9352-5fe8bd0e9c7f	52434	93.23743	98.41156
4a2cfac6-6ae7-4b3e-b4c8-c35b9cf1abd1	34740	88.87462	96.83831
4a31870e-0e54-403e-87b6-d510b424709d	88727	88.30929	98.58246
4a338d81-c268-43bb-94dc-3a45cf448316	77887	95.00591	99.10082
4a40816c-bc78-480a-ba4b-6e0228ca1b13	23812	88.92690	97.60817
4a41152d-9694-4f71-b4b0-dcb6f6776285	53329	87.13572	97.62433
4a415245-add3-409b-877a-dc3e054dc8a7	24791	95.38608	99.01030
4a455ef1-ad5c-44a5-83c9-de533a6358b5	40493	90.75945	98.36369
4a47c417-ad0f-4d4a-97b2-c7af626284d7	54099	92.01951	98.77784
4a494cd2-88c8-4502-bf12-f2206d31978b	52905	94.77839	99.12924
4a5162b0-c673-4afa-ab0b-89a6bd1280e7	38930	95.24254	99.18054
4a51fdb8-2917-48b8-a031-800188b6ba82	43154	94.77321	98.76062
4a57427c-2851-4078-a13c-84b75a528268	28874	85.77128	97.04870
4a68157e-c293-4ad7-b7e7-34689cbf6d9c	23696	95.04868	99.61616
4a6b8371-019f-43d6-a126-10b281f38a93	43497	90.70682	97.99205
4a6da58b-288a-42b2-998f-1b30adc4df5c	39823	85.23001	96.51637
4a707e4e-cd6f-4efa-a8c4-4ddc27463b58	23685	88.28019	96.18252
4a7dd37b-90fe-416a-a270-f511d76b3944	42655	95.50000	99.22390
4a834cd3-c8f1-453d-b549-a3b8a6a0516a	48711	92.12024	97.29979
4a841187-93ee-4408-85d9-97ea95b54e42	29425	86.06565	96.54150
4a869afd-38c3-4c87-b331-9d38be0cc20d	40409	96.22320	99.11778
4a88c9f2-7268-4c23-87fb-8818e852afa8	28560	95.05760	99.52116
4a96fea9-d9e7-41c1-925a-73fd9aef29d9	42330	90.34523	96.89249
4a9ddffe-5e50-4e4f-98c9-e1726b5b21a9	35041	95.08183	99.18030
4a9eed13-ca55-4ec2-b9e3-fca651768467	41161	90.86170	97.92854
4aa09202-f2b6-4775-bcaf-5f43c5cb26a5	24801	95.40075	98.86832
4aa2adfb-fc5a-423a-ae8b-bf3dbc38b3ce	26933	93.03223	96.99159
4aad6aa3-55c6-444d-a40d-84d30ba1f1f7	73305	91.29247	95.60892
4aadc68c-fc75-47df-abe4-ad9660d35ce4	48472	89.55801	97.19416
4ab2253f-1497-4ee0-9aeb-71e2efac63c7	45639	87.17933	96.89500
4ab50660-51e9-4acd-b832-8be90e8b4aba	31328	89.46584	97.11763
4abe0873-40e8-44be-afc1-f622581e3e73	32062	95.24627	99.43736
4abe54bf-bcce-4c0e-aad7-8559abafbc3d	32788	94.23387	99.11470
4ac444b1-c490-4f66-8ecc-e4b2da36fe62	27358	73.15587	94.53609
4ad75006-f89d-4c55-8a96-1347a3fff55c	25607	84.00449	94.50232
4ad78a35-87e4-4af8-8c2e-52c43b27ac15	31776	95.47157	99.22396
4ad97d3d-2edb-4608-9d24-2dfc33994404	24600	90.50160	97.31189
4ade3ff0-a3f4-4c68-8b02-5d59528116bf	25756	92.75979	98.21859
4ae48bb6-4541-4542-bec5-f64e93e2eec2	57590	83.48392	95.26769
4aef1607-33ed-4727-9a4f-3e71bdb30f44	28423	81.83513	95.97409
4af2d992-e0b7-4139-8d79-46e0d780de26	31638	90.15269	97.78853
4af4fd4c-16ad-4945-ac40-f0673105e159	33806	94.44300	98.82491
4af62ef7-69b6-4e66-a1dc-7d16c7e3ca74	27091	90.20011	95.48394
4af8d3a8-2819-414e-984f-56668d657f22	28407	84.22000	91.27956
4afea83a-9943-49f5-8237-704c56a51b27	32719	93.28229	99.17953
4b06db91-369d-4c97-9c5c-390600e2f3f8	29997	88.50525	98.28431
4b0828d7-444c-467d-9ebf-aa8f7ea08336	25545	93.34958	98.50694
4b0d808f-fcc6-460a-a37f-12d4670043b4	35225	85.63706	94.38263
4b2b039e-dc0c-4d63-bbed-4a4a56847920	33842	81.76794	95.68039
4b2e10ec-2979-4730-99a6-9f400494b2ec	24717	93.58445	98.57977
4b34b0b2-1698-421f-9707-c24797bf9a50	34212	90.25790	98.44133
4b385b83-a99f-43c1-b1b5-9e4fae59691a	61199	94.23356	98.80054
4b3c8e52-c230-4b23-8adc-7f18556f8a90	53744	91.03872	96.71854
4b3ca23f-3c8e-4ace-ad0a-0759235c2e9c	67629	87.02118	96.11985
4b473bb8-f1aa-4095-a6e5-c021c9fb884b	21621	90.41480	97.84868
4b4922a2-aa8c-433a-9227-6d77aa89b27b	28888	90.57770	98.30688
4b4a66fd-8811-42e7-9571-d74cbb9e1ac4	22399	93.04757	98.84844
4b4b6895-9606-406c-b8b2-f551a55a7f4e	35243	80.76175	95.44636
4b4ee5eb-df4e-4cf4-bb9d-0be9a0389572	37834	93.41239	98.54634
4b525236-b5fc-47ae-a059-c9312c11486d	54412	90.42624	97.01828
4b569478-134d-40e1-bcf7-ab193f72c5d1	34356	96.40695	99.22422
4b5f0ad0-759e-40d3-af72-70253c4ccda9	42940	93.90860	98.39684
4b603b5b-84ca-444a-bf20-edf31dcd5759	40487	75.57969	91.83752
4b60a98b-252a-4b1e-b07a-6b2da8929666	26483	95.69561	98.94338
4b6cef5e-6485-4fc8-8587-47577942ac90	23782	89.70290	98.10897
4b6fb0d1-78a8-48d2-bd5c-5568dc527fee	39681	94.18910	98.27330
4b6fc9ad-4059-4f39-8222-dc0022dccb6a	63593	74.07560	93.11270
4b7749e0-de10-4b77-b5f9-f65a94d31ab1	23284	88.04786	96.58230
4b804340-4029-44a2-8ff4-51f7abbebd21	40503	82.70902	94.35800
4b82ba91-ea06-4bb8-b7a1-9561d2f83917	22968	87.08577	96.41518
4b85fb8a-16e1-472d-9d1f-a2da9f8c1fb0	36186	90.01625	98.57786
4b891462-17de-4e7d-92a3-32e5128f8c07	29466	90.62735	97.89477
4b893f02-5282-42b5-beda-8c7172f3ce62	59222	92.07348	98.86829
4b89f937-a02d-461a-bfae-b8f5a1dc9b0f	23743	80.50234	95.92872
4b8b51a8-4220-48f5-978c-2ab16e91a210	24309	94.95211	99.03944
4b8e8813-e83f-4371-bd36-94f3f0baebcf	31749	93.23217	97.82582
4b900216-a3a4-4cca-a625-019b9ee7c9d7	37464	94.87569	98.96743
4b9f0031-0da0-40c2-b184-c91a17c5a70f	23828	89.99839	97.43495
4ba8b2a5-5f4d-45d4-bc09-0183df63a9ec	28862	95.90253	98.70032
4bba26ce-9ccc-4105-8e16-0d816789abd7	34460	95.98971	99.12923
4bba710f-b46a-44ad-9c5f-5c458dd83b69	44201	93.84168	98.53716
4bbb4a70-4539-45f7-9fee-bda54603012b	26967	89.65760	96.49916
4bc57586-4a29-464e-b2bf-7a7ad5d58715	32461	93.51055	98.63239
4bc649c7-d5ab-450e-9ae9-2c8609881924	25316	86.49814	96.48291
4bc6b4d9-2ba9-4cd5-a364-83111f5b5be8	22237	93.70961	98.73305
4bc76b49-564e-4f21-93a4-59336bf79542	36435	90.05003	97.63509
4bc7e664-7592-457f-b958-82870d71122a	28634	90.34249	98.05159
4bca20f1-daee-4c00-b72c-9a38ed55acec	41381	92.24132	98.58479
4bd94e47-7190-4d25-8ae7-2c46ead02476	32274	87.71442	96.40053
4bdd3cb4-3193-47c3-89ef-cb48cd1af1c9	36722	93.23664	98.29122
4bde55a5-2ef7-40a2-9675-f0d5e2065a97	24168	96.45089	99.16848
4bde5e3f-7705-4b83-ac3b-3590f360b334	22137	93.78092	98.88381
4be60189-0a0d-4c67-b671-e91c2844740d	34900	89.86199	97.89142
4bebe1de-8443-4ed8-9d0c-63379ba84184	32847	92.41024	98.96132
4bf10e1f-88fb-436a-9bc3-1524a41bcc43	29374	89.71914	98.10935
4bf33f2b-28f0-4057-ad4c-ac438a20a2cd	25774	94.46700	98.67906
4bf6ae4f-4d00-4ea9-a052-ce7fc88609d6	27407	95.88594	98.84272
4bff9e26-282d-4893-be7b-ed5ab81688cb	51103	88.10177	97.00584
4c0dc985-51fa-4f59-a7ef-0fd38d744c90	22331	91.03693	96.43384
4c13c760-1837-49cf-8f46-149f7daa811b	26963	91.47892	98.15464
4c143ce1-c1e2-4b18-8d61-973fa8ea4344	42929	88.38006	96.56792
4c17b5c3-4363-4f09-a0f3-77064ac04492	23138	76.76464	90.68330
4c1b9f4e-6741-4fda-ab1b-c46ff364588b	23222	95.78720	99.24099
4c1bbffd-1dae-4e1b-b34e-c5a9ba6109e2	44253	87.02650	95.29925
4c1c9af3-a06d-45b6-8725-1cab1be59d51	23482	95.82370	99.24040
4c20542b-8889-4a5d-bc61-7b164ef13a40	42485	95.88039	99.07734
4c221af0-a119-4a9d-9d69-eef8a956f15d	43323	88.72144	97.00538
4c3786bb-54f6-463f-b868-0fb3bb2016fb	26141	92.56980	97.99752
4c37a0a4-2212-40b9-bb46-e5fcd8845c85	39741	92.19325	98.52645
4c38ff55-153e-4d4e-9b87-f68179e4bc62	34311	95.86884	99.15713
4c39f4f1-2372-4374-a204-8ded1021d05f	23864	82.04117	98.44373
4c3aee70-0c65-419d-bab6-14614bbde6d8	33334	90.98029	98.07772
4c3d1e9b-c726-4a9a-9c17-bb73091a179c	24856	94.13569	98.82381
4c41d8c2-e543-4629-8113-83a08e69cbc7	60539	87.69634	97.36198
4c4259f7-260a-4063-834e-878186621d11	23155	88.22058	97.03099
4c436459-66e7-4871-87f0-0b1539e3b9c4	63936	92.73632	98.97977
4c4e6d3e-fa7c-486d-8c77-74826303aa89	24520	84.93025	96.48007
4c54f034-7108-4d5e-a8e9-17d4541f1b95	30986	89.49604	96.95145
4c580a4b-5bb0-4512-9436-cd1a5d6e8196	26956	91.98702	97.22765
4c5b2e55-2c89-442d-906a-111aeafc541d	25617	81.75161	95.27541
4c5c7f82-1f42-44ee-a371-f415dd80bd2f	15424	92.84363	98.64666
4c5d3d91-6f73-4c40-8f2e-f2e6f26b7400	54840	95.02779	98.97291
4c5dd433-ac77-4c5a-be77-768b6f99aa9f	36768	93.54291	98.90382
4c620a6c-10a9-4527-858b-2e328c534c35	33797	73.24268	91.03853
4c6b1449-5af3-49ec-b0a7-c5c7150152c0	34204	88.38468	97.66196
4c704530-17cb-430f-b622-40c189b4719b	29128	88.53426	96.82926
4c76232f-ee58-4dce-b414-463e732206a3	22540	83.49201	95.92692
4c7e419a-e81f-4067-8274-074f1f4f5c0c	40224	95.49971	99.54655
4c7ea432-3fd3-47a3-9700-b69ad8d1fcb6	23653	92.44112	99.13500
4c80937a-2f00-481b-9e54-c5ccedabf719	25904	93.67260	98.52016
4c8b12ef-5c08-4cca-bcb7-46b46491ade5	33725	92.34044	97.70299
4c92d69d-1d38-4211-9d0f-36a16c098a79	46872	84.48266	95.69140
4c935a0a-5c21-4915-a13e-e91840fa332c	25709	93.03601	98.25220
4c99c03b-3e67-4448-b4f4-61c0019e08a7	42472	93.90449	99.13464
4c9aace8-38ee-4c17-8d3e-1544f4e03251	25427	96.00217	99.10871
4c9b952a-8122-44d4-9f1f-9c72dea9cd73	32184	94.75400	99.05544
4c9c1008-28c4-4d00-b177-33c29b728efb	24809	76.59104	93.03140
4ca8b9b7-7275-449c-b320-a961d6405a8e	22223	90.03866	98.52679
4caa2cfc-eec5-4b39-b58a-7f5dc867d4b7	27715	96.50297	99.23163
4cacb5ea-0668-4113-afc5-675b9192e37a	41000	88.28251	98.06938
4cae3d39-89f8-474c-bd49-61d69a9384cf	29760	82.79345	96.16483
4caef011-3bc6-4e15-924c-5d0cc27c9f6c	23914	87.74721	94.90837
4cb409d7-bf41-4374-9ded-1e46c7e43ae8	25490	93.35960	98.84843
4cba4bf3-8c88-4e2b-90c5-3829dccbcfa1	29605	88.56182	98.20092
4cca5106-997f-4300-a995-8d38227f4bc4	53994	77.22956	89.25853
4ccd0751-ba1d-46c6-a67c-61383b509df5	28383	96.07400	99.37851
4cced1a1-a8c9-4d82-96d3-5e18e038363e	27925	94.58596	99.00100
4ccf865e-819d-4441-a52c-cc64b1808831	67885	95.36430	99.06033
4cd056d9-7639-436f-893f-233877525141	22197	93.73096	99.05022
4cd09a8f-d63c-4f71-bf19-171d26199e1b	26137	88.85834	96.30396
4cd778ba-0195-4572-9fcd-96321a326f8b	24156	89.01761	97.37384
4cd78057-c7eb-4327-9c9f-604728652534	30797	94.21653	99.02018
4ce2dec0-fd20-481a-8246-aa7f0209687b	40936	89.63182	97.61529
4cee53d0-33fc-4c02-af68-44301fd93802	45907	76.38736	91.29471
4cfa1967-8f75-4ddd-97a4-afc70d0cf7dc	26409	95.02340	98.89528
4cfcec7d-57fd-41f0-8da5-8b9d8c811107	30576	86.09603	96.24219
4cfd7011-2120-4188-904a-544f2dc892ce	24377	96.15603	99.49237
4d01870a-7072-4508-8698-3604eb7cce85	29002	91.39079	97.71031
4d095505-73be-4634-a039-42a88de0d442	23544	83.27664	96.47436
4d0a4823-d1f1-41a2-98f2-da1ef36c8566	38229	92.97308	98.68884
4d0bf51b-f9f3-4932-8ee5-bfe9c8f2de55	23688	95.00456	98.92302
4d0d6911-b402-4353-ae18-0d726ca43eca	70778	94.69560	99.24335
4d11880a-3f88-4591-8784-ad96a1009be6	61089	95.92485	99.37618
4d13f997-77d4-434c-853d-54537996222f	26921	90.61548	96.57046
4d161db6-d49b-461f-8f08-d488891b7045	22483	80.66332	93.05931
4d1c7eee-c804-4e50-9eb0-604cb5e295da	34580	91.21338	97.96578
4d1e719e-676f-46f9-ad65-94fbc2f49e1f	40568	94.37250	98.65513
4d23c375-fed4-4503-8a78-1b7566fdfc94	24485	85.41755	97.56957
4d257341-e2f7-439d-b1e6-2eca7d8abefc	23097	83.83660	92.38589
4d27c1b2-6cd0-4d7e-8016-865b9f8d4cdc	40466	90.10719	97.64695
4d3162d9-e2c5-4a8f-bf32-2fa9cb5d4298	23424	94.10929	98.83011
4d33d237-fb81-4f9a-837c-cbab8389b3b4	34173	94.91822	98.96659
4d3510e2-9892-4fb9-9790-3daaa987c5b9	25187	87.81694	96.05802
4d35a5d9-1963-409d-b6d9-03d410f47f1b	23051	86.15766	98.15400
4d35b4c9-d7ee-4190-9764-d9664d52633c	26213	89.89311	97.85813
4d3ec608-6c92-4e1f-a316-0a2f9613cb1a	30358	94.07562	98.63433
4d40f65a-bea0-4a33-a3da-3266efbc497e	28934	92.11323	98.85282
4d44f59b-0285-4bc6-b708-4ca825223c31	22198	91.95938	98.02489
4d47861f-0fcc-4c26-806c-f52570d34ee6	25088	94.26207	99.04554
4d4c15d7-b086-44ab-8195-a2d91b31eb56	46006	94.44020	98.91332
4d4e9277-6f7c-4383-b866-eb980fc5dda3	29241	94.20168	99.26458
4d533b87-5eaa-491c-8de5-2594b4bb1a12	47346	86.69572	97.05441
4d5a65ad-fed4-4b19-a3a2-c799f4d28a11	26679	89.65493	95.98211
4d60806d-0438-4139-bca5-c2b195fd3b9c	22362	90.23495	98.56246
4d6c52ad-978d-4434-a966-e5e13837ffca	40361	91.20496	98.04327
4d6fc1e9-0518-4ce6-a07b-34d1396a68eb	22273	95.41466	98.97132
4d70b08c-2c86-4e09-9071-3d6994b34e36	37219	91.84377	98.45242
4d70b4e0-9ef5-4cc9-bdce-c34963269c08	30178	93.98299	98.65941
4d73d7ac-a3e3-45ee-85d3-fc537e3329cc	34151	95.34657	98.80752
4d7d22d9-ced2-48f5-a335-660565e16688	45097	93.60220	98.94728
4d85de8b-97b4-4d70-8111-31682865824d	32396	80.14131	95.65385
4d85fda3-65d1-4531-8200-55b9a5820418	40029	90.37560	98.98144
4d864c40-bf11-43b8-a1fc-1c1362976591	31574	85.12824	96.86720
4d87ec5e-d8d2-41c8-86ec-e10e5206edc3	34556	88.37901	98.37986
4d8f0e89-e34e-46a4-9f8a-2400bfa86163	24101	93.18550	98.72975
4d9312b6-6315-43eb-9976-d08a42d0221c	29627	89.97763	98.10124
4d9d0216-7d88-4a3a-8933-60bc3eae2fb8	30129	93.88543	98.85795
4daa7e4c-3668-4124-be72-50c96ac27cd5	46728	91.92134	99.20375
4dac797c-76f9-4549-bd9c-0185d2daf63b	31017	89.17798	98.21565
4db2b772-9719-4f66-b1d6-7192f675c4d1	24885	79.38571	95.30145
4db5216b-befe-4b2c-a9bc-7005c0b05832	22625	95.18360	98.81672
4db61012-6da1-4fb8-aa68-001f612113e5	24873	94.71362	98.84398
4dd62503-c3be-4549-9f39-0485a3f3204b	64646	93.23741	98.48092
4dd76ea0-1eb5-42b6-9eab-349460535f8e	27860	95.57040	99.22849
4dd77d1f-1b74-4b23-bc39-b9208dce54a7	23094	94.27699	98.90025
4ddb0051-d1c8-4f90-b029-889318c7810d	30155	91.70519	98.29921
4ddf83c6-3a8f-47ee-8c8e-4f72ded385de	29045	86.14455	97.31602
4de127b0-1cc8-44d2-9bca-60b771b76cde	23974	93.75000	98.76272
4de295d3-16f4-40b4-b6b5-f6fee629bc36	36211	91.92294	98.25134
4de3098f-1dcb-49a3-8674-52cf10ecd099	29747	92.37675	98.47318
4de59c7a-a840-4891-9863-a9291099e376	40820	90.84654	96.99914
4de9177e-7960-4a82-b991-30084a668f7b	28353	85.50911	95.60953
4de92168-9649-4d80-9570-94a63c0f27ac	46731	94.33084	99.22786
4de99b8a-9dd5-45d9-a3d1-dc61f9017212	41257	83.02704	94.26765
4deaa450-106c-4519-82c3-dd2238be34b3	26740	94.49434	98.88720
4dedda64-ef0b-4b2e-845a-aa6deccd1caa	47487	96.18912	98.89037
4def25bb-27a3-4a85-bcd9-a425401c474f	24281	95.06942	99.23329
4df02d77-94eb-4335-8acf-835f9a86ec72	36671	96.15663	98.98558
4df200cf-91ce-4907-b14c-1961f20b8e8e	31062	95.51420	99.34584
4df4bbb3-3644-4fac-b3ae-0605b9e94ce8	25678	84.36327	96.69615
4dffbd16-0e47-4d17-8ffa-5e11b6abb847	22760	75.25773	91.35554
4e001917-78bc-4e17-89a5-35c29b2853f8	34730	86.64278	92.26609
4e07eb42-2ef9-4192-ba95-de9102502c98	29723	89.66724	97.52928
4e07ee42-03c5-4fbd-984a-bb06dbd9eb05	28897	94.83086	98.80005
4e0d06f0-4f5f-446c-8121-c04bc42473bb	31958	88.39767	97.11456
4e0f4bdf-faaf-465e-b812-e89109e4f4a2	31000	95.14058	99.13757
4e109d5d-8f02-4e71-9e35-eac94e7c8cd9	31635	96.01307	99.12983
4e162381-6114-482c-87b6-d6f84c169ef4	36371	91.98089	98.67254
4e1d663d-53be-4095-9720-400bd8645757	37930	95.88711	98.99022
4e306254-2239-4de3-9567-9f52286f5d07	28589	95.97491	99.22060
4e30930e-44b6-4d5b-af4f-bf850143b24f	27857	94.14526	98.39796
4e3801d2-2caa-40d7-bfe7-709de22de831	46893	92.64315	97.79937
4e38a1fe-591d-4315-82cd-3c63c7006752	40805	90.58272	97.33333
4e395aeb-58c4-476f-a759-0083697ed172	29914	92.09665	98.27081
4e3b2e17-8685-4e63-a1ea-eb935f450e29	76932	94.39182	98.50677
4e46aa94-c5c0-4d8a-a710-fb9c35a8560e	28533	88.30417	94.07085
4e47b584-46ea-490e-8418-889c4181239c	37495	90.23465	98.34065
4e4d402f-d936-43a3-9f87-b3563bbe1a92	41499	94.23036	99.29483
4e565a6e-753d-4b68-88ab-141c3c1b8770	36028	84.30402	96.94397
4e5a82c5-7c95-4d34-808b-e8c43aa8dc1d	48618	84.23061	96.60170
4e5d382f-f45a-4077-bd70-47cadcb5b261	56721	85.16401	96.99306
4e5ea100-d687-4314-b268-382707915a25	23228	93.13857	98.55696
4e684600-d760-4d31-a627-ee85d9a204b0	27763	73.52117	89.61658
4e71b242-15a2-4b54-8c21-edcc247008e7	24380	80.23640	94.01905
4e7745eb-2519-4d30-9088-275d19f75d3a	25292	83.69248	96.11850
4e792c77-27f7-4bf5-bfda-e332ba216c3c	29152	88.70697	97.89576
4e81047d-e975-4cb3-90e1-c98b3b1a3608	47824	95.76489	99.33632
4e81299b-da6e-4add-9ee2-ccf80a7d4d6e	37418	94.07917	99.34816
4e83d803-e098-4bc6-8760-3db212c46ec0	29645	90.01888	98.46697
4e880e80-0426-472f-bb96-3e2b597d7992	25760	91.07298	99.54634
4e9246a2-58ff-412b-a3a8-9d6dcbe05a70	33413	92.95200	98.17919
4e937d4f-162b-4aeb-94fe-b8391c16a5cd	27223	94.76338	99.16362
4e97a3a3-c7bc-42d9-b057-082c784b496e	26343	95.64359	99.03611
4e97ebfc-c077-4b91-bc7e-c625e55febad	37401	94.00856	98.69862
4e99176e-6680-4828-9693-8a82da5a6ad1	24612	90.32271	97.76494
4e9a39c8-1e7d-4692-941c-6745c9580521	23954	94.74417	99.16092
4e9b9f7d-55d3-4de3-beaf-89eee9a2366b	25790	92.62341	98.37013
4ea203e1-8a3d-47e8-b2fb-ec35d57f004b	28438	89.71815	97.14462
4ea25203-ca09-4abe-a46c-4fe4b5983a97	36524	93.32267	98.64645
4ea4f3e3-c84b-4ac5-8eb3-f7d135846c12	28217	91.13763	98.81312
4ea5b51a-34f9-4997-835a-3e2412a7418a	27510	80.98279	91.63494
4ea73f4c-753b-43f7-aef3-e96a0160373e	48698	94.37398	99.21433
4ea924d5-15e9-4f24-a804-939c1b787409	25921	94.74302	98.86995
4eaa18df-8511-4abb-ac0c-e4ca7dec89ae	23039	86.99750	96.01255
4eab6d37-131c-47ca-9e65-06af856d3cde	58085	95.08883	99.23186
4eb340a2-6790-4bfc-a559-2f4925069755	32681	84.51613	96.69289
4eb79273-a58b-467c-bf1c-4d16dde2b5ba	31484	95.08279	98.90318
4ebf54c9-d132-4cd4-ba19-503db3c8f35e	27686	83.86198	97.05913
4ec36397-641e-4b93-84f5-57de4787ca8a	37078	91.65561	97.81402
4ec6f837-9269-4e39-9c88-ecdef69b1e8c	25296	95.84891	99.17368
4ecfa643-ed11-43f3-bff5-e6594cbaeba7	46830	94.45893	98.68499
4ed2be7f-0f6c-4263-995a-48ba3d535239	28765	90.31100	98.27958
4edd7715-13e8-4278-88ce-9d78d30df394	45380	96.08039	99.23104
4edf977d-7ab0-4ea1-8255-512d8ace755b	33184	96.43580	99.34582
4ee45d65-34db-4a62-a33c-4f810c8e0695	26796	93.27327	97.76729
4ee7746e-626f-4fd9-a0a3-251f432940a2	32918	86.15495	97.08537
4ee86780-7716-4300-9af4-a90d6eaae870	31139	87.10056	95.63008
4eeb1e43-3322-4e41-a679-6554f1320f9d	31289	94.38934	98.80308
4eee921a-52cd-4de4-8e9f-bb0bd7029d7a	49095	88.93508	96.20278
4ef27e74-d13a-44b0-bccc-f6bce479e8c4	27002	94.85310	98.98522
4ef89050-2d84-4555-acc0-84b60819c36e	23305	84.19354	95.00982
4efc7d7b-a2cd-44ef-b4bb-42f2d02a51c7	29248	92.45994	98.04336
4f02393c-3173-4fed-952d-1112f90fdf2a	26289	75.72577	90.10184
4f05ee96-f0ee-4116-8152-031f9ecf0c75	31737	94.38102	99.10496
4f0616da-b03e-4e01-927c-4b292e7bdf38	31152	77.85789	93.86663
4f0884f0-54d0-479f-bfb7-2ce078b451d6	37731	95.12976	99.11824
4f0e96c1-089b-4766-ad24-c67fab749cf5	22482	88.76509	96.83651
4f19e658-e3c8-4331-a8bc-ccb7d3144427	54079	93.24764	98.39577
4f1efb44-8ece-4774-9239-97408b6a2809	22701	93.27637	98.58406
4f263ee2-822b-45a3-8645-3762c46dfc86	27352	90.61387	96.85646
4f26f90d-3c3c-4fa5-bfd1-ea6130ebbd6d	23610	95.05659	99.03178
4f2daea4-4178-4c3a-996c-9099edd4ba56	27944	87.15679	95.57956
4f2f31a7-f030-418b-a4a7-7b0b3dee349c	38597	76.02688	81.92884
4f2f3fa1-965b-4743-bc7b-a3c370f0c46e	42452	80.33564	94.14158
4f2f4012-20b3-4797-9f34-9253281d1a6d	59956	95.66832	98.91658
4f311565-18ae-4d26-af52-ac53eea28633	40045	79.70388	95.41556
4f39751b-a512-428c-9427-0590100ee0c5	27202	87.53591	97.64969
4f3bcc1c-9a41-49ba-808b-21c5f2b9c2af	28894	92.35701	97.53371
4f3d5b6c-37f7-4891-9f7d-05fc536bf957	53748	95.06360	98.85610
4f3dee64-b324-401c-b5b2-aba6d57dd68b	69883	88.03002	96.06256
4f400cee-1523-47ae-af87-81bc2f07ed78	30997	89.07305	96.02174
4f496cbb-2666-4a78-990f-9658047cf2dc	20998	95.15449	99.22716
4f4f73a8-0e3b-4889-9259-fe072c1ead88	31902	89.13076	97.08076
4f517c49-a71e-407d-9766-afb1545768ae	26930	92.42958	98.33730
4f54345b-6d42-4b9f-b47d-19893f74057d	25992	91.95711	98.73177
4f6721a8-aa7b-4f45-a372-ca5d7699e1a8	25539	89.05200	98.85852
4f684848-38de-4ee6-8ef8-8cfb81f80bbd	41265	91.53386	98.40738
4f69032b-5447-4dea-bb4a-0e49abda92ee	41006	91.25628	97.80992
4f7287ba-47fa-4354-8bf9-0b89dbc09e95	40809	89.35062	97.36251
4f730c5a-72e9-4e3e-8b06-bf3b131f0818	34043	85.91414	95.76448
4f73d87a-112d-45d8-bed2-b1b34bc07fb8	33295	89.98264	98.41792
4f744b88-2e7f-4bc7-8ae2-987f413517d5	30389	94.93708	99.35755
4f77c081-eafc-4788-982f-8e75533697f8	44655	94.41308	98.75285
4f8bf916-4585-485d-b8b9-e5938bdad974	23892	92.52212	97.67881
4f8bff5e-a6bd-4416-8834-7987fc3832e6	44099	95.57076	99.09502
4f8f60f6-aa52-42e3-89ff-e023b475612a	28389	92.21050	98.46004
4f8f7c2e-0df9-487f-a137-43890a7ee007	55226	89.98678	98.15626
4f90d9d0-16dd-4e4a-bfe9-7c3a64390d5a	27479	91.23358	97.33869
4fa80e9f-7cec-4965-b65a-523a80827bad	45986	76.59015	93.02755
4fab7cc6-34dc-46eb-a7d5-8b7ce734ef83	50774	94.36360	98.56310
4fab8a59-da39-4e98-848b-bfa0a54cd5df	49200	90.08432	95.19233
4fb5e4fb-454e-489b-aabc-9bc4b279cc1a	23006	93.45052	98.40738
4fb601c2-e40c-4f2b-bbb4-fa9e702b7ffb	32960	79.70062	93.82259
4fb75e7b-e3d3-4850-9f4b-0821149220a1	56090	88.36341	97.96350
4fbfc04b-7006-4f81-958d-eb86e52e5feb	31458	88.78118	98.95209
4fcad749-626b-4a0a-a5e6-002213b53fb5	43169	96.34336	99.40024
4fd60dd5-6460-4d48-bcd1-84997f4f2135	29186	94.16773	99.41590
4fd8180d-a969-4066-b4be-6c21e3877a5e	29709	92.86002	98.67012
4fd86086-b68f-42db-b84a-2253c12feab1	27902	94.26198	98.83527
4fd98f5a-4bb5-437b-91c8-ecd84599c95c	22615	90.80141	97.76051
4fddce8e-761d-4d4f-9dc3-8354aefa65d4	26543	90.00470	97.46933
4fde8d0c-2438-43c1-8c6f-deb921e50ff4	31853	87.93264	98.00778
4fe27c31-89f3-4865-a73c-36656137b5a1	24087	87.39606	97.67271
4fe379fe-f848-468f-a7c9-9f15a0d40314	52162	71.39358	92.05852
4fef1621-bcaf-431e-9771-ec27d6ff146c	42927	92.01460	97.42587
4ff367f3-a8ea-42f3-85b2-6c98c803896d	23657	92.95885	98.97591
4ff5451f-eff8-4130-863c-84534e368d03	34269	93.80686	98.40868
4ff7c0ab-eec3-4d60-ace8-af91a7f4a08c	40407	89.75346	98.85951
4ffc5662-a057-4024-a2c3-1faaa78596a2	39128	91.29318	97.06372
500582b6-6ff0-4bc8-a4a1-478ea63322f7	32404	95.90366	99.38820
5005a83d-2cb1-42c3-8b35-cd29f59938e8	48733	90.68152	96.90058
500a0340-8a73-40ad-a594-2dd2de35fd17	51921	79.58804	94.69851
500aa8fb-441c-4fa2-a621-28f1049ba1da	23352	82.97295	94.30459
50121db5-37f7-4d2d-afb7-fff9be377463	22585	81.13408	95.51846
5016f847-c2dc-4499-8cb3-17c6f59f8547	24663	91.65358	98.51320
5019b6df-e1f5-433f-903c-9ab5818f4610	36856	93.83785	98.79654
501c0190-1011-4710-b97c-0708d7f19d02	28991	85.31565	92.01248
5024cda7-743f-4595-aece-bf96671305f9	57055	95.04495	98.81396
50254ad0-dd41-4369-8679-93c2156d3006	24547	90.19079	97.81054
5025de34-6cdc-4e82-a1ee-5d4a068966a5	34558	84.03112	97.23712
5027991c-22d7-4fa1-b0a2-5e7807eb366c	23538	93.61923	98.72129
50360c9b-5bae-48e5-9b4b-fc1af9a2988b	23888	90.29983	98.51622
503708b1-ab48-47d7-b4ec-26da0684b005	47970	93.91319	99.31157
503ae032-0661-43c4-8883-bf335b15252d	29371	91.63532	98.69636
504215e5-c076-4adf-936c-8e0df82a2a25	45171	81.74229	92.80214
5042cff3-9cfb-4c12-a3f9-8346a1d73733	33347	95.24647	98.82024
504e8fab-815a-471a-ab14-0497166de010	24157	88.61413	95.23244
50548d13-d2ba-4cdd-b06f-6d087141afa4	22336	93.59474	98.90227
50579961-ed12-4253-8001-ee1e049b0158	28132	80.97358	94.50368
50583501-53c2-4cde-b326-f11de1bc7664	79628	89.66540	97.31492
505c6431-a890-4acb-bb87-166cbcb49064	28306	90.64460	97.02538
5061730c-e41b-4100-904b-a9806f0276a4	29557	95.07446	98.79688
5061c4aa-6300-4529-ad17-b7fa2ac40e47	25190	94.10232	99.01725
506beb32-c5ec-451a-b1e2-9d67f1cb2ad5	26406	76.17615	91.14161
5072cbfe-ab0d-4111-b345-389905bd6266	29075	92.79464	98.85794
5079a000-9a74-4382-a758-934f71e7bb8c	41171	94.57073	99.15297
5081b623-38c9-4889-a112-4a0a22d51986	37421	90.32522	97.32690
5081f828-111a-4f0c-a47a-3474d9b88e1e	54971	94.45381	97.96337
5083ad9d-bc8b-46a6-a551-9be31b56f498	44663	88.51185	97.03436
508a9b34-0f14-4e8c-93a4-3f09865419ca	24475	96.36334	99.22708
5091315f-805b-4fee-8240-fb916cd5c878	53007	90.55729	97.42363
509364d0-76bc-429a-b816-c5dfdd7049e9	34557	80.67090	94.91853
509531f2-e359-46f1-b5ee-8f6b6f60c958	28830	93.42866	98.51631
5097c070-ae7f-410a-a64b-3c9c1b224730	22807	94.88800	98.78293
509c85d3-faf2-4f37-88fd-25057525ff78	36528	89.57989	97.95622
509d482c-5d50-48f2-83e6-b83e6839f735	28837	90.29283	98.83166
509f0f3d-47ca-46af-9007-139980b6f863	26185	92.55493	98.69756
50a1269a-360e-4da8-9b55-6631c6964a23	22660	89.17842	98.15161
50a7a8cf-3498-4610-8b38-3527fff73212	48651	89.66369	96.10361
50ab9ec8-5c62-4dbf-8c0c-ca072a27d047	30830	93.47515	99.32491
50b383c0-e46c-40cb-ad2a-716d81d8f910	25471	95.89243	99.42441
50b54fa0-bb0f-4855-a20d-2017d7c15af1	29149	84.16509	94.27783
50c7cece-4b98-4a71-a1ff-3a898eeecef0	30429	87.05791	96.89645
50c945c8-b2b7-41af-b983-63183e2d8ac0	41971	90.82617	97.67035
50cb945e-1f7e-4a71-b091-bad5debecd47	50309	95.22929	98.67224
50ccd472-617d-46ee-8509-283103398920	22181	93.84724	98.61943
50d10fcd-b32a-420d-96e5-66e2624b77f4	32421	94.92556	99.03510
50d11136-6b76-4d36-baeb-39de541bc2f3	24381	90.16464	97.40796
50d171dc-5a25-49a1-91f0-f6e61c3ac04f	41307	88.18110	97.71510
50d4eadb-31ac-46dd-ae29-ffb4225783e8	25407	95.82848	99.34502
50d66abb-2f37-42b7-90fb-df41743fd5f1	22983	96.28103	99.23330
50d723c3-db39-4055-bc33-5156e40db242	36452	78.65881	94.74947
50d835a3-2725-499a-9864-749a19b02c27	22081	89.00086	96.95888
50df6082-8a51-442c-b415-f44aec67de9a	44626	89.35322	96.87963
50e02e1c-9e7d-4172-8803-f9b94b3b6ed1	65603	89.64533	96.86867
50e28d62-9cf4-40ed-b41b-34fb358179b7	47910	91.75516	97.52487
50e38a63-caff-4bef-bf45-2e455f7bd55b	26608	92.86473	99.05907
50f7820d-67d0-4f92-a6bb-14e17a334aa8	29338	83.53271	96.21524
50f8426b-5ec5-46cc-b6f1-deea585f9b34	30399	84.03346	95.47159
50f8d648-8834-40c5-88ad-63b53c9d68b6	22252	90.69949	97.69760
50fa0819-f851-4a5e-b695-725fb1a53f5e	71952	88.92837	98.19531
50fd1bdc-eca5-4736-9043-ea8cb8d37beb	38695	89.17924	98.73437
50fe5b72-11be-4e30-8fc6-224e899ca165	40864	93.02403	98.86565
51008654-1963-4ed2-9aa7-3c68d0cfa7cb	38835	85.42162	96.65968
5100af14-9355-4a2d-a8d6-afcfe2c7b265	30866	93.31862	98.43965
5106cf7e-b6fe-4487-8d54-1191d02e474e	43112	91.11026	98.54548
510cbb11-db17-44d0-878a-045e7a039cf7	37157	92.55912	99.26299
5110de2b-caca-408b-b4c3-1c05ac9ff993	31007	93.20015	98.96844
5114e33b-583e-4699-9d2b-6b2d765e1e0d	34625	94.06058	99.23532
51151680-c647-4874-a710-be14ff842146	36967	95.30009	99.20400
51268fc5-03a4-4ae9-8a09-80b052ebeac1	23201	80.11337	94.22190
5128d19e-f614-4bad-8bee-ea557e80a00b	26195	85.58310	96.28604
5129968a-269f-439d-9345-78a942e87053	43037	92.69547	98.58838
5131ca4b-4e14-415e-b033-3fc6640e1d84	24726	93.83494	99.27134
5132f882-06cd-49ed-83a6-4d9ab1e81100	29540	82.67321	95.74890
51349b17-5f7f-411d-972b-b768f9dc6c46	52410	86.10916	96.97458
5136317d-f239-42e1-b4ad-f0015862fa91	57230	91.40572	98.07884
51379de4-06ac-47b8-87ee-bc3a1d896ef0	25945	94.83391	98.98229
513a9aa4-ecca-4b40-b31c-51766fc67e0c	29335	93.96935	99.08471
513e6cf5-2aab-4f69-97dd-735543cab93e	28401	85.53775	96.95377
5147c650-eb88-4aec-a308-e0ffb5d66a7b	30639	86.69181	97.33289
514a046f-5dec-476e-a858-4935de54ca54	54561	84.65943	97.93258
514fcda3-a911-4c1b-b81f-0c17d36028dc	48539	90.22118	98.89798
5152b6ba-3830-47c5-8fb8-adb57129bdc1	28351	77.76854	81.70496
51556e3e-1af0-46ec-a388-a972c8243d05	50575	85.53472	95.48258
515ced53-b93b-4198-bf26-11042a5de65d	29396	90.27118	96.36400
515ee445-0d74-4876-a3bc-2c682399c91f	31153	87.81416	98.37898
516015ac-ec67-4912-9c88-5aee6aca7f47	44073	95.41484	99.05437
5167e8bb-852c-4182-b97e-f2505ec5496c	23496	95.59717	99.17404
516912ac-2b01-474e-8712-6b093f954310	45716	95.22014	99.71596
51696f18-29c0-456d-9e43-cb3207c2a844	28082	91.65901	96.34617
516a081e-b011-427c-a6ab-d4fce648bbb8	29777	92.83963	98.75233
516cdcbe-8818-4eb3-9a3b-ab4124bae333	68673	91.11591	97.93517
516de01e-0985-42b1-ba6a-e1fd2c2d9ec0	39131	95.78085	99.25288
5179f4d9-7674-43e4-8da7-c6d7835c628f	26160	96.52591	99.50778
517e2ae9-eaa4-4ef5-9340-c1fbe891e878	69839	91.79951	97.64693
518770b4-8a31-4257-8d22-0d650f053dec	23992	91.12832	98.59190
5187b34b-4bdc-4e95-ac53-f2785ad5524e	26901	92.22062	98.56319
518893af-9e9a-480a-80ff-c55a6b3d8770	25109	95.06885	99.33667
5188d71e-a084-4087-9bf8-00d43386fcec	24689	91.48911	98.20844
5193292b-e265-422d-a60b-00f1011c9a4b	16421	82.69767	96.55047
51948b27-7ec9-460c-996b-e13016c27f06	8055	84.14848	96.46209
5195150b-91f6-4f48-8188-dcd634846c21	26348	95.15750	99.15817
5197e6b6-7dcb-4b63-a174-3949c7c3cc62	61991	95.79028	99.34536
5199951d-16ce-45ae-b162-9421366c7905	27280	90.98870	98.04785
519ab23a-e0ef-4d61-8a81-09eeef9d8863	27281	93.85403	98.83032
519bc900-84c0-456c-b3a3-a49493aa3798	25320	94.30448	98.91875
51a0115b-c501-4294-951d-ee7b99dc883d	41960	95.25971	99.20406
51a0719b-6b42-4dc8-bf02-465bc770377f	36574	89.68685	97.75802
51a37150-224f-48bd-8592-6a57a01b0a26	23658	89.15668	97.85504
51a4676c-6650-4d78-af18-34da73439d78	26629	93.03288	98.97845
51a89300-c2da-4aa6-a77e-592fcae4984e	66145	88.82930	97.38538
51af1e1c-1104-44a4-a47a-67bf6cbcec6d	32957	91.33939	98.69986
51af6f33-8f84-40ad-86ce-18efbd92635c	23747	77.66901	93.85470
51b04804-1013-4490-96c0-77fe6f45e3fb	33064	89.23542	98.18231
51b0cf95-fe2a-4254-a461-019b829f50a0	25335	94.23485	98.67495
51b57f6f-d728-412a-931c-e94d6eeeaf79	40187	92.64827	99.05155
51b71c16-d5db-438f-895d-29a3e95ba3ed	47966	95.79803	99.19002
51bf9ff0-fb74-4da2-a117-218af7d3dbaf	25921	94.44044	99.51103
51c8eb66-74a2-403e-8314-8a4552f94bfb	26676	88.70973	95.45406
51d04bbf-9495-4dbb-99fd-c615e18cd9e9	34100	93.71710	98.72029
51d0a877-d79a-4feb-86fa-33c224edb16d	23706	90.39980	98.31278
51d52594-ee7c-484a-9e68-fc68f3ea404b	25725	92.13581	98.70955
51d6e71a-c220-40d7-91ac-0b34ede11e24	34603	93.10035	98.37336
51d9b045-b13a-4420-9119-3bb75fb1b28c	52601	95.49276	98.88165
51ddbaf1-8a4c-4877-a835-8ebdb797d73e	24150	92.90974	98.30149
51f37325-fa9b-421b-a5d3-7e2aeb26b051	34264	94.06654	98.64643
5201167f-30f8-43a6-931a-797f4b11e967	21420	92.84934	98.46125
520be5b7-0144-4e5f-b91b-ca233ef7d574	42420	91.40804	97.93435
520dfa86-a207-4651-83bd-b2f97bf1a924	48961	83.97074	96.75687
52152627-00cc-4a4e-aaac-a79cc6a8e363	25247	94.43130	98.70426
52177323-f72a-4aba-ac8e-8a2f448cf100	27834	95.14498	98.84632
521a80a5-387b-4f2a-b0c6-33afcba6dfb8	32456	87.20486	97.14088
521b3d3a-c7e5-4dc6-b6df-5c7a347c29e5	25808	84.23008	96.71206
521bba70-3aab-4e87-bba3-2c98a0470b1c	22410	86.06995	97.15107
521ddf33-adec-4459-9bca-e2064e5b838b	27179	93.86828	98.11778
52339213-3a42-45c2-842c-42463f3dd7ad	33350	95.36457	98.82000
52357c68-c361-4fe2-bc31-d02728546045	23709	92.30296	98.64758
5235b86a-8593-47fd-8c51-2ab259cbf986	35249	94.52264	98.77744
52376e7a-1e75-4f9c-8266-d03cd18f4611	28033	94.40523	98.99773
523a7fcc-40dd-4d33-a378-25d91d68e2fb	22430	94.37364	98.80205
523bfe69-4fc3-4847-96d5-cf2cd752a2aa	84731	85.82624	96.66587
52484aca-c69a-481b-a414-0d6ad9a3bf61	26494	91.83494	98.66652
524d2225-02a8-428f-a73c-d01ab769e165	22975	89.65014	97.52844
52593dab-9cc5-467d-892c-8a251b4f259c	37452	94.42260	99.45188
52594a32-54f8-43d9-97f0-97dd4f06f492	22339	89.61824	97.84719
525a5dbc-10bd-40f8-812a-bfa2dced66ad	43995	87.58389	96.89976
525d1532-4255-4a34-bbb9-1347b698aa5f	37015	88.31750	97.84687
525e0a42-540e-499d-93a5-35dd570cf2d1	43023	91.10560	99.53858
5261597a-0e31-4170-9b9c-3e8a1f6eb22e	43545	95.74074	99.21477
526a66af-4cdf-4d9d-93fb-ade910e9e285	22063	96.31883	99.21111
527981e9-5f52-46fc-9429-0b8c6df286ec	32046	95.97002	99.13790
527ace96-259c-47ce-8eb1-34eb0fcbdcd9	52173	87.89379	98.45002
528311dd-d6df-4d0b-91ef-4ce3e9929dd3	34520	80.43374	95.64227
528475c7-166d-41f8-86b5-8cbcf8e1efb5	41276	93.38126	98.41839
52934aa6-6c42-4f9a-819a-ba3db932478b	26282	88.65528	96.99607
529789b2-3937-4ee2-86c5-41c8a7c8878a	23512	92.47529	97.77407
529e5a59-d5da-4976-9eef-6c690121c5bb	27063	85.96625	95.69957
52a58a18-3b11-4aeb-bba5-2aafce38eff5	44923	89.33520	97.13091
52a84343-dbf4-4402-a77c-b1641de4165d	44346	94.92169	98.82792
52ad2683-d4b9-4cab-b44e-d2934d2c4e08	47511	94.99680	99.16567
52add184-48a3-41ea-a13d-472167492f64	36071	92.05935	99.11607
52aed78e-fc5f-4e2f-baa1-6e7ea1bcddb2	37003	89.97012	96.94845
52b28b0e-f900-4fcf-af6d-958c3a0e5b1b	27172	93.72511	98.59140
52ba70f7-558c-4712-be9a-6d405d567501	53769	93.38852	97.11448
52bc04f6-b596-4bed-8cac-fdaad88cd90f	26409	88.63068	96.13867
52beb0d3-39e3-4920-a3a1-1fb5ebae1992	24929	72.90169	92.50009
52c58f97-dd65-4bc3-a84b-ee0b2314cafa	24179	81.37828	94.80158
52d172cd-2571-4291-9e04-a232e45e7b0f	57108	89.36907	97.97157
52d309da-7964-4d6e-abf2-703e8c9d587f	84941	93.00179	98.89385
52d31d99-b38a-44ab-b333-efbd2be68955	43785	91.94250	98.11871
52dcbf7c-2e32-4ca9-93c4-e5ca35979482	45163	81.85178	92.34584
52de9f6a-481b-434d-a5ee-8b83354e832a	32951	88.04184	97.80757
52e61cfd-8677-464e-8172-2e6ff57ccd95	24795	86.78247	97.18576
52f7ee6b-9110-4108-aa5c-da6f095026f1	37506	92.12896	98.49622
52f94485-f09d-4fcf-a297-abbf16da73b7	31141	87.27295	95.91704
52ffd897-5592-445e-b1ab-eca173dc6050	30889	93.84319	98.81006
53007448-94fa-42eb-abbd-ddffc6983d2c	28027	92.32210	98.77717
5300b7e6-b7e0-4015-b00d-8e49031436c9	35237	85.69269	91.33496
53036248-0c6a-41db-af18-ceb7610f2d06	24122	86.75296	97.07643
5309fc75-d522-4810-94e8-00cc584a1144	32618	90.83651	98.08324
530cec9c-f4db-4380-a733-5ed429e68abe	30648	94.48852	98.90946
53189c1d-3636-495a-b200-4747f6f05291	26504	90.58351	97.70685
532e88d6-418c-4214-87a3-cec107bbbab6	41280	93.88266	98.63499
533086c0-dc25-4550-ada0-e07e629249d4	37910	79.64797	90.26760
53311f81-afba-4cd2-b156-096563dfa7df	28944	92.75989	98.51200
5334f8c2-e7a4-4bfb-a84a-24bc2b1e9ce4	27298	89.64593	96.38161
533b9820-9636-431a-afc5-49eee84fcb0b	22295	90.75786	97.09213
5345c34f-35a2-4cb6-98e3-c3ececc856a6	53470	82.38099	95.77116
53519280-8dcc-4dc5-ba4f-d0e8b9556d85	36524	76.55561	85.06016
535a63fc-e3e3-4115-bb6d-991f84e00ee9	8997	95.08519	99.33577
5367bc57-1489-4603-9fdb-1f7c4f07766b	38535	95.46415	99.25490
5369bc70-fd12-449d-8864-fa268a7a24e6	49140	89.17517	97.98537
53727fe1-b068-40f8-943e-a2bdffcd363e	41833	94.69296	99.06988
5374c6ce-6774-413e-ae31-09f702961d21	89420	95.34715	99.02240
537a213a-d0cd-4ee4-b796-cc8a4a4eafcd	38507	95.34878	99.00301
537a94fd-faaf-4841-a3a1-992cf357222e	23789	95.76783	98.98539
5380ee33-121c-4d28-8d71-0f8059dd8f7c	18635	91.49674	97.60388
5383885c-e5a4-4bd7-9cb8-f349f6e97ee4	47928	72.92682	92.49097
538863b7-b322-4930-bdc1-1f25a9eb206d	26172	94.96379	99.10362
538f58ba-eefb-4ef9-94f8-c319f2e24309	22079	92.86660	98.91221
53928826-8acb-44d0-99f4-4ef5a1edef31	33337	90.47002	97.92102
539765eb-4a10-4ef7-918e-395c5fa571b2	46065	94.73673	98.70562
5399b62c-0ae5-4e5c-9049-b08af8d68c37	36148	92.94362	99.16960
539e538e-cf81-455d-8f99-432f5e04c0a2	26612	83.46702	94.25953
53a27059-86ba-42f9-8e0c-66eb1ab3b3c8	45096	89.02418	97.64813
53a28f46-3599-4ae3-b897-52c50a58b145	31852	88.20457	95.59527
53a2e682-edc6-420d-81bb-67d0f047b192	26662	91.41884	98.32859
53a9b67b-adca-4bca-bead-678adf5f7b20	39007	94.73116	99.07561
53b7b8c3-254f-48da-85c4-9da7fb6a4031	33192	94.83220	98.29910
53bbf71b-dfad-48af-b0f4-cac7946517d3	22317	92.50327	98.76998
53c10e1b-f1a3-49d2-9a41-570dc16f4005	29980	83.22834	94.96947
53c2b1e8-f97e-4a28-b9a8-86ad76345bb7	29314	93.03458	98.34102
53c633a7-6f4a-49aa-ba23-561371da713f	39346	82.89104	94.73646
53d8be44-fb9e-4c4b-936d-068692721266	46902	93.72333	99.02085
53de7c8c-7444-48cf-856d-8a4eb0594554	29721	86.23355	97.76230
53e0188e-2bd8-48a1-871f-b71fd512acf3	22931	93.03984	99.42134
53e0d540-6e0e-4727-a61d-4e09174b1f5d	28358	95.15429	99.29414
53e1e7ae-7403-4056-a84f-7c157e86fa62	26900	91.86235	98.81132
53e528e8-a72e-4b5d-8a54-4917b893b940	22492	92.59082	99.14556
53e71e8a-879c-4fdd-b43c-7ca3ed521e37	31876	95.81598	99.04053
53ec2b7d-f64c-416c-85a7-d63316a9b628	39886	92.14548	98.36819
53ed473a-1926-4150-9b07-430fdfc59975	27222	88.79949	98.46935
53eeeb46-ed4a-4759-bffd-d104a69c5fb7	44561	73.56895	91.78846
53f0d7f4-9171-4f58-bede-47c689183ddb	60091	94.08556	98.55849
53f14ee8-59e3-4b5a-8969-5e2e1859eaaf	49285	94.12472	98.03590
53f43026-982d-45d7-9677-026ed9f1617f	31642	89.37963	96.44015
53f492d1-0ffc-4503-802b-d10f304bef82	42680	89.78235	97.23148
53f50b53-0255-4c6d-a940-be0eb9937121	32847	92.42286	97.97315
53fbcca2-d02b-4124-981a-d2306a7f0e52	33260	88.67064	96.96155
53ff8f8a-ef23-43ef-b8a2-1109109cad17	32406	88.83517	97.76462
5406778c-5b62-404d-a2c7-d8014a74c935	37556	94.05014	99.59868
54081276-4ce8-4ec0-86f5-540a14ac471d	53273	78.49239	94.16934
54113bb0-1849-4f48-b33b-d161bdceed5a	23638	88.33327	95.50361
5415a41d-ba31-41d5-92f8-312fc5d5869f	44927	96.91332	99.54061
541a3d06-9e84-464a-ab75-1939674c4877	23315	89.99917	98.29798
541abb7a-05df-471e-8d09-a7b42a1623ce	39550	83.21859	94.53099
541afc73-9e53-4d28-9642-e3e2e197cbaa	30841	95.80672	99.18408
54272d1b-e879-45d7-a403-e11db0cb242f	27792	91.47973	98.63725
5427ff80-fa98-46e2-b493-23faee33695b	28410	94.71797	98.86221
542e4899-c658-4db7-8bef-b42195dafb5f	49283	93.58137	99.28974
542e5bdd-9143-4262-83c2-21df6a6fd39e	28320	88.51550	98.03744
5434a9aa-6238-4e32-9686-888469445d3d	85491	91.07621	97.74569
5437c6fa-114e-4714-b7b5-19e533960483	33774	93.11558	98.85004
543a62c8-a291-4123-b032-8e5f6ccf5b72	29032	95.05827	98.68340
543c4a7e-edd3-472e-a618-7213862e2efc	29175	90.04386	98.15972
5442967f-9857-49b4-a382-fb4801473c69	28666	95.12672	99.20872
54587b6d-d209-45b4-bb09-615f0e65d4da	52017	91.35187	97.87050
5471b278-7554-4e89-a327-1223faff440c	40923	91.38645	97.29852
5476185e-c9d7-4376-ba86-a511dacac616	45861	91.30753	97.38370
547eeb9b-4f2e-4d7e-bc1f-b479428e47d1	25930	94.00257	99.37711
54814b23-b434-4596-a4e8-11e578c436dc	43446	87.47920	95.94912
5482c316-9229-4896-8cbb-c3eee6c22313	43746	92.82190	98.76515
54837796-50db-4057-865e-c9f9e14d389b	73715	89.51055	98.04347
5483cb76-0552-41ac-bc79-55397e12323e	40504	92.68199	98.66279
54843479-8468-47ce-9310-16d1fc9b61e8	23276	94.83958	99.12007
548550b0-bce4-4939-bfa0-c85945344599	34832	89.94517	96.97790
5488899e-3a6b-4b18-a657-05e75cce7762	33277	90.24818	96.80100
5489cedf-7245-4dc1-8472-9dd76bbcc63e	55462	86.16845	97.26735
548e9704-43c6-461f-8ea4-70323ed5faec	46782	87.70425	97.23779
548f4588-5fa0-4e7e-a58c-f91dc0aeb8df	12567	83.55209	95.98160
54917b10-d875-488a-8083-22f69dd8cc56	25761	83.90027	95.75468
549a399d-eaaa-4ee5-83dd-a389529657bc	29566	92.46563	98.12055
549d311c-b45f-4840-8a22-d1e33327ca1a	43642	78.92714	91.83493
54a298cb-0bf4-47d5-b6d1-46ecf6fbc1d4	32742	95.51599	98.94290
54a73ef2-f950-4046-8771-d0c68d0773d8	26980	91.28921	98.56777
54ae0a9b-51c4-4127-9669-4da2476209f2	66474	94.61391	98.81796
54af6d8f-0fb4-4079-891c-20e5c922601b	37869	91.35627	97.64052
54b15b38-ec99-4d81-9a94-06894ee5b2b1	25456	94.98960	98.81629
54b3020a-c291-4ae5-916c-081b825d46bc	49516	94.72253	99.52876
54b7af19-d6c1-48d1-b094-d3be409f9981	51481	90.98128	97.73561
54c37ea1-58a6-4ee0-84fb-281125552e31	28110	95.28654	98.79268
54c8dc39-16ba-45b4-b9b9-713fe75e5276	27019	92.41051	98.05914
54cceee4-6c20-4373-907f-ce38ea804c5c	26501	92.39572	98.09368
54cd2f81-f7f9-4892-8b9d-51fee033d247	32306	91.26286	98.35915
54cec6ec-667d-4983-b5ea-b47459d75abc	23090	91.34635	98.10186
54d1f441-130d-44f3-aaf8-0f07924853b1	22500	95.03342	99.13801
54d6aa87-1a2c-45c6-bd50-398121d72d23	24413	91.31311	97.88596
54d83748-1edb-4e6b-b74f-6694eb32e178	30133	95.07058	99.05710
54dcc7d9-356c-4065-a568-825b28867c5b	24344	88.10623	97.38026
54dfe1cb-5c34-4525-ac87-b5a58e04d069	43378	95.40821	99.14375
54e2161d-66ed-4379-93b4-6917d255a8f1	53005	94.84685	98.87909
54e258f3-7c80-44bd-8e63-580ee478e02c	26751	95.51023	98.61651
54e36e78-7c17-4351-b752-6b94d34c6448	33815	84.46911	96.07206
54eb5601-9c65-4fb4-ad9a-bfa44c606de8	35855	89.46539	97.60924
54eec964-cb73-4fdd-af79-3135aea1745f	107129	93.20066	98.79301
54f2667b-4f4b-43e4-9f74-d21a832aa157	57697	94.54576	98.65918
54f7bd72-b462-4b85-a0e4-d764090eefcd	22337	83.51220	96.31558
550170d5-a4f1-400e-98b3-46c62858b712	31213	95.55107	99.11479
55042568-ce92-4c49-9815-b0cc1e33559d	31300	89.12774	96.42681
55057c73-50b6-45c5-abfe-ca61c255440f	25874	94.06729	98.58175
550b56db-04d9-4c5c-af3a-883584cb02a1	22890	89.27740	96.71011
550ec4e0-954e-43bd-9468-46d07491f719	23682	83.46183	96.33534
55132e34-836f-4c4e-bead-90f9a6c13510	22730	89.49571	97.94118
55140f5a-5eb1-4ecc-81b7-ef826dfe4f99	29780	83.40538	95.36924
551c43d5-b80a-4bc9-981f-de9908b7b5fd	42236	94.76739	99.33114
552c741a-b29f-4461-8adc-9fae57ef7a80	68965	95.74202	98.91459
5530b07e-5c60-40b7-9f8f-aa4997a77b1f	38992	95.11857	99.29834
553e7369-6760-4f28-949f-c477d1bcbeca	60746	92.88535	98.68263
55427157-344d-4a16-a92e-568b43711bde	36592	87.22546	95.86473
5543e814-ea7b-45e3-8002-894bb590ac59	38849	87.77530	94.60693
554512c8-a2a7-4a98-aade-35c5be612b08	29745	79.85732	93.46089
554673f0-891b-4f18-9375-d17e9316ff4e	25424	95.96406	98.99234
554d98ce-66c3-498f-8333-b64a20db1af0	22945	96.28304	99.58190
5554a5cf-0dd0-4172-b2db-b90a4b3cca70	25893	82.49732	94.68120
5555b598-6020-419b-9ba4-fe3983850493	27773	88.43998	97.54688
555c9f77-be81-4233-bb64-b2233fc6565d	24771	90.59543	97.98132
555d171d-e62a-46f1-8b7a-8016a81542c6	32828	95.92974	99.06251
555d5526-68ca-4590-acca-8ce99c4e096f	30528	82.80309	94.57788
555dc4e9-d3a7-4caa-8f10-818575e9b0f4	30019	91.92734	97.94415
555e4618-a7be-4f01-8d9d-8675d18f0b7f	23542	80.87864	96.21750
555f2dbf-bffd-4b98-aaf1-80fc19b3a2fe	45608	94.33247	98.67785
5562652e-7008-4a8d-b73a-a163197795af	22605	93.63601	98.51412
5562cf9e-c8bd-4dfa-8b06-407d28a990fd	56366	89.80197	97.59890
556c2614-5ffc-4d4f-84ff-f3154070d0e4	24028	95.59185	99.03258
5570b948-5b9b-4cb4-a341-546a01ffa6f3	41336	96.32172	99.05121
5585b894-e12c-4aeb-91f8-238f70b66bb9	63048	93.42914	98.47371
5586f621-aaca-4a85-af55-f705d9546d5a	23070	93.77276	96.87816
5589c73d-05fa-48b1-82c7-89795391b813	28626	91.97374	98.39895
558c5d1e-9f97-466f-928b-047fd8d2cba0	33392	88.58119	96.04289
559738d5-15ba-48cd-9f61-97a6ab10394a	8470	88.59491	97.20909
55974e13-6e07-49cd-8074-5e86b3dc084f	33638	93.98756	99.14618
5597592f-22ef-4f0e-a1ba-f6c9e48f4fe2	41773	91.14153	98.65483
559804e1-5d0c-46b9-bec3-618124c6c215	54104	94.87495	99.12852
55a0478f-1978-44f4-9234-0dc35253535b	24283	95.50107	98.74352
55afd514-544f-42bb-9612-12842d2c210b	38266	87.94799	98.00349
55b410c0-8604-41c2-a509-24146522e004	69767	94.45957	98.32640
55b6252c-bcc5-489a-93be-c31b00ac8334	37791	85.88593	97.48364
55b8d13e-9b0b-4232-a62c-9679a4b7bfea	32422	90.56548	98.82026
55bc5e96-8996-4eaa-8c0f-97d602469986	45748	85.45354	96.53007
55be29af-3b19-43fd-a786-c91708250c19	50336	85.91208	96.87855
55c0ab2c-b45a-4b46-adbd-cd7d862a5ff8	42651	83.82901	94.95774
55c3dc79-51bb-4830-a76b-f37f0f240205	30142	80.06860	94.62654
55d333a8-73bf-49b4-9738-ac7d723f9b93	24398	93.91531	99.11909
55d758fb-98ba-4e89-82db-1f12105444fe	33383	85.17233	95.75411
55def16f-eb31-4f72-b4eb-985f5a5be1d9	23306	88.26241	96.58608
55e36342-c0c8-4bb9-8c84-a3782e94cd74	29672	95.50599	99.24820
55e3a50f-0670-4ee6-9756-ecdb9081f787	23986	88.77519	95.55964
55e761b7-8706-476b-9ee4-20af5b3e7cbc	24236	93.69939	98.70809
55ea88a9-cbdc-4a9b-87e7-5e1a6b378946	29447	89.49346	97.87213
55ef5917-cee9-4e03-b42d-ed720c17bbd6	22143	94.98711	99.37841
55ef8e60-7072-418e-9ab0-fa0bb923ec2e	43844	75.91013	92.99604
55f11210-0217-4875-94d0-9538ad8d5354	26478	95.31412	98.75453
55f25cde-49f1-4042-ae5c-071a10a7a775	26028	93.27179	98.53865
55f38494-0416-4cc0-8cb9-44b61849efe5	24988	94.79412	99.03808
55f63995-ceb6-447d-8dbb-3bc949c17156	22696	95.62524	98.91129
55fdb894-bcb5-48ed-95ea-72f074bc244b	31748	89.68482	98.07889
5602bd07-a6fa-40ed-a4da-05f37a02d370	65334	95.26411	99.15519
56038e52-892c-4bb4-aee3-fe238196db89	33922	86.88901	97.68482
56072663-f6c1-4bee-9a2f-9e34c67ba952	23656	83.19585	95.14134
56159dcb-fe8d-46c0-91e6-0533eec35ffb	28555	93.00347	98.41429
561bacd5-6705-4252-97ff-9f48260de5c4	32355	91.71653	98.55590
561c5ed5-7ec8-4c4a-b90a-36b3265acaa1	38077	87.90399	97.70470
56208b28-2cde-4ae9-ab1a-15e3658e2556	35088	75.59977	91.10748
5622e399-3018-4073-a37c-d8aeafcda328	32913	94.02258	99.00802
562872e3-013e-491d-b058-a99885dbb700	24904	89.33344	97.07584
562cbd2d-4a30-452d-93b0-85d5e57b6005	38424	95.49903	99.47329
5639e0f2-b478-4c4b-aa7c-cbc73aa745aa	25663	94.52698	98.85209
564ad3b9-05fb-4066-b9a3-e0bd46b0efe0	48535	86.99527	94.16190
564ddb17-0a86-4cca-89bf-99b3ac5cc9af	56880	93.52892	98.90133
564e560e-68aa-4c36-9cd3-50bc0c7bbd5f	38402	89.08539	96.53433
5659c452-ac39-4561-8290-452dc2b898ca	31316	95.69744	98.88572
565d941b-c8e6-43c5-9efc-38c66a1bcefd	34142	86.85622	94.94769
565e3bd0-ac6b-4ade-8fd1-fd8b0b158e5f	45118	78.53598	92.96730
5661ac4c-1c88-42f9-ac7b-96264d8bba7f	27074	94.17696	98.60822
5663f1d4-60d2-46e6-ac87-63bf7d5b02fe	22564	94.31370	98.72256
5664cd7a-6bbb-46c7-b2e0-e72611d96649	24158	88.18935	97.49210
56691048-bba5-44bd-a9e3-cb92c0f5514c	28456	74.94202	92.14126
566c20ca-1479-4b30-84c6-8010a3a6b1f1	24757	88.72126	95.80175
566ce748-e1cc-44b4-9e24-813c704ffd1a	25110	84.96915	96.35180
566fe9e4-d2e0-47fc-94b4-dc659682c328	21461	89.24045	95.26943
5670de60-b5bf-4412-9838-6d68af30d983	29044	92.63662	98.76560
5671c49d-58e8-4374-9c3a-221814a47681	27403	95.57348	98.85324
56747d39-fc12-4f21-ae88-8559856279c1	29117	90.96672	97.89516
567d3f24-fa53-4246-96fa-f356a7f55128	26715	86.26052	94.87125
5683aeda-49e1-4e59-86b9-f4efe8698cc4	48563	95.63317	99.22241
5684aefd-ed4b-43f4-a731-29b341465f12	52378	84.64710	95.95663
5686a7b4-e72b-46ef-9e09-8018c556599c	24718	73.56871	88.38395
568a9000-1b6b-4f53-878d-ae4326c8314b	22437	96.19341	99.22787
568ac0cb-b5f5-4eff-9c35-3c4edc52fcab	46472	85.75164	95.79091
568d5a70-fda8-4404-a9b7-28a990258ca7	28243	92.55544	99.48406
568d950a-09fd-438a-8ef8-c22581e2b6d7	43438	85.48074	96.09451
568e8510-07f0-446a-8832-74ab85cfe3cc	40932	95.03906	99.08793
568fe5dc-b501-4b18-bbc5-427a7e44a52f	24595	93.59239	98.66677
569ac006-f3a1-46ee-9156-3d14a75845f1	25533	95.09332	99.27460
569ad776-0e45-474a-b730-ebb146e0f0cc	27057	90.66115	98.40598
56a37d7c-c716-405d-9a4b-34473fe96579	41418	83.70623	96.41549
56a7f935-c738-4186-b089-ec97e70e4406	32633	90.99315	98.20609
56ac9541-26b1-4ee4-ac2e-be475822a073	30915	95.33123	99.15115
56b289fb-2f0b-4ab9-9f41-b17cdc35b191	25163	89.12622	97.54864
56b646fa-385f-41ba-82ea-ce68421cc60f	59364	81.84448	96.21131
56bc2276-b515-4dd5-9ced-00fc125f10ac	42137	78.41447	93.42866
56c3de3d-dd4f-48bd-93bd-313286d426ec	23666	80.77381	93.53624
56cf190c-5cb2-4810-b184-ac4bac560c8a	30736	95.15913	99.15271
56d02a98-5af7-4ea3-b1c9-0682e8c2a38f	39683	94.61495	99.18864
56d2a944-a530-40f7-9946-75627e9e030f	26312	95.84800	99.03734
56d3b312-b54a-437f-92b1-a9f6f26c0de4	49017	89.11570	98.35660
56d3c834-46b5-4fe1-8daf-60d9b1dc1fea	58502	92.66098	98.23936
56ddc267-bc25-440e-bba2-959909e627c5	40561	95.63710	99.19869
56ddf99b-49f1-438a-a9af-7e1f13408f68	23649	89.23930	97.73624
56e26cb5-361a-4bdf-9f54-3ff103e94706	26566	93.81390	98.70241
56e2bddb-08a9-4c16-80ee-2ce9296fc9ff	47530	90.92733	98.02334
56e5ac93-8711-451c-aa8c-0db34199476a	28592	85.17643	96.71369
56e76e89-9ed3-4c9d-85ab-41fc61747f6d	67909	93.32405	99.20150
56ec3096-31e9-44dd-93d1-2ea9c3760a94	29154	95.87636	98.92733
56ef0233-8327-4454-8cec-3f2cf1182bcd	47979	94.18077	98.52911
56f29205-2c9f-4ebe-8478-cbce0f5cf290	22582	83.52373	95.65809
56f39199-06b0-4e19-b6ea-5f877a9469a0	68273	94.82450	98.90051
56f81aba-5457-4a98-8f0d-d5d6f057b4ed	44111	95.13977	98.79523
56fb7a5c-63ea-42b9-956f-2c15d6346a51	22464	90.49957	98.57149
56fb9599-6635-41fb-b187-5e084352d2a3	26879	88.99762	98.18428
5701734d-92b2-4a9c-8839-0ba3e0a63abc	30429	77.41918	84.50908
5703d69e-7aeb-485d-9548-a8278f6ed9f4	42575	74.93685	91.24903
5707503e-c694-490e-8bba-95d53d450414	34517	91.74358	98.40553
570b948e-3e67-40c7-9f9c-51b884b42fe5	26282	94.23006	98.43280
570be047-b82d-4ad5-a422-a7db8e46b07d	52646	94.53907	98.99235
570d1fb1-4c2d-4a5d-ad95-1cef9620aee7	43369	94.47674	98.61478
57125f08-7932-40f1-a1a7-1cf5961fac0f	24035	94.76401	99.52650
5718ee99-33ec-4765-9a12-f6e77a30ba8e	24250	90.38949	97.76557
571baf30-efdf-40c4-a172-a17bbb2c27f5	62808	90.92572	98.64623
57216800-a03b-4bfb-b591-0c10208838cb	29498	94.52455	98.93685
57254aeb-7aa1-46c1-b054-8439eb72a334	35282	69.58723	90.96280
5726aa68-03a9-4c64-ad03-cd41b3946e7a	32106	95.60133	99.03825
572c16b4-01e0-494f-a2dd-4ad07e667cf0	29565	95.22406	98.78061
572c19d2-ae17-4941-9ce0-f2c6540e2bf7	23658	87.46874	97.51820
572d80c3-7c4e-4a70-ac48-1b725607a92f	52068	95.31315	99.34456
572e7927-b32a-48be-8471-3a3b205545af	40016	86.27986	97.66685
572f8236-eab2-4200-adf5-f9488a9138ba	23052	89.02499	97.03995
5736d636-9d7c-4fb3-b90c-b6240a8d80f6	22687	87.00863	97.55655
57418c36-f93b-451a-8a7e-3b36673bf187	43832	89.45117	98.45523
57422593-9c89-4e4a-a8b5-8bbc0fe92aa1	61644	87.20146	95.82496
5743e167-dbe2-48b8-91d4-fb77fca2be80	31376	93.87806	98.73478
574a54a8-a7e1-4c74-bdc7-00d2978e5769	43667	94.35249	98.82110
5750ee1e-967b-4467-a618-6e70e55de673	43081	95.22019	99.17695
575208e7-d74e-4107-8e4f-47fe305e54a0	29431	90.04920	97.06903
57522299-215e-452c-a9ae-5bb2dc516c61	32884	92.10991	98.80223
57533f8d-dd5a-471c-af5a-3c76ed195111	28756	75.82165	90.32421
5756bf58-09bc-4fef-ba85-02705e2df66d	24928	82.81337	95.30392
575710ac-5230-462d-b335-67f4b9e88e34	23322	87.50717	98.07847
575c4ae5-3d97-4fa1-9d5a-a6225b63dbe7	56854	87.01715	96.90884
57613942-7b13-4de5-a12b-79d57fa6114d	26025	90.87297	98.63493
576b9367-f281-467c-b908-45a7e830eea1	44620	97.09776	99.21365
576e3721-dd12-4e65-bba1-01716608cf8f	43612	95.68262	99.07138
576f5101-99f1-4020-8eb5-3ea410868b73	59083	73.19961	92.55528
57758213-97c0-4332-aafa-8404453083fd	36625	89.52712	97.55316
577681f5-7eb6-430e-8f91-e7ef6eaf2cda	36649	81.02393	92.23589
5786ec29-dfcb-47e2-841c-84d697cc4d07	48367	86.41217	95.56492
578a0957-489a-4e08-b1ee-205274c5d20a	28080	94.02151	99.32588
578cdc04-5b8f-4901-b7ef-76eb30d5f3e5	83893	95.07426	98.78466
5790eef6-46e5-415b-9a65-894d970dab54	36997	88.97914	98.52466
57930881-d50c-42a4-adc1-1f031fcc217f	22214	94.94802	99.22894
5793e2e0-e265-4645-a586-0fb982cc537f	27185	89.37193	97.05260
5797d52a-ebe5-4ae4-aacb-c10500f6c3cb	25134	92.56767	97.69228
57986d19-c98b-4f08-96a2-b6f514a4e458	23657	94.43523	99.04966
579954b2-fc56-4b09-bf7c-56190213b8ca	24864	88.59415	96.17461
57a90807-648e-44c3-a7ec-afc3efb1da06	39651	95.12809	98.74872
57aa0b24-5955-4626-a891-1887208e2987	54433	95.06566	98.97020
57b1c358-8251-4dde-a8c1-0aceeaa00d13	46967	89.03035	96.44084
57b74727-871f-4f77-b5f1-12837081c786	45393	82.59630	93.78895
57b9cec2-5e40-49d3-8b38-7a70962b26e9	35713	90.34631	98.41739
57bd5db8-aea3-42d9-945c-8f36408e053a	26164	95.48580	98.37883
57c679c2-6a8a-431c-9888-e6c3b2a25937	30555	79.64594	95.54008
57c8a1c8-11cf-4994-a024-bb2742c7cedd	38719	90.40885	98.25596
57c92031-c46c-491f-be9c-b2830820f8bd	41223	94.70623	98.80415
57ce90da-6851-4d96-8da2-28ba745c37e8	22922	85.70367	97.29937
57de0975-ca3a-462c-8bef-e2326ebac3c1	39633	87.88815	97.10177
57e1b390-0f58-4c84-944d-1364e992d32f	65851	87.24577	97.43396
57ec8c91-7b7b-461f-bfe7-31b2452460c5	22119	93.25080	98.44400
57fefdf6-fe86-4618-8160-8c35b4209a78	24169	94.50545	98.92831
58102378-742b-4922-9b25-e1b7081a5c0c	34813	90.44522	96.45268
581121a3-9014-44d2-ae69-8eb49cf939df	31240	94.33406	98.83931
5819cb9f-f8d3-4d33-a3a5-8a02b81aaa28	28848	87.91566	97.86466
58228bfc-ed36-4a93-b596-fb43b89619d0	21830	93.46118	99.34168
582b79a3-ca62-4159-b5f5-9df73fd9346e	37751	88.41372	98.31018
5830e328-8237-44f2-b34d-9e0be7adf789	42262	91.08168	97.71822
5831ed6d-dda6-4e55-ac98-8e486121c9e8	28559	84.45427	91.93725
58340cb1-e0c6-47d1-a487-d7a7c7e08e69	23709	94.81466	99.08141
583487ef-6e8c-4431-a85e-ab070cd87077	27438	87.01249	98.02154
5837ccda-5388-4951-a50b-3b7936c42f4b	22328	93.72508	97.41738
583bfa07-5610-4e9d-ac42-88ef73d8c09a	38929	95.20040	99.18639
583cbc5d-a4c1-4159-b73a-e371f1f35476	30683	95.03247	99.01980
5848fade-6146-4cbd-b6fc-6806d7afa265	25284	91.07866	97.61960
584a0864-3210-487d-b42d-2558eb10a697	29113	91.64084	97.42678
584bb8cc-72f3-4e4a-b5a7-55344893760e	31444	91.27757	98.57174
584c402a-0fb9-408e-9eed-aa03528872f2	26758	92.48349	98.53729
5850ceb9-6032-409d-a377-f39c5ea54f4a	23008	85.75863	96.47371
5850fb64-01b3-4fc7-9ebf-13a851ffcb66	26646	73.60754	91.20981
58568290-ff21-4ff8-aaa1-0c9aa48d5ed0	25487	90.28625	97.59606
585d1be9-3fbf-4552-b2d2-2681a0037c1d	23132	95.88353	98.99523
585e552d-9982-4c4b-a982-e7bea1d3973b	24477	91.72012	97.72090
5864790f-e6cf-4943-8e34-842d0f969df9	26121	94.65369	98.68546
586509ba-6ed1-4e39-8cc3-fe68b192b41e	24233	94.29865	99.14232
58699cd9-017f-4f6f-b08a-5113530f0edd	34003	93.26824	99.29462
586b1e91-b829-47b4-b2a2-c26ce7b5f0ee	45058	94.46833	98.99641
586ce2d4-7499-4344-bff8-dfb1a1903727	28104	88.64528	96.86473
587244be-ccb4-4faa-95dc-693310c6be7b	27969	94.41390	98.85412
587c7adc-4354-4cd7-971a-9ccdc6a04c64	22645	91.81235	96.89593
587db6b7-a68b-4695-adcb-930f13efcadf	49378	94.65835	99.27506
5884ae93-3ebf-4019-90b7-0c84ffc88e4a	23439	94.69615	98.77796
5888afb8-b908-43ae-8669-3aebcb5c4ed6	25132	92.25904	99.38512
588ae80a-7c47-4e5d-bc29-f46a59cfabd6	41004	85.10701	95.98779
588b9e46-6920-4e40-9d62-ba748dd6a2bc	22107	95.06689	99.04227
588e5f29-06ac-4ba4-bb89-2a5a5acba5bf	28471	87.11188	97.63527
588e705b-5f9b-4230-8dde-09151d286e21	44992	88.25354	96.92849
589136de-c51d-4577-bf5f-096a41bd43d1	44084	83.93385	97.10286
58961dbb-67f9-4b19-867a-c84d194f97d1	34317	95.90580	99.10278
589755e1-7bf6-445d-a91b-1c0eec5a55d0	22013	81.92255	94.25011
5898a745-25c5-4930-8ad6-c5b3c4846529	31107	91.88838	97.60594
589aa071-8d0a-4af1-9e05-6f85dfe1bd20	22412	80.40852	95.31751
589dc1ab-1a6d-41b5-8121-e9fcd965f932	40409	92.98609	98.49407
589e2905-76af-46fc-b348-11e918bc6fbf	24355	82.74364	96.67265
589edfdb-757d-4147-a672-fc5edb860df0	38586	93.66574	98.54149
58a1efe6-7e42-43b0-916e-356e05718eaa	42460	92.20168	97.76557
58a3a523-83ba-42f8-b355-e53d43c4b580	35188	87.93233	96.06271
58a47754-b569-4de6-9a69-1905a154786d	77212	88.47756	98.63985
58a57d7b-a352-4f18-8333-bf7636a1ca37	32485	87.51831	97.47930
58aa0327-a516-43b5-8787-e6f6105270fc	38462	91.02057	97.99066
58abac59-3045-4191-bd73-837b987ac6e6	31141	92.41971	98.56558
58af12b3-0f6a-4857-890d-534f55aa05d4	27807	91.05849	97.81290
58d1c028-c2c7-4004-b17c-35e0df77e36f	27198	87.23002	97.83778
58d44a5d-ffc8-400e-82c2-a4ca386e75e8	35064	95.07568	99.03207
58d76bed-20e6-4e3c-8273-60ad7e6c8722	28359	89.21338	97.17734
58da2c30-6180-4f80-b3f9-6a353d7a2498	50798	94.91316	98.90798
58dd73ac-ca77-49e0-aa56-42c12eb9a3ce	24597	92.46530	97.24272
58de4f97-9e0a-4e43-b2bc-97d3580a8315	28868	94.74667	99.09153
58de78d4-6398-4591-ba7f-42155a1629b1	49763	80.77009	95.41359
58e09e1a-f4c6-481e-84b7-789d4649f06e	27389	90.98053	98.85228
58e102f1-10d3-4190-8a02-07a21f6846d0	23408	88.45125	96.99020
58f06acb-0500-40e8-bfa9-d191abf7ae27	31834	93.18105	98.58416
58f13e87-60dc-433e-b304-0cc5ef04c329	23611	88.48333	95.52633
58f2f5df-a05a-4051-9b27-da23d791c7ce	25430	94.50672	98.89244
58f3eb56-b856-4ea8-8533-f7d64a3ce098	42380	89.72564	98.86313
58fa287e-112a-46c3-ba4b-8fe6c024b49a	29495	90.36862	95.24981
59036b24-913a-47a6-a7a9-998c60c8231c	46528	90.15474	97.46809
590e65df-2b3c-41fb-8fc1-949f30883f54	25195	93.52552	99.50868
59105720-8602-4a84-82ec-64cce49a2000	35978	85.08228	96.89914
59135ad2-dc1f-4550-959c-d47e8d101816	49771	94.08676	98.67969
591482ad-a59f-43a5-846f-ee4bec3eca71	23691	83.03526	94.26525
59166e5d-06c2-4aaa-8481-9f0f9fade699	37918	95.48849	99.17693
5922064f-a06f-4ec9-9720-f069b841a093	33667	94.49664	98.98624
592703b8-f600-427d-85ef-4cf3eed13d9a	31484	94.43702	98.75641
592770c3-0f93-4f2c-a3ac-0c5184b4da87	32698	92.29946	98.81772
5933f3e9-f665-4557-95bc-f645af634420	43972	87.39107	95.85226
593e35c9-3a34-432a-8449-0def26f88469	32427	93.10003	98.82083
5942d60a-1d5f-4f10-b5d0-bd6bbf6f1b07	52235	88.97790	98.62154
594352b6-cd5f-447e-988f-6837ad42534e	46136	92.78405	99.04873
5947297e-3821-4a74-a683-04cf088c6ff8	22848	93.47733	98.60515
5951b7d3-2bdc-407d-ba0e-6e2b583c323b	67959	84.86825	96.72066
5951d91a-ea59-4c7a-8b81-29946a56d6a0	23711	78.73286	94.32041
595532ef-eb12-4583-98ce-c2b5900c984e	30423	90.91140	98.52135
595644b1-16dc-4fbb-bf4b-ee7a4e57d183	52848	93.68927	99.02599
5958355f-9d4d-43ea-89cb-627f233c49b6	27399	91.92650	98.07161
59604755-336f-49df-8603-8b7d0ea3e0d0	35690	91.53301	98.76061
596ae38a-01e8-45f7-be0d-d3cabaafeeee	35071	91.70430	97.97827
5974b2be-5a17-4b08-8b7c-70a08766d858	27339	88.56901	98.69160
5974b65d-609e-45ba-97a1-11beecfe0d7a	24114	80.02955	94.44641
59763a9d-9d5b-4cb9-a31e-ead396788417	28313	95.28387	99.00063
597cf3d2-cbf6-4e7f-be8f-cb11f6e87f6f	38992	93.90053	98.32740
5981e0ae-9b70-49ad-8b01-236342b2e736	33647	95.72944	99.16694
5981f777-d5b1-4fbe-ac18-f1d5334d42a5	30008	93.81734	98.56127
598240cb-efbe-4cf5-b5c6-eac500dab37a	27804	79.03273	93.32637
5983d443-67b2-4df5-b725-e8662a718d6e	34231	92.81737	98.77657
598f7c55-63b3-4d0e-962c-5fec3a5973b3	23744	94.04865	98.82692
598fa02c-43ec-446a-aee1-0bab14108b63	25035	86.60714	97.72496
59924a10-4ebe-4c53-a281-7391594613e5	25860	91.88118	96.82921
5992995a-f661-4050-a68a-77afb3a1c3ff	29531	88.11793	96.33046
5993b588-4883-4f76-96f0-23e9d725ffcc	38287	88.76140	98.37933
59952502-9648-4fcf-bce0-95ca1f048ea9	23551	87.29771	96.06067
5995b21a-f420-44a5-a60a-e2f78085cf1f	43458	91.92766	98.06344
59975fc6-b85b-4b7f-9b1f-c8ded05eaa59	21551	94.32853	99.35218
599f199c-0adb-45b5-8c1f-a406c82a4570	33389	94.35946	98.83072
599f8c2d-391f-41ba-9cbf-cf84efbc0461	33096	72.05894	90.44184
599fe30b-2f2a-4598-b837-4a2ba6d37ba7	5168	91.71878	98.22360
59a5e052-4265-4203-91f2-7b231be498d7	32040	92.65009	98.46249
59a94cb7-11de-4fbe-8acf-d15307c928e4	33448	96.18614	99.68038
59aab20a-3d1a-434c-9c28-70222f612875	23095	86.73007	96.43980
59ab6d25-4282-4823-99f6-df2388fe64e6	41223	90.29066	95.19071
59ae2098-9172-40f5-8d12-922432a27b4a	24207	88.65776	95.27478
59b1a37a-de80-42a1-a824-20d7b9d9030e	24010	95.09840	99.04376
59b36b31-1bd6-4bbd-ad01-494969d4828f	24333	95.14127	98.96263
59b4572a-98d8-430f-bfbb-c4b04968830f	27277	87.10940	97.66147
59b69b95-5819-4337-9257-8034ddecf9a7	25005	93.52661	98.95593
59ba6f3e-d84d-4282-96a0-78c1fdda3fe3	30747	84.16391	95.87867
59bd5f98-fd0d-41e3-a8d1-8e605f5870b3	29991	95.97652	99.02659
59c279f5-9508-4f65-af05-2c7b09af217c	31438	95.60995	98.85833
59ccbac5-3ce9-4e9e-a3fa-74431b40f209	39289	85.22291	96.81944
59cda614-ea2e-40af-bc57-e98b4d3589e0	29610	83.84718	96.48205
59dbf68b-7c76-48c9-b659-f412e83b5570	37290	84.42857	95.88886
59ddd59f-bbfa-45fe-88da-bab7f27f523f	27323	95.06048	99.34736
59de1d3e-ca68-4353-814e-19c1c8ba985d	28723	94.66120	99.02096
59df6f37-95cb-45e0-96fc-3183dd7106ac	16690	85.82014	96.78675
59e1d9cc-6501-491e-9467-5405200931d7	40466	87.32358	98.65155
59e351c1-c74c-4ef7-9daf-917d76c288c6	33477	94.33516	99.02723
59e4598f-07e0-4bfe-831c-fba113174284	28052	94.46756	99.28642
59e83a50-e651-405f-b8be-c436b46bc5f6	37971	91.59430	97.63844
59f05b0f-a179-4a70-aafc-2a66e3b2fe99	30025	91.37859	98.36805
59f34d68-0283-497a-b525-ca94238e123b	41144	89.15705	97.07518
59f52d1b-9c6e-446b-8995-b070a0cfec08	28111	90.64508	97.05689
59f5c4fc-75d7-49c1-95eb-fca83ffeb2fd	57144	88.58920	97.57298
59fe26c3-2776-4935-96c9-2898a8f18d38	60750	92.91242	98.62344
59fe9ec5-6843-4daa-a609-9d2e5383088b	36674	94.97032	99.09556
59feca2c-7172-4c2d-b7df-7feb98518680	65682	85.73110	96.88664
5a047303-f4ed-444e-a44b-c18768f024b3	38309	89.93108	99.70769
5a0807c7-f1c4-445a-9836-fe645c87e993	24870	90.36080	97.45686
5a0a6b18-4333-4806-b322-0f20bddcbf8d	35518	94.20946	98.33851
5a0d39db-f05b-4ec9-82b2-1da6e85ec102	65272	94.72094	98.46540
5a158867-6223-4588-8dc3-b474325226e4	30531	95.59160	99.35071
5a177876-0bea-4c66-a2eb-234dfb5e1db4	26150	95.02332	99.53433
5a1953dd-a227-40d4-873c-f746bb63340b	27426	89.62097	96.66785
5a1a2538-cc2f-4af3-ae00-2f5679aea990	52357	90.61101	97.55219
5a1b7436-4a67-4eca-ba48-6f9865c61287	44358	94.50348	98.73689
5a2bb63f-a8dd-413f-ad88-10f8f6010b03	37978	86.47637	96.62119
5a2f2f80-5c2c-4d85-a4f5-83fc2e12fc64	27089	87.33230	98.35976
5a2f604b-f698-4dad-bf53-4881db3aefe9	23861	89.55410	97.79533
5a308b21-dbc6-45f1-97df-f6c6635375ac	32481	96.07653	99.40478
5a364578-8212-40ca-a445-ec1b26d5bca2	64068	92.47116	98.96641
5a367154-3d6f-49e1-aa5f-b80785702ef9	37600	95.20922	99.30381
5a3861b6-ce82-4895-b35b-8d27b7cdbef6	23113	95.45299	99.31850
5a3e8dc0-416d-48b8-aa1e-3f68dae3c533	30794	93.12522	99.25699
5a3e9405-1f4a-45bb-95e3-5de30bc53530	25293	87.73546	97.81959
5a508309-07c8-416d-9ee3-d2ca638973fe	27162	88.43155	95.05055
5a51679f-6f82-4584-88f6-987c23909ad2	30236	88.81698	96.20661
5a52a76e-6581-4e50-8188-9cb53c76d90b	34549	85.98926	95.91979
5a5bfb17-aa50-4f30-bfaa-b631cac9bd01	24175	85.94977	95.83250
5a5c868d-2619-4069-9981-a3c737833068	35036	92.85683	98.05067
5a5e9c55-e4e8-4185-a068-4a2546a3e681	37410	87.06406	96.75831
5a60d57c-091f-432a-a5af-f836ed712a18	26310	90.71444	97.20770
5a6b6f66-b8cf-407f-bdbf-401de388f5c7	57306	86.10252	97.02006
5a725350-3b5b-4808-a032-9c9afe891d85	30578	88.12314	96.93887
5a732302-8f1c-491d-a849-2a20d1600109	22599	92.79876	98.50387
5a77520f-f48f-4b1f-9179-2c9b101e236d	50878	93.66747	98.58865
5a7a92bb-fd24-49b2-90f6-8741f9e5dab3	24593	94.34255	98.81139
5a86fd98-b74b-48e7-bf6b-dd627c203bca	28476	88.48587	98.25211
5a8a39c4-6c62-4ebb-af2d-a4d99eaac80c	36021	94.60054	98.89109
5a8b9132-3e71-41a6-88f4-031aac831226	38419	93.60179	98.77370
5a8c4c0d-477b-4180-be17-e89457442f66	37957	94.89999	98.89060
5a8cb209-2761-40a6-ac0a-26c95202ef9b	37350	87.87678	97.86296
5a91a53e-6ac7-4b3e-b5d2-287f5d1a1ea6	30509	95.83374	99.02063
5aa0d266-2833-4f45-a0e9-d8bfc0d17dc9	59909	92.26338	98.50960
5aa61160-41c4-43b8-9de8-cbc7d24375d0	51293	89.20127	97.45181
5aa76ec0-1eb7-4856-962f-0746cff26fc4	91975	95.44238	98.94162
5aad1d32-049f-4ece-9dd7-11ffd3ad5d1f	26956	79.43818	94.98797
5aad51d9-0416-4e95-9995-1a023aae3854	34131	89.93684	98.25914
5aad8157-f1d7-4845-b2d2-3f68b7532879	58279	95.12269	98.89367
5ab09a82-477d-4065-8d09-575937593076	40426	93.31126	99.21521
5ab6bfba-a824-4b51-973a-b49917fafda9	27399	94.93494	98.70308
5ab784f1-19a8-45b4-85c1-91fdc2c9c480	48947	95.25709	99.11815
5acd7ecb-29ec-4b57-99a2-19103336635a	28511	95.24351	99.22153
5ad54803-0661-43fe-88d8-085cfb0f6c54	36483	91.38204	98.82139
5ad993b7-dfd8-4e07-8a23-f94fd8ccc917	45944	88.71470	95.62662
5adacd07-bba2-4f75-a021-493066ca4f4b	26619	92.26812	98.39499
5af09c13-ebfe-4677-b4f2-aa884adae088	29383	89.38616	97.46157
5af21e7c-57d3-421d-94ca-30c12a8bb3e8	26665	92.95955	99.18329
5af45102-96e7-4ec1-afae-2072094222f2	46248	91.41769	98.43860
5af61e1b-605f-4c06-812b-8fbb436ae14b	22502	94.29706	99.14640
5af7b63d-4da3-4a83-9e46-6df5a93b295b	33825	94.89159	99.22107
5b0aa0ad-2ff0-4989-a62e-77445367ef20	58630	90.97765	98.97355
5b0f1eea-bcb9-440d-be11-0db9fe23ede0	56061	94.32801	98.13484
5b16c9e2-19d1-4a3f-8106-8d7dbb44edc0	38653	91.37191	98.08279
5b198a34-6dca-40ea-8b7b-1ed1ca2d1d7e	51519	86.41923	96.57917
5b1a2f5b-22d1-4c98-a526-330a29e246b3	50392	94.98040	98.75940
5b245807-a306-42b9-95b4-8df3714512fa	48959	86.89757	97.61239
5b2612b4-a902-4486-89c8-ed9f317a297b	24668	94.22092	98.80249
5b279f35-be76-4a6f-85dd-00077c5a9087	42748	95.20164	99.35505
5b299232-5e9a-4f3e-bdd6-f3b5e7517c3a	36840	91.94212	98.13174
5b2c09c4-5050-478f-bc59-3e260826782e	35800	90.31175	96.14049
5b2cbb4a-295f-4fd7-8b12-fab8cc3f0a11	22661	93.81545	98.11009
5b2f512a-e634-41b3-9f86-40db58c67c72	28936	95.07594	99.57516
5b324613-984e-4329-a135-846413631880	31556	87.32301	97.62585
5b3a3a70-5278-42d9-843c-1c1321d50c1e	54439	82.94379	94.03416
5b470ab4-b6c0-4f5e-b0e2-9d58078e8098	24561	87.83994	98.13002
5b4a7beb-3f70-4d8f-8d0f-b8ca34f32666	23475	93.46484	99.16497
5b531883-99e0-4296-b08e-4a015733e0e7	23934	94.92581	99.02457
5b56efcd-13be-42a5-8ca3-ec07fce3a0f3	33916	93.49629	99.53237
5b5a1fc3-92ee-4d60-957d-c27a41cec9e7	27851	83.85797	92.58913
5b602f05-041f-4db6-a29f-bf76f64ce09c	34688	88.84898	98.06640
5b66baaa-acea-452b-aeab-86aef10c0bcc	23601	90.97842	97.61885
5b6c1a46-8f8e-4f57-bff7-107d46eea070	23842	95.49234	98.66705
5b6fc084-a0ec-45e6-b8d9-16558454575a	27632	92.92609	98.44800
5b7303d1-7031-4dcf-a8b8-3dc21cb36474	37021	89.26228	98.15938
5b7696e6-80f5-4dd0-a169-1e570e4c7309	69553	86.89012	98.01996
5b7f07ab-1705-4490-a6b1-7c69510e10e0	24408	87.48690	96.78859
5b82c052-df48-422c-b36a-1389dd5ffb21	49186	88.74704	98.23575
5b82c4fb-b3de-4980-b3d0-785c6b600bd7	25726	88.50327	97.47168
5b8a7fd9-0b4b-4ce0-beec-3f3c18d98613	22363	93.50547	98.79422
5b95ad3c-146e-4f82-85c4-17fac5323f41	42945	95.80972	99.59342
5b9756d7-74a1-413f-859d-175e17a6ea50	34416	91.16380	98.80205
5ba508ec-37ec-44a0-8257-e8bcdd512b18	60356	94.57495	98.53691
5bacd5d4-276b-4b99-9d50-dc014316a0fd	73113	93.74048	99.20127
5bb2580d-4276-44d8-a5a4-77d26dcc88e0	32923	96.09258	99.38886
5bbe0f7f-8c94-411d-9596-d3e16fdbd35f	48690	95.08028	99.09295
5bc782c4-b47a-4496-8025-87a506afa883	61403	91.45418	98.66390
5bc8df05-0f46-4055-8acc-5ddc7cc7368a	44398	86.19848	97.01267
5bc9986a-6828-44ef-9412-0498d4cf13a0	47341	91.24255	97.77065
5bce779c-edec-46bf-ba75-83dd17991aa0	60130	89.98782	96.85178
5bcea032-7a4d-4ab8-a669-e1429a159483	30481	93.92127	98.35959
5bd3323d-b07d-4bf3-8395-9adcc24a7188	52467	88.47217	95.29812
5bdd9bc7-7ca1-44f9-98cd-67db9b625f71	24310	89.16357	96.88810
5be13ead-07dd-4765-a91a-9bd8226b698e	35717	94.92933	99.13709
5be468a6-a58f-490d-a23d-b7ea092ad66e	39585	80.42651	93.58348
5be56078-f58b-4fa3-9892-6550a21b4593	19920	79.68736	92.50658
5be5648b-1088-4ebe-9c8d-3ae584461636	115	0.00000	nan
5be5d4d4-09c0-47aa-ade7-eaee73d52bc8	34643	95.60915	98.69785
5be8a3e3-44fb-4d4e-862b-a56e64af8bb6	24097	91.55577	98.68773
5be9eb50-9ed0-46ba-be6b-83c70563d8dc	19893	90.52872	98.26216
5bebfec4-9948-49cc-8e9e-a1ec72dc8319	23238	83.57056	96.56425
5becc035-1882-4e30-8a43-99bd29124a55	33237	89.13517	97.18140
5bef983b-e505-4bf8-99fc-9c8be5376b83	31991	95.76568	99.09633
5bf792e8-55c0-4146-800b-e3cbcaf4c198	43252	94.51770	98.93883
5bf7d85a-92f9-44db-b494-d41470d44e72	25853	95.70199	99.19960
5bf9696e-1186-47b4-9686-46945a125391	26067	95.30016	99.58231
5bfab9c0-448a-4eff-8948-128de9017fa9	69511	94.80646	98.76512
5c00296a-4469-4adc-99af-ea0a21c90e11	22735	79.23052	97.21290
5c041b0b-6dca-4d42-b45c-10a267e31bf3	25742	86.21853	95.35532
5c06e73b-72a7-45cb-bc52-db74234f1fdb	29951	92.68951	97.40809
5c133b76-ffab-422b-a6ed-079beeb01dfe	25559	83.75064	95.55147
5c144cd4-33f4-4177-b390-0621da3a4008	19978	84.90566	96.70724
5c148624-a49f-4f5f-87d8-187a4f6f61a1	56376	89.49112	98.60184
5c15341f-25a1-4010-ab4a-a36b717d6650	30465	94.90262	99.09781
5c196f3a-7857-48df-b436-109eac55319e	62768	95.42862	98.98784
5c1fd480-dcbf-4298-944e-f50d53f2e350	49909	95.06180	98.92593
5c271724-f00d-4695-8995-95ddc35394d2	27867	95.08768	98.88956
5c28cdb9-f2b2-40c7-b0a5-c70b521f6778	42341	88.56618	96.88360
5c2f8af1-e194-4c20-be1a-60fee5e88cef	50248	90.11580	98.36455
5c340342-1051-41e1-a438-8d1eafbf6964	75126	94.75844	98.94400
5c3f75ae-3c1d-4863-a707-03b3a13dffbe	25260	95.27427	99.12605
5c424411-c1ef-4d4c-b250-05ef26360307	24663	90.13608	97.82773
5c443f2d-cd3e-4490-a82d-41e96af46c1e	70419	80.68646	93.64758
5c4a07b4-7af3-460a-b14e-cf35ba44c9bc	29625	91.11801	97.25495
5c4eda6b-549c-4370-a269-cbe9978f6fe2	23581	93.20674	99.18302
5c53fc29-b874-4bd6-832b-1648a3d890af	24658	93.42896	98.47726
5c557416-eb71-4ce0-ad96-db9751a67136	36842	92.05246	98.64205
5c5a7a2b-6858-47a1-8e6d-9ec43a0e72fd	17630	96.46742	99.65439
5c5b3543-c6bd-42b9-b1a3-22aa99dbfa2d	40745	88.36420	96.59455
5c5c8fd1-31df-483b-ae0f-0a2e503da658	36334	95.91864	99.48140
5c5cc111-da25-42ec-b6ed-fbe96c0354d3	25037	85.30353	95.01697
5c5e28b3-1d86-47d5-8a8c-0683ee9b8ab0	42916	93.60817	98.97179
5c61e603-b283-4858-9c94-f90938d7eef0	28870	95.45253	99.34776
5c62a842-8a5e-454e-b028-a0418bba2563	30888	90.94856	98.14909
5c65df08-ba43-4a78-bf8f-f6aa19950ef5	23022	87.09413	96.16127
5c6b9c4d-36ac-42e9-b05e-3327c5fbb906	24878	95.11676	98.91517
5c708f85-cbcc-4d3a-af0c-fdfef69320a7	23567	92.99814	98.65171
5c70a8dd-a840-42ef-a24e-41f3cb98f6ab	25362	95.36118	99.21532
5c8bc05d-f870-4ea4-a842-93a12dbce00e	33125	91.99034	99.28088
5c8c219f-d9b9-4148-bac1-ae91b509f29e	39149	91.24797	98.27738
5c9034e6-b195-4cef-9ab5-4eddb4a13f6a	85907	94.73666	98.85742
5c903f81-04aa-4ba6-a00c-fbe676af3c3c	62134	94.64898	98.75706
5c90aaa9-95ab-4e95-bb3a-7e8223e3fbd0	46277	74.52201	93.85992
5c91a973-995a-4aa7-a5f5-91ca38d4e360	39468	93.82628	98.84310
5c966e01-80c5-4ce3-b8e3-98105e3ca9e9	37116	95.54025	99.10635
5c9f6882-fcdd-4284-959f-a250c9c403f3	21063	94.52907	98.82458
5cac235a-b9b2-4658-a8fe-f718180fdb7d	34005	89.02657	94.90004
5cb61775-1b23-4eb8-ac2a-403f89a94c2f	23677	90.30131	97.28046
5cb805df-0bb2-479f-b7db-fa7c5a6af578	29718	90.54181	98.52091
5cb9492b-587c-4130-8649-1a2045a03bc6	31218	81.95740	94.39726
5cc2204b-80f0-4e2f-b700-f1879567b286	50454	93.33902	99.36255
5cc45302-80b4-48b9-8cbc-18d9e1c37f39	25304	83.58171	94.30399
5cc7ad02-2f3c-4471-8ba6-6192ba69205b	13250	91.40420	97.91342
5ccbfc15-09a8-4f5a-81b0-c51bceeb3d13	25655	88.98208	96.48580
5cd01e2f-47a1-477f-8c67-780793b2acad	39128	90.28956	98.56035
5cd315a5-daab-401b-9931-9eeeb41068e4	24649	91.39605	97.36592
5cd37e17-1e68-492a-86cd-84418c15177f	37983	94.31254	98.91239
5cd3a335-1b15-4f10-9963-cf94cdc7cdad	23410	88.06420	95.67197
5cdb4dd0-f87b-46ee-a90f-0e1901d6cf78	27270	96.48792	99.56049
5cdcc85f-931a-47f5-af8f-664a5e4a2e7d	41917	91.03575	96.18364
5cdf2247-4c0c-4ded-ac51-3c850d6b9123	23133	90.25199	97.83320
5cdf55b9-e69c-4746-b708-39bcac5826c3	32050	90.73935	97.85312
5ce45127-3c79-4db5-83b9-bccbf8d32d44	24460	82.49829	95.48154
5ce56ca4-ced7-4998-bb99-3e0af727c124	42334	89.21799	95.16743
5ce9eefa-1cf5-4dab-9734-9a3987492bc5	36904	93.77877	98.73659
5ceb15a9-4bf6-49b1-b97e-6cf1d055df08	27406	79.59722	95.38048
5cebf667-b6cc-4a63-838b-4afedc931df5	42641	94.82477	98.98586
5cf15031-ff7f-4ede-b63f-8403d388dea7	72831	95.73055	99.15038
5cf81ed6-f789-42f2-874a-97d034a7460a	22796	87.14785	95.80154
5cff9b9e-2739-42cd-ae0f-8d7c3a3f4019	23574	95.78670	99.07630
5d00ca79-03ba-4863-b6d2-bc880dc9928e	18220	93.43609	97.41935
5d0350aa-27c5-4a84-99aa-964ff3f2774b	37969	94.72733	99.03042
5d06986c-8a5b-4563-9cda-1312e3bab52a	26260	85.84844	97.59445
5d06a4c6-f4de-4744-86e6-23c0f152d19e	37681	90.59669	97.15341
5d080109-cdb3-4874-84a7-1f6cfca1a492	50430	93.61402	98.75826
5d13aae6-0438-42b4-898d-db676a0b597e	31071	94.94831	99.01531
5d150bb2-2e90-4a7d-9100-c8460356a6c1	34803	87.63257	97.52563
5d17b4e5-f12c-4537-9a56-ab446dea98cb	28532	86.39992	95.93696
5d1b0ab1-73f0-425d-b76b-1ff554a26211	38243	94.34991	99.07578
5d1e19fa-3d95-4644-92ed-11feee6faff3	60017	90.75678	96.98097
5d1f1603-d45a-4a57-8a6f-a976dbd9e1da	41085	90.06374	95.06096
5d214c7f-6b1b-4678-bbf0-56f9ca17623f	69541	94.94935	98.68586
5d2bb7ab-b92a-4ee0-bfe0-8d6b707e2511	40022	83.62313	97.36772
5d2bde6e-bc32-4ee4-98fe-eb776de8ef19	49797	94.69736	98.75668
5d3a87ad-85ff-4aa7-9621-3b751946cde2	23512	94.92987	99.19102
5d46247f-7af2-4e02-be0d-b14779bf7962	64594	90.36232	96.95740
5d4a9e8c-6afe-4b33-9bc1-af5becc16d8e	32843	92.93493	98.96702
5d4f1dc5-cbcb-4bdf-be15-f24450e658f3	29217	93.58264	99.61337
5d57c340-bc1d-45c0-8500-de0a20ed1c98	23257	95.40079	99.06458
5d5d6f41-96ef-40cb-9f72-e29423c6bcbf	34688	92.44807	98.84515
5d60b968-3ba4-45f3-a81e-0571330f4b2b	73955	80.31093	93.98414
5d688de3-6aa5-4163-8bd2-ca12be556e27	30069	92.70317	98.79665
5d72b578-c115-43ae-b159-b51020074f4b	39162	94.47778	98.90842
5d765fdd-8a0a-4094-a5ab-fc1293b6196c	34180	87.90024	97.59405
5d775f13-cf46-4a0c-bcaf-bc45147e5468	44362	91.41147	98.37996
5d7cbbff-2670-4624-8231-850fff29cd8a	24303	95.46411	99.21369
5d7d2b5c-d098-41eb-b13a-7dc51bb58643	37472	93.41999	99.06493
5d7e5a18-2cf4-42c7-902f-5b384704c1cb	52535	91.87848	97.90083
5d848e30-968a-4ce9-811c-feb7fa195f8d	38619	90.81454	98.81246
5d84bff0-be83-43d6-9d6a-5bd4bb53bf08	61087	89.61642	97.78726
5d872eec-49f0-4f03-84df-a4f101e506bc	35888	74.24115	92.27297
5d88d701-0f7d-4385-800a-aa1ff3299f03	37521	93.82392	98.83699
5d8a935d-666d-44a5-b7b3-d5946c84ecf8	28452	89.69114	98.79879
5d8cc7f9-a108-4df6-a51c-d402dd3ba6e1	30611	92.65555	98.11503
5d8f6ef5-c25a-420c-be37-950191cce350	28011	85.00084	97.01705
5d96bcde-bdf9-4515-a347-217a8a6e7e10	33982	94.97912	98.86112
5d971a5f-a0e9-4aff-99c7-5865741b8e1d	42521	87.70348	98.06211
5d97ac07-24b1-4806-88ab-9aed1d3d7401	24098	90.63299	97.99282
5d9d75a8-aa2d-43dd-89b0-67cc68525e56	41515	86.70143	97.85444
5d9dda88-8c3d-47bd-b02a-ad5263a6467d	23166	92.76260	99.20038
5d9f6b47-ab23-466e-82cf-9f493e1fdcd7	33184	90.10397	97.41953
5da15b2b-2279-478d-8dad-181d10c53922	38223	92.12282	98.21562
5da60319-1097-4a89-8ea3-d3e8f06583c0	25951	94.08454	99.26349
5da7143c-8f38-4f7e-868c-96ac3bbdf0f4	52831	88.05684	96.80535
5da77d60-34b5-490c-9510-a5cbf939db90	24487	85.12332	93.23219
5dabca1d-c79d-4b10-ad02-f90dc011b317	29511	76.46007	95.02789
5dac77d4-4148-4e65-a6fe-6127d26a5a36	24506	94.58778	98.89505
5db147cf-1445-466d-ab1f-1052a99a4cde	51221	95.89312	99.14460
5db1a5a3-6db5-4f07-a4be-14b6c5239f7f	51443	76.52946	93.77238
5db839b0-daa6-4786-bf6c-4c38f634fc73	22254	87.53111	98.00186
5dc1ee0a-fd82-4ffa-af77-af239abfcf83	30952	95.63641	99.27960
5dc8cf4d-bba3-4fcf-99c3-0db0ab410226	29470	95.86103	99.21010
5dc95f6d-af6f-41c9-809a-8e6a18e3a6d5	34084	93.49971	99.26715
5dd3a094-8a72-4cc1-b8e2-33a460b76d42	34606	94.76611	98.78035
5dda8173-f2dd-4896-85b9-109bf04ba470	41970	91.67619	97.12642
5dddfbe0-d84a-491f-a1d3-34f711554756	23533	95.32855	98.93698
5de777cf-7607-45cb-9aab-d1ae6bdb0c09	25183	94.99688	99.07265
5de94ffe-9e30-4561-a431-0cbec7293966	26777	94.93411	98.81225
5dedb9b7-3e32-49f1-a0ff-30eff09564c1	33209	90.65636	97.02402
5df6eb7b-5a7d-4879-aa2a-2b8d3923bf8a	32586	83.51323	95.62186
5df6ee3f-5f4b-4829-bc5a-36ced142890a	22142	93.52348	97.97630
5df8a680-3206-46a7-bd05-352c46429acd	30968	91.11180	96.87578
5df942fb-7f58-4f1a-9134-4ae3db4789f7	46185	95.01994	98.77599
5dfb368a-9636-4abc-a5f2-7324110b4165	36549	95.49322	98.82669
5dfcb508-4f9d-4b81-87d4-5428fe8a326d	25618	95.10944	98.77035
5dfccd38-6637-42ee-80e0-2b560ec7de07	38466	89.45063	96.99735
5e0beb32-1af2-4559-aa6c-8d6c2bb55b64	25523	95.51813	99.17388
5e0eae23-023b-4c19-be2e-b424d79baef5	30749	93.50476	99.01524
5e105734-9e2d-443e-9648-0282762555a4	64544	88.41664	96.82041
5e13259a-4747-49d7-8584-464d1645c13b	29130	95.78155	99.14011
5e1713f7-1c51-43ce-b07c-612081dd5d8f	48304	93.76414	98.75489
5e18ddf4-ec3f-4df5-957b-2b52377c3761	57875	94.37835	98.53563
5e1e7e1d-0134-4a76-86db-79ed8a8a98bc	26492	90.83809	97.73930
5e2639fc-9ffe-4b98-9ffc-a518904f8a4f	39038	95.35136	99.38264
5e2b39b7-f433-4a5f-a186-152f01447e57	25681	80.62515	91.76462
5e3ccccd-ed6c-4739-b56e-3b5a3f856b0b	69749	96.44033	99.32989
5e444ac2-f17b-45e6-855d-fa30880311b9	35578	79.97951	94.21624
5e46b07c-b5c9-49d8-85eb-859ba11adf8c	52627	93.44302	98.91223
5e4720a6-bba8-4ab8-8f6a-103b6a08cddc	37597	95.09146	99.06791
5e4b4904-233d-4053-ba43-3547f263974a	20692	73.61917	91.94391
5e4c2f65-2176-4ac6-864b-b1aa74d541a7	37613	90.90746	98.17954
5e50e324-d3b5-4193-8c12-9996ef5bff64	81340	83.50617	96.77815
5e510956-5e5b-4caf-94bc-eb75af131433	41050	86.14455	96.06473
5e52363d-6336-483c-ad88-ed00cc64e2f0	31264	88.42195	97.31070
5e5447a6-8aec-4b8c-8803-43a838dba276	34047	91.89235	97.65937
5e544e1f-94f2-4695-8a6c-347fa334d9bc	24527	85.31351	93.71718
5e567ce3-0209-4e8f-817c-6449810ec59e	34286	93.76296	98.41996
5e5cff66-cd09-40e4-8550-963fdc9a7ef0	89073	91.17853	98.03150
5e623032-2daa-42e0-9b9e-29b04c5a167c	37576	95.10845	98.97827
5e6420c4-210a-4fdc-95f8-a9f068d742b4	46330	91.58438	97.69991
5e6955e3-9c92-4d26-a4f4-96a5d886400a	24085	95.19070	98.90314
5e6c82a5-938e-4772-848d-9c9e805f45cb	25738	87.09642	98.00069
5e7402ab-c9eb-4d73-a996-e4c128f4c424	27396	95.61306	99.00370
5e754bfa-a734-40f7-aad8-1af215654a0c	30337	96.45088	99.28792
5e78810a-44db-47cd-b0c8-2424577f3b52	55110	95.21183	99.08706
5e7e36e7-33ae-493c-8fb5-230d6f1ce7c8	22593	93.46121	98.48200
5e84dfa7-629b-4e4a-ba80-1f60f7690b2c	44443	94.06129	98.59333
5e85d557-da1a-4d38-aef3-929fd9bf6c47	37073	84.03032	96.09127
5e891edf-da8d-4be4-bce4-d6186e413a6b	50946	89.00711	97.02196
5e8a183d-fcd5-4837-adf1-3f9f07bdc5e0	28461	94.70570	98.79220
5e8c5f64-ddc0-4346-a38b-42791edcb905	24008	85.45204	97.16667
5e91e0da-5a3c-4eb8-9005-36587541884e	32706	91.82175	96.73842
5e99397c-3d33-4a4c-9de1-fab1b9460f93	45050	86.31517	96.98474
5e9be070-c910-4727-b822-98e2b70ae1c1	50266	90.13726	97.31982
5e9c7155-8185-4a7f-ab78-456674abaf71	34648	89.91588	94.81431
5ea44b3b-30e0-4cff-8980-b308292e9030	27414	94.99910	99.37098
5eaed3f3-0e3f-4d61-b35e-a1a8fe8100a8	33803	92.89352	99.48660
5eb04bc8-1876-40f8-a590-21cea6f7ba3f	24445	87.70997	97.29395
5eb23ab4-6ed1-4b59-a737-bb65ef6816f7	30250	86.97321	97.46236
5eb272ae-7928-4a8c-809a-13c9c23db8d0	26217	78.61644	94.02673
5eb38379-3d01-43e3-957d-cbe3a1bac761	58202	77.34342	93.67013
5eb5a23f-ad8e-41e4-9536-eba856c862a7	45560	94.19367	98.19886
5eb88a74-9c42-4b0d-8722-577c453de4bf	29275	90.20588	97.55152
5eb946a7-73c1-4168-8ad4-2d45967a2e73	26824	92.18280	97.22909
5ec37498-aa91-4a0f-ab94-b48df46f088e	49655	87.29507	95.63255
5ec44118-965e-42e7-b7a6-f7880cf6ed33	22805	86.13824	97.42126
5ec5ddd0-d999-4a5a-bc9d-b90503f11315	27582	90.76384	98.56651
5ec7aa03-e4d4-4c08-b873-471b294001bf	32085	87.95438	97.14372
5eca0581-db6c-4789-80b6-e0027dd976ae	26640	95.77387	99.28980
5ecd2fa5-bba2-41d0-a3ab-a371ca9e319c	23386	91.75788	98.43717
5ecf2158-30a6-4dfc-b1a0-aa3c5ec7c2ac	29005	95.28948	98.29063
5ed43b13-bb62-4c1c-a6f8-382f60542ed2	28173	89.20414	96.95307
5edd18ab-fbc5-4fcf-92e5-9c1e700bd18e	23665	92.19905	98.68206
5ee33f82-1798-45f2-8e8a-80c4f723e99e	76665	94.33527	98.93029
5ee5a8d3-5329-423c-ac2b-e08efe8cf014	22016	95.83893	99.33871
5eed70b9-eec7-4891-b0a2-155b69080cdf	60686	84.53622	93.75455
5ef46874-5401-446e-8836-62ad10fa740b	55746	86.66905	98.25212
5ef5753a-2701-4f66-a28e-d3b8a6da439b	28940	95.26856	98.78549
5efaaa50-b873-4a6f-bc3a-815ef261b056	36472	94.95954	99.07995
5efe6bd9-a22e-4f3b-8654-fa0fcdcf23ce	23532	91.11111	98.53404
5f10df18-e3da-4788-9b38-bf90943d987d	52931	90.76546	97.10196
5f142d57-c5f6-4bda-a8fa-3d68dea70ae7	31991	86.81241	96.18433
5f2de672-42c1-4c07-af9d-8bae1ead355f	34994	93.28043	99.22690
5f33222f-d1a1-4aea-949e-df4d15177497	26717	94.48117	98.26231
5f3f57bb-380c-4870-8423-96ea53628ca1	43219	95.95110	98.64300
5f4b87aa-27e0-4d7c-92d9-efbde74ce098	42920	91.12124	97.64993
5f555f65-c6fa-41ca-a705-720b46071bae	57444	93.11675	99.34160
5f567ff3-06a5-4ea8-bdea-2ed0a311b2ae	22689	94.57184	98.68030
5f659a19-b121-46e6-8bf8-9eca4b5ac02d	27520	88.50623	97.65578
5f688f69-36a9-4696-bb79-cc57b355fcaa	35747	87.82453	95.54347
5f6d4782-b698-41b1-9256-2caa2803a603	32515	91.53220	99.17436
5f7011b4-372a-4d69-ba9d-2d4e329a2a25	26750	94.63151	99.56697
5f717d83-eae4-4549-8fa4-a06f66cde0b6	24289	81.98020	95.40289
5f7694f0-264c-410f-a470-a979de38b32f	62717	94.77493	98.78743
5f76bab1-517f-48fc-869b-77f6b07a3eff	8004	95.60453	99.42653
5f771704-ca07-48b9-b7af-b108edce67dc	26394	96.02991	99.39563
5f7c5d2b-c0f0-47a5-9830-5d594394e735	22413	89.99231	97.21074
5f7e63e7-f265-4847-8eeb-c714443e0903	30660	89.97780	95.62048
5f801d08-c959-4319-ab0f-76e4a4a2cb82	38163	94.59176	98.58922
5f816780-20f0-4439-9799-c1b3b422cb67	50559	96.06258	99.24494
5f867557-400d-4687-9955-7c2b1565a656	32237	94.07564	98.52576
5f896fb0-7977-441c-9842-090e6983e5a9	22243	94.30132	98.89801
5f8bb8ad-5a98-4077-a385-98374e6df721	28575	86.23600	95.89700
5f8cd977-bf5b-4c2c-8ba5-8a52d8c2c894	23946	90.82156	96.48747
5f910643-7b3a-4a2a-b3d9-ab7d2b850737	27730	89.61465	98.02314
5f92ccf1-3289-41a6-9503-e716716990b0	58283	90.22833	97.17134
5f9390af-6993-403c-bc88-5407726cbe21	51010	96.13218	99.10301
5fa01584-a5da-4e72-b28d-6c18503d56bd	24431	92.24128	98.41764
5fa0e51a-20ee-457d-9a34-1cdafa1f6f04	27593	95.61375	98.94286
5fa7d473-d7ea-481d-80cb-ad9147f05bf0	22906	94.16741	98.73204
5fa8390f-0f2c-4569-9ae1-c27add70da98	23090	94.98106	98.99186
5fa8e657-afec-4924-97a7-b686d6fbf0ac	23550	86.32310	97.89118
5fc4b6b5-8e8f-4450-b286-8c53d676e240	32302	94.20960	98.61383
5fc50fd7-f5c8-4300-a033-cad1f59311b6	24951	94.32405	98.64372
5fcc1bb2-9afa-4d73-baf9-5a266e6911c2	22144	93.07245	98.96366
5fd6f999-e61c-48f2-a87d-56ab93ed2b2c	38428	82.31454	96.11546
5fd7b05b-dc7e-454b-8cfb-b1ec67800315	25053	95.68535	99.33972
5fdd7996-e046-4040-89cd-739892a60a3d	22941	80.99341	94.19765
5fdfd5d0-7838-433c-afbb-7a8b93d1255a	58560	95.66218	99.46932
5fe51eae-c419-4d22-bd3f-5e404ab56178	25029	95.01593	99.43807
5fe7b6bd-1bdc-4cfa-8c1b-74463d50f547	29756	94.78247	99.09489
5fedbdc2-5eb0-4b10-84c1-db7ec4512f11	25995	89.95982	98.70526
5ff1eec4-cc9d-41de-9029-6bc01f268461	42023	94.86336	99.14213
60000d66-0654-4788-9aa6-9665d9d32099	30234	94.03834	98.85299
60011d62-aab3-43fe-a61a-870bb1741ba1	63614	94.52923	99.02684
6007214a-cae0-49e0-988f-2185ed8bb168	30025	95.46113	99.72653
6008c49c-c881-4042-9fa1-1d598641e18a	37345	84.53476	87.68673
600e67af-4515-4056-bd09-07714bfbce05	38151	82.95941	96.71785
600f3fd5-a39e-414a-a074-f22e21910818	22809	89.16028	98.11850
60166dae-3044-41bc-b199-3f02dff982db	35274	93.47089	98.35942
6017c1f2-7d86-4d46-ae90-a477363386c0	3743	84.52472	96.32372
60209691-896a-4479-8a61-6b3f71d07fa5	26985	93.43954	99.04601
6023f9cb-52a2-42bd-b784-52e3582a8728	30716	92.59588	98.72634
602c2688-5a32-49a6-8093-2945077e37cc	50627	95.26828	99.14869
602e8bc6-49a0-4155-a713-8ca173edc669	26090	92.51713	97.17027
6031e2c2-05d4-4ff1-a146-dfc0036014b3	29579	79.33378	91.91834
6031fd59-276c-40b3-be97-4e45f0c2a391	41227	95.12892	99.20449
603a13a8-3685-4fbd-b25c-4fde6c85ca6d	39278	92.35806	98.47225
6048bb3c-54d4-49dc-a55e-7a2f4d8d24d3	60049	95.71586	99.00457
6049580d-57be-440d-88ab-48bdd633c86a	40611	93.90206	98.74562
604a776b-8df4-4e1d-8810-43dc49a5ef45	30256	76.43142	91.76098
604b484f-153a-4cba-b51f-80791ed75c96	30142	94.89281	99.01857
604d53cc-9c6c-4fcb-bdeb-bc5847f9a95a	33141	83.69737	92.54625
6050fcda-a1ff-41d0-acf2-ce395bad18d4	29366	94.43179	99.76156
60533bf6-d081-45a4-8e67-30a4d762f381	35055	84.60267	95.93333
60558914-1a3e-4e54-b0b7-535f4ec6780e	39617	95.46864	99.21712
60570826-779f-47ba-be8a-5d3dc5d7208f	30652	85.63894	97.28912
605bcb5b-65a3-4b66-9bb9-503be258bf50	42510	95.53695	99.13791
60611d8b-c5f1-48e6-90be-8b352d04fc1e	41681	92.25176	99.05209
6063ce87-f8e2-4823-a553-9ac036b376e1	29695	94.08101	98.84463
6066b557-0014-41ea-a993-7fb6d1b244ee	32525	94.68464	99.28405
6074ecc2-5923-490f-8a20-0071708b936d	22861	93.37068	98.34657
6080274a-36cf-417e-9e1d-e8a3f03f7887	39077	91.22054	97.56812
608d73a1-dae4-4a0b-8454-0326d1c5a662	33283	94.71127	99.10461
6093b916-37d2-4bf9-a76e-5aad04edf57c	43681	91.60469	98.11673
60948882-b34f-41ca-9445-e6a4daefe3c1	50042	88.99134	96.20763
609a2c58-a806-4ac4-8a4a-b69ace67ea4a	37735	94.71581	98.98018
609b569f-b908-4357-ae22-5c0466314fba	21700	89.52759	98.25566
60a34d5f-2d4f-4c04-966d-b9390413fdbe	34494	93.27624	98.64318
60a5f97a-47c8-4036-b0f1-824fdf6b4270	32863	85.00284	95.94880
60a7587a-acf5-4aa4-b0f8-74d9d82d0ac2	43670	95.17142	98.79431
60a91e2a-eadf-4f44-a3c7-513a284524ea	34515	89.64584	98.54948
60b00279-3162-45ba-b916-101ad66eddbf	80151	93.25697	98.81373
60c574dd-92f7-4979-b3ad-9b7741c9843d	31701	81.58157	96.25906
60c7d13e-565e-45cb-9f60-d9029af0842a	46800	95.43033	99.01231
60c83896-67e9-48a4-8cc3-97222d0e7ec8	26311	88.78310	98.02139
60cb7056-0ea0-4cb0-bb2b-365ee29f2ff3	30252	91.21533	98.72068
60cfebe1-8088-4a84-97de-8b96dff45e15	25325	90.75021	98.27035
60d0669e-99f7-46c9-a7df-258b7444249c	29915	74.09107	91.38328
60d42d5b-fb90-46bd-9484-4fb3313e77bf	29060	90.75120	96.54574
60e2d46a-c312-4f9d-b8cf-8874baeeac2a	25247	95.83740	99.07101
60f7c8f0-f220-4a6c-833b-12396d6ea903	23436	93.96012	97.94549
60f8f2de-c673-41c0-b75a-23d5bd87bb01	36912	81.56727	90.27696
60f921ff-4c9d-4f02-9227-2b7e1b98a6d6	36714	80.62424	91.18658
60f96c21-629c-4f2e-9484-e2676793bc6b	55811	94.51642	99.04036
60fa2aec-a888-4018-962e-eb6b200fde1b	26901	90.65844	97.66638
61052c98-7c87-4061-98f8-991fc23bff9d	21741	89.64259	98.95238
610cc93c-d8f1-4215-8d56-5c67e10ce7c9	35794	95.91506	98.95250
6118e9ec-7052-490f-be95-9bc76e617373	42317	86.89672	97.30558
611b7b32-36b6-4b00-bb45-c986cecf52ac	38286	87.35129	97.91207
611bbc84-608c-439a-8e67-3599abcbe873	22690	92.51143	98.33826
611fa402-319f-4b4e-ad0c-32ddf7901bbf	28869	93.14976	98.92111
6122c6e4-8b2b-4ad6-a79e-bfc1eda0eedf	26728	95.46842	99.04121
6126b157-2d4a-4aab-9603-8be50a95c8db	31588	89.26217	96.44836
612cf224-44b2-4154-bcea-43527301279e	28809	95.11623	98.64406
61356f72-b61d-4240-9336-646a60a66a6f	43857	94.96400	99.09459
613a14fb-6811-461f-be63-dbe9b0b97d2b	23005	87.01111	97.15656
6140db11-f226-45e9-8510-cb3da0ae8853	23851	88.43204	97.34542
61439c14-9ebe-451e-8352-324bded6cdfc	26684	90.38586	97.58316
6144f588-65a5-442d-b974-7d3c396c965e	24047	93.35987	99.18477
61581217-f4fd-4a8a-9b71-7a4f5453a252	22097	89.18506	98.85961
615aaeb4-f6eb-453f-b050-76b0f8eb7c4f	28945	92.50746	98.26389
615c0105-1f19-4758-ac74-52aa8411b4b3	23209	92.72895	98.83443
615defdb-c981-4e34-a842-4cdd8e592a63	38321	94.15813	98.75252
615edeb5-6ea9-4bfd-9925-dc0e7545dd1b	35963	95.43684	98.71277
615fd459-140c-4e94-929a-ea16c63ea006	24866	92.74717	98.45909
6160d7af-7d65-4191-af6f-d68b5c2c8c16	39883	94.33319	98.96646
61634231-5349-4af1-ae8a-974faa5f611d	22138	95.96591	99.61617
616a7f03-faa5-4790-b507-cefbadb450a5	24637	91.88309	98.15022
616df7d8-447c-4bda-8e02-bae1cf2ccbfe	35817	90.41951	96.58698
616ec63d-7ca3-4b5e-9fb7-b8fb4b250dc8	47971	95.99049	98.96877
617125c2-20d1-4d2c-a7a3-30a5e09b3e47	32252	95.08142	99.43126
61725617-2c5f-4f23-bd27-a4cdc67a47be	25836	93.70790	98.57236
61751814-8476-41c4-9c25-8b5f56be20dd	54602	91.63945	98.12981
617dc1d3-6eb2-4ae8-bdef-a785f8fe0960	71448	86.52309	93.68615
61869d4d-ecc4-428c-a8d7-73884787e462	32965	84.03342	96.10006
61976198-2deb-4daf-b834-27ac3044b079	22362	89.67634	97.90001
6197f43c-034a-4b73-8fdf-9d19ec96988f	60753	95.57282	99.25731
6199586a-3d48-4ba8-8250-9ca896788c61	55630	85.18709	96.48391
619ff178-20f8-4929-8336-9fa872579b24	23510	88.21063	96.42137
61a0df17-af44-421e-99b1-379a3abd35fe	23204	89.27219	98.99310
61a1d83b-976d-41b4-97dc-dd3cb96c3106	25622	90.23373	98.07175
61a22f5f-f86f-45c6-90ab-cc5066735b26	28069	94.66760	98.90129
61a2773f-870a-4017-be18-e415d3136731	25490	81.16480	94.70443
61a74777-ed21-47f3-babe-a06852a4d532	22448	94.02550	98.42478
61ac3e1a-f99b-4096-8921-6089f854064d	32278	93.24410	98.26965
61b05077-b76a-4bb5-ba0a-c31c8f2defc1	27215	94.68139	98.74104
61b39b6b-35dd-4222-bf80-073c5cceb13f	31539	80.40157	91.55515
61b5ac59-a5e2-4cef-8845-806a52b31f88	22661	94.47686	98.88354
61b67369-2099-480e-b168-2245b27935e5	54755	94.66155	98.56875
61bb5e7c-f1e5-468a-b35f-f3444a2ce602	48853	90.49566	98.02641
61bd5e3e-93b5-4ec3-8f51-5b6363bb4389	47279	82.43036	96.13425
61bec2a3-d5dd-42af-9a5f-232c54aceb65	28624	87.77671	97.42224
61c6111b-36c9-4767-aa29-3769a6a6c762	43045	90.36692	98.39001
61ce37e3-8450-45b5-b792-7d209d6d642f	30240	91.13042	98.08399
61d1052f-e58a-43f3-ba56-9cbeb5dd90a4	22705	76.29426	92.06388
61d69ade-66ed-48a8-9bc0-c8b895240df4	52931	94.21961	99.30289
61deea0d-6f0a-4f8d-86ef-09cb8926a234	27660	94.31806	99.13453
61e68e42-956b-4918-8a7a-f75d738bf1ea	30870	95.50684	99.39574
61efef04-f3de-45ae-a69f-b47f4e303511	30306	84.52833	97.42630
61f71dc0-4034-4fbb-aca3-7ce6ede712d4	34343	92.09576	98.38923
61faeb91-0da4-4a5a-ab46-9efde50b8ca1	34177	92.27035	98.37429
61fcaf0f-4341-486b-8c87-63a6e492eba0	64012	95.46620	99.10694
61fdac00-342f-4579-bfb7-909efbbc486b	36714	91.08919	97.98688
62004d9b-bbf5-49fb-af5c-84965e86ddc5	25529	86.37880	96.77653
6205fc17-cae1-4389-a2e1-eee9ebd73516	22950	85.81525	97.65892
6223db4c-6083-4d53-ba4a-de7fa92c68eb	49152	89.22831	97.71026
6232aabf-1b24-43d8-8669-86da4e35391d	41291	86.31100	97.34553
6236c29a-60ba-4cc9-aab9-5c44426ab165	71913	95.27451	99.03200
6237be84-3ba2-45de-b5fe-9df6a3614abf	34162	94.06159	98.98638
623da7e0-5a33-46ff-b230-725765b3768f	23049	82.58824	96.29288
6246bc7a-009a-4412-906a-f628bf7925fb	105938	94.98015	98.94480
6246be5c-aa57-4aed-9d1e-f7680ea57bbc	27312	92.06050	98.44552
624f6ca8-6576-4d75-bbfb-7ad2f48d14b1	33691	95.70364	99.31764
62525324-eac3-414b-a182-fbc63acb891b	37420	95.32460	99.23486
62549103-2024-4e0c-a663-5f5ad6fe8974	41064	95.45063	99.08146
625877c3-edc9-4735-b1e4-6fcbdf21ef25	24833	96.06481	99.28210
625e8c6d-f736-4745-98db-51cfc7413489	30295	91.66134	98.26062
626314a9-3087-4de7-a00f-517a6324ca1b	22415	84.94506	96.52844
626612b7-8121-44f1-9b81-174740604ae2	37675	93.89894	98.44695
626773f0-2f40-4d86-9271-bf0f28d67272	21953	85.44066	94.74186
626b1a43-7d96-4936-a86f-ab453ddbeded	36763	92.29653	98.45390
6273ee9e-0140-4af3-89b8-4cd318fb75e7	38429	86.22584	93.42118
6278cefc-0b4c-4923-b9dd-9195d54c7445	63590	89.13384	96.76608
627de0f7-d974-49c9-abb0-ea187f9c8729	17341	94.45611	99.03968
627fc860-957f-4170-ae20-735df93937ea	65831	89.69428	96.70383
62810b8c-1c79-42fa-a707-c905eb8800d9	27270	95.01419	99.08270
6281b122-d560-49a6-bb82-0ee97d3ca896	54951	94.14482	98.80080
62863a79-3d18-4cb7-8e31-0e4eb56a8410	27911	89.03465	99.00744
6289f160-5df2-4f82-afaa-9dfee7c930ce	49334	95.11234	99.22643
628d8876-149f-4e4e-9860-700c2490ce74	39426	91.24534	98.91156
629099bc-e261-4d91-aacc-1517d8bccbde	31384	86.53093	95.99240
6299b612-c339-4909-8ab3-81a34baef681	38369	92.22827	99.30745
629abd9a-ba3a-4089-81a5-54bdeb4a537b	30179	90.20798	98.60451
62a8a812-b8a0-4118-9931-d52616452112	31905	90.33075	97.97796
62a9a18d-5f76-4624-9e47-2262dd179fab	25133	95.76807	99.42063
62ac62ac-667f-4207-9949-6c89c3dc61ff	25439	95.19669	99.11287
62ac74f1-9767-4749-b370-d2ec400bfbf7	23313	92.43291	98.72084
62ae5e71-78e4-4486-b1db-ef9c999053ea	50099	95.10996	99.13397
62b333f8-79e6-4ed5-b93c-79ae08ff0302	86642	94.50001	98.57434
62b51205-567a-448e-ae01-ae61021f64c4	25151	91.69817	98.65743
62b80d60-39e8-4da0-909c-023f71fc281b	24609	83.96592	97.31937
62bf313a-e40f-4f72-a136-4d500161b1a6	44462	93.79294	98.35324
62c11403-a91c-4231-bd0a-c7b97d75fe08	27129	93.61312	98.77251
62c219d6-ecc6-41f0-977b-4f9dba6703e0	59944	95.45931	99.00276
62c7ca68-668b-4e56-80b2-33694568164c	82259	95.37788	99.16907
62cefac2-5c4e-4de6-969b-34a28efb2651	28631	95.03340	99.16412
62cfd2c9-58e6-4d39-924a-339cb198d8a4	37429	91.06691	98.30749
62d1a40e-a9e8-435a-b942-4794b880f2a8	32738	90.51114	99.21922
62e6876b-5f36-4f12-aa61-bc6572f8d56b	41665	90.71299	97.60507
62e7ab34-0a84-4462-af8a-796ce9bfae48	48929	94.73379	98.68857
62ecfa88-816c-4f82-a37d-57e8dfb652a2	49222	94.34018	98.63060
62f0ecbe-dd16-4840-b156-fe887fd69bb8	22099	90.32063	96.77490
62f193a9-1ac8-4001-af27-1c43a5a02e81	30776	87.78789	97.92998
63065147-8c9d-4b30-9b5b-c16ffd49ca23	40101	91.59131	98.47933
630b9c87-b18f-4f85-8ae9-42cd95987685	38991	88.83315	98.40660
630f9807-e0e0-4eb6-8579-04fa65eb6cda	25052	95.01592	99.43469
6310c367-0c5b-41e9-8f49-a4a100bd7a7f	46116	77.34094	93.91016
63123ddd-3a7c-4b57-bac9-b41480e2e390	43595	91.99947	98.50824
631b6f09-222a-4d89-a213-53461cb52037	22171	91.04484	98.02521
63227d8d-8209-4d85-98cd-d2728bb70edc	24398	87.94900	97.21146
632530d0-4e2f-4695-aeee-6b7972d282bd	26754	91.75127	98.59899
6325468d-7ebf-45e7-9e72-c297bab0dbe2	76821	92.87916	98.55899
63260bf7-af49-421b-87df-a96b544523ca	51540	88.62339	97.51189
63268a5c-b542-49ab-9c89-35c57a9538ed	24271	89.51883	97.14251
632a2d84-b166-49fd-aa3f-42c4996c8cca	24933	87.96237	95.51802
6336a20e-5144-4e16-bcb0-b154c3c75947	41805	78.62260	94.30996
6336e0c6-4d6d-4473-915e-83426fcca004	37033	89.43718	96.87983
633ec4e5-cd8f-4525-bc12-91ddf9654241	39417	89.44951	96.21353
6341b633-6228-4f6f-9c3f-16d30c3db306	30788	92.13533	98.06126
63473a5d-6ec2-4d49-b5d5-77b19ce92dc3	29145	95.15928	99.11586
634a297b-735e-4714-a22c-d0a706a12d15	28116	96.12430	99.24591
634b6afb-7570-498f-ba70-eafc3380507b	29832	91.66937	98.37237
634ba13d-ab11-4c6a-b9ee-aea819b1ed46	31532	90.86862	98.07914
6352aad2-5417-4217-b89f-e2cfb2e7c950	22732	92.57975	98.57684
6353058b-1c8a-4220-a70e-e6731c10565e	24601	93.75249	99.15422
635aafd1-60d0-4265-8c78-d757bc046dca	53924	94.58727	99.28276
635ac4ab-1283-4dc6-a75f-4c65c5dc39c9	22172	92.78346	97.97339
6361345a-4d6f-4ebe-97a3-a5a1ff4e913c	34474	92.16798	98.30659
63629e82-5c12-45ac-8a7e-d90fa0d3bf88	29801	94.82101	98.96433
6362ade5-31a2-471a-b0e4-4c6dbaf909bd	25304	93.36806	99.04366
6363e3fb-23b7-488e-9e28-c3ce783d371c	29422	70.72269	85.44736
63640a24-5713-4289-87f2-14f3f3f9a987	25177	85.29946	95.00246
63650253-b9f1-4c3a-89c4-7d4e3193d952	23031	87.52807	98.29020
63774750-fa72-44b0-a283-e634fb63ad3e	37712	88.34010	96.42079
63775406-e399-4b0c-8183-c575909769e8	23072	91.80906	98.13898
6379f88a-61ce-4b41-8e14-7e7ad5685552	36418	78.61326	94.42811
637aa2fa-ae18-4e82-8fde-1176b77f5603	50361	79.21531	94.90433
637c37e2-c199-40de-98cf-dd61e34dd793	28511	93.82433	98.93217
638eaac3-27b1-4891-8c5c-653994cc1b9a	39387	94.78969	99.50879
63953566-5a24-42f1-bbb0-c5e63d137cdf	26950	88.11839	97.33609
63955d31-07f0-4a0a-8fd4-0ae6dc736723	36962	91.69704	96.79941
639cae04-dc50-4a57-bb11-bda55c66c5b3	28548	81.79857	95.04215
639dd5a1-bfdc-4e28-8020-1c73153c1749	35933	80.28328	96.37210
63a4c28a-bd2b-404c-ad20-e365aaf54408	23538	94.80055	98.72523
63af6971-c3da-4f86-80f5-448274f28856	29765	84.70360	95.92555
63b232e3-8ff1-474e-bd88-186d1b89bc91	32892	92.44539	98.11620
63b8694e-262d-4d6d-8875-e599326f7669	33657	90.01827	98.10064
63b965b4-8ff7-4c7d-81a0-233f18ae0b6c	43577	88.86497	97.97206
63c46cdc-037a-42d9-a05a-75cf5046e419	22031	91.70361	98.27733
63c4df07-a2ad-4516-a313-a5e6c801bf07	24668	92.47308	98.99449
63c703c3-9b13-4b4a-8311-c6c48cd11430	30712	95.74884	99.33833
63c7dd70-de56-4929-bd8a-af52eb0f7554	28300	95.75127	99.16693
63c7f6ab-8272-4aa4-b434-122da9f2f575	41576	88.19491	97.77736
63ce1f54-55c7-431f-8a62-8824503c37c1	44761	92.88719	98.42717
63cec0d3-292b-41d1-babb-9d20b21fe615	22397	87.41649	96.83836
63d158f3-c32d-4904-ac89-a0a59083b586	26455	93.93215	98.31570
63d46365-ac25-43f2-a9a1-5aa9b0321b47	31733	91.07175	98.02008
63d55db1-3709-44bd-9f6b-ec0fefc508b6	30940	90.54561	96.78643
63e1e551-530b-41c8-b9ac-7e4e4368eb51	22595	84.94066	96.29535
63eacfa2-650d-49d4-87ed-cdd53734b49c	30041	95.50334	99.02492
63ed9175-8812-4229-8214-aecfc94e5df8	36571	94.45263	99.02499
63f1532a-4fef-46fe-ba38-7c4ad7f0b217	22862	94.98754	99.36869
63f8ec8b-2a6a-41c5-b64e-c679f2e1a1e2	25420	94.52118	98.91835
63f97c0f-f791-4278-bb2e-b1dc968d69f3	32392	95.87576	99.10142
63fdfeae-6834-4b68-97a1-4f000d64884a	120054	94.37855	98.50721
641090f0-ffe5-4aef-93d3-9fcf1b2ff8f4	33648	96.58418	99.21984
64141ac7-a408-4c87-b9a1-c3cd8c4e984c	58058	92.77145	98.57194
6416787b-6458-4218-8774-5547b312d0eb	35261	89.96413	97.47569
6419c116-ab5e-4ad1-9bc8-4dc28dfca5eb	21883	82.50053	95.68026
641a0853-78cd-4acf-9d93-d8632413cb4e	31950	89.49102	97.79067
641ce537-6aaf-4e0e-a730-4cbc7587269e	36836	96.44523	99.48036
642dc26a-9f72-4982-a583-ad3ed5c9aff8	38689	84.46434	93.35300
643f2763-7ad2-4dfc-bdc1-0c9e0c565ccb	32240	90.66824	96.18421
643fc03a-f307-4f06-952b-fd8d9d7dd683	22605	88.31469	96.90420
644365b1-4535-4529-9ab7-53c63e5fde3b	30703	89.04728	95.99185
64450fcb-5db7-458c-87e5-e466a7752a57	46714	92.41712	98.01194
644d3fe1-5ac9-4a03-a8d1-f7d38b72996c	46359	95.66193	99.06880
644e51a5-5497-4f80-9352-f8ad50b8ceaf	22167	90.96596	96.69863
644f33b9-dc98-4786-b203-111287bca0e2	32986	91.69849	98.52998
64515e9a-d782-47cc-9aa2-42a852403e0b	49333	95.12365	99.25023
645188f4-cff2-4c1d-9e2c-96ca279a4d5c	36056	88.86450	95.72934
64524410-2fdd-40fb-9d28-5eae28eaa4e7	22578	94.79932	99.13208
6455e869-902c-4e3a-9f49-b01a3cfb7b7b	37256	88.16624	97.12904
64593973-86d2-49a0-824d-fdf07d725a10	24141	92.89279	98.03426
645a5aed-ea45-41f8-9787-ff9750ba82ac	43168	93.47934	99.31800
645ea8dd-5ec0-4a9c-b526-16644ed00f56	28408	95.56708	98.84845
64648d6e-22d6-4899-9708-06f9dbe81094	22951	85.73651	96.82325
646f5263-e1af-457d-8c11-bd7b73bf6f62	56485	82.66636	95.91034
64759487-7253-44eb-bfc4-5f8b5ebebb89	30170	92.34204	98.55262
647794cd-25b5-4463-b8d6-c107753f03e1	27567	92.49304	98.14835
6479b197-868d-4321-901d-631172913893	33051	94.19149	98.91392
647a46bd-99d8-4799-93c4-2c772a622d35	25336	89.78315	98.09687
647cbb49-87fc-4be5-a490-5dab8e45e7be	32318	84.23253	96.67507
647dcace-c720-41bd-99d1-8d8fb191746a	24278	85.59047	95.98475
6482866a-f5e1-4e94-8ed4-38d6a3e0c617	25752	92.12986	99.39234
6483193c-2793-4474-b1f8-59e73bcc425d	32267	75.44708	92.58940
6485b32f-041a-418f-9a9c-d3d8a10db8f4	24299	90.45144	98.24006
6487e04e-3ef3-4a0e-87f9-bd776a71dfc2	42793	95.35635	98.78133
648a503e-5442-4e68-a9ee-27ea15a1a750	25114	91.98664	97.74609
648d9c6b-d97b-4c35-98c9-63bfd900959b	27208	95.51305	99.08321
648ef003-6102-4932-a37c-6b3bfe89a624	28020	88.37384	97.90504
648fca3a-e921-448c-ba42-465c33559f5f	33382	87.79338	97.11126
64927860-4a41-4346-8bfe-6460ceac8be8	22685	86.17496	96.96046
6498377b-9ae9-44fb-a13d-6dd7d4afb37f	26700	95.56904	98.88571
649a821e-410b-434a-b836-22eff0d600ca	36544	95.71655	98.98488
649f2845-738a-4e65-aa81-48afe70dcdac	40894	95.07301	98.92890
64a29876-6863-4291-a58e-a7b3c9ecb991	31856	90.75514	97.45194
64a50076-34f3-4c5f-a18a-e7f4f638507b	23607	93.69522	98.64174
64a63a6f-19dc-43e4-92c5-f82be74fca20	24791	94.58381	98.81229
64ac3a62-eab7-46e8-9dfe-593c3f0ff96f	22525	89.56880	96.24663
64b5bb3b-fea9-4adf-9924-f01401269f63	28686	87.16236	96.29393
64ba509b-af3c-4c45-bea8-2bdc178337a5	10062	88.22526	96.80039
64bb400f-995a-45be-bc2b-6857be7c790f	34074	92.65561	98.05296
64bf16ce-4a96-4754-bd85-395f1844fac6	22154	93.24312	98.49242
64c02077-8e61-4b5f-a222-50cebddd5a90	33637	94.52833	99.10493
64c1e568-5444-4deb-a3a4-64b921bf1272	22071	96.36307	99.27768
64c4f9d5-027b-4007-934b-0836413be319	38194	94.00250	98.68220
64d5b63c-dece-4d22-a73d-66b46218f599	25685	91.60418	99.28275
64d87a5c-9b7f-4002-a25b-ac2d23e68632	22330	87.19735	97.08128
64dd71ea-8ae5-4925-b2e0-0bac9fc21b4c	48376	95.12615	98.86424
64ddc284-e28f-4a3b-a220-c89e8d69cf49	28545	85.96019	97.42008
64e3b3e5-6863-4b1c-b218-b3d5e8f15e06	63562	89.59931	97.52185
64f83f3d-0c53-4275-ba83-84b82fc9d3a3	37470	93.67460	98.43861
64fa9f21-d05c-4aa1-a3e1-3a5fef93780f	45900	85.79671	97.67263
6504e5d9-82b0-4afe-bc24-0d2ee899f0b7	38110	90.07746	97.40379
65072af8-0a4f-4dce-bdff-b1ed24fd29e9	71163	93.89007	99.41404
650bd81d-264b-40d8-902e-f0133694524c	52153	95.55799	98.94183
650c9f1b-d782-420e-95d7-7ca367485698	37800	84.64091	96.37553
6510b5a4-6c0c-4549-83e7-1b787fba5fbf	23459	86.80909	95.84786
6514fa76-4816-4220-8436-4e85538fff0f	41867	87.36117	97.07522
651c9710-201e-4bdd-9203-538136a11e62	35168	90.02113	98.46790
651fee24-89b3-4b49-ae88-329296e0faa9	44644	92.97083	96.73316
652302cb-3cc7-477b-a41b-0889c30ed7c2	34980	80.65382	93.59927
652dc6b2-4b92-480f-80a2-619de3ed9572	44685	95.19678	99.13326
653a1d50-3f59-4446-88cb-1df1bf7aaead	33543	92.84144	98.38605
653a59f9-61f6-4f1e-bb9e-689dffe7ab3f	92280	88.76782	97.97389
653b31a1-e3ad-478d-9b40-dd41319cd0b1	36088	93.43085	98.74431
653c684a-419e-466d-9d38-7ed95d586555	49961	85.89233	97.26498
653eca9f-3aa3-49f6-b800-7d2df60942b6	24827	72.88938	88.87770
65454a6e-692d-4946-9181-f10ded9b0b6e	40625	94.27320	98.92376
6548fd7a-e4a8-4528-ba86-29e9e2462879	25043	89.64261	98.11714
65493b80-8b84-44b1-ad65-0bb4e95b3ba6	34395	85.00529	95.73749
654b3b47-fb1f-49a0-b6bf-83c0028c07fc	19987	90.69111	97.05352
654bf4e6-39f7-4f9d-b092-8c0c4d273b26	32193	89.70623	98.61508
655d06b3-74bc-4646-9007-dbb13a105c6c	53427	89.68914	95.87242
6563db37-00bb-4ddb-bbb1-05ebcc187625	28781	85.23339	96.75167
656e25b8-c37c-4871-aa32-37c75bd93cc3	37093	91.02233	97.03199
65725fea-b112-449b-8b60-ba11be7a7456	26253	93.16555	97.75495
6572c2d2-b259-40d7-8148-ab49c3b91f10	41179	90.97392	98.50904
6573a2f4-12da-441b-af7e-87f92b6602f1	28489	92.51037	98.12474
6573ac13-9309-4a18-92c1-717eae7aa617	33297	92.36615	98.35687
657793ad-c449-4057-979d-2996f63fa329	25929	90.60098	97.18543
6579234a-8325-436c-ad91-ff2d60494263	30544	94.64131	98.86091
657bdf8b-88f3-46f2-88a6-c697a8180075	36572	93.35975	98.21015
6583168a-741d-48ad-917f-dd4756c0e799	28088	90.23787	98.72400
658397ee-5b56-4bab-836f-643afeeb9fcb	57429	93.84157	99.00218
658572f3-aa1d-49ec-9f45-75e621272941	26351	90.35944	97.68634
65864adc-a883-4a4f-87e7-0a4050f8b2de	30572	90.25328	98.12055
658d85a7-8891-49c3-b374-55edccf81876	22883	92.96216	98.16210
65911c1c-1a60-4e9d-9450-73d560681d47	40828	95.49805	99.07612
659148d1-d92c-4755-ae59-2b98918a6c6b	27680	81.66245	95.03714
6594c36e-beb4-418f-93bd-aa170e7e689f	104901	95.25549	98.93787
6595b9e9-1dea-4cd5-aef6-dfabddaf06d4	57526	94.00092	98.92179
6595c7f8-e26f-4c9a-a787-d4e38ac62f2e	25598	94.72171	99.09483
65989aa9-5f38-4a94-ba6e-70ab03f288bb	37089	94.15675	99.20699
6598c27c-f8fa-4b42-903a-9707e7ae54d7	29529	93.09766	98.32393
65a0b1a7-bfad-40b4-80a9-c7b269e7ef25	24474	95.24784	99.02601
65aa28fd-c11e-4121-a8da-e73ba68fec9e	38969	91.94193	97.77331
65aa3222-83a1-4c8e-b563-d7ace06b2bcf	31890	88.02760	96.92908
65ac7c95-6358-4695-ab57-c4aa0e901224	25510	88.96836	97.54872
65b0ce69-780e-4336-ae83-b48e6f4ff4e0	32225	95.65124	99.06905
65b641ff-0d67-4171-b500-05131927148a	34267	86.81575	97.84681
65b87685-cf96-4de3-88de-179b6d1a56d0	34141	86.48103	97.01769
65be2cf8-cba2-46fe-b95b-d4fd11b90f68	25263	93.95577	98.49439
65be5c2e-406c-4e25-ae92-3802069d60ef	53803	94.88628	99.20957
65bf2eea-73ae-40d6-9a05-88732562501d	36659	96.02387	99.37785
65c1bbd4-6c14-45d0-a5c8-cebd81ad8cb1	39434	94.87715	99.05102
65c22909-2efd-43d1-bf39-9dc91d34f16f	35627	82.37441	95.16436
65c30cad-58c5-46e9-8fcb-d89c0147dc29	29981	90.71454	98.75070
65c5db2d-f733-4747-9ed1-c2355cb8301b	56997	94.09381	99.16026
65d1c1e3-1456-4dd9-a69f-be5ade162acb	47230	92.24867	98.19617
65d6f7ed-87cc-40b8-8445-44d14bcdaac1	35071	90.80794	96.73432
65dc8291-61af-42f6-b142-f1362321cc4c	25568	95.46171	99.06339
65e05782-e3a8-4844-822a-3bc40e32b978	43601	89.12305	99.00353
65e288ac-a4b9-4289-9070-dd55ed81d036	25283	92.98225	98.76074
65e6ab73-1a9c-4f30-94f5-f2d6ec46e01b	28160	88.87303	97.77491
65e9cf0f-08ca-4fc8-b7d4-71beb9280a5b	27378	92.49263	98.63737
65ec2ab0-707e-40d4-bed7-7dff4f30297d	13900	78.31400	93.64434
65ee238d-ca8a-4a4a-a84f-82eab80806ff	50993	83.48421	93.64948
65eeaae8-7966-4352-8ea9-082a798e5c36	25366	94.07293	98.93201
65f335bc-3ec3-4597-b01a-8084f24d7efa	23472	82.92790	96.40234
65f48026-5f42-4dee-906b-9ca8979fc66a	32495	91.45543	97.99716
65f97c71-f0ab-4010-b34b-a54bb799b6e1	27455	94.53259	99.09874
65fc33b6-e768-4f28-a659-98de17cadf90	44147	89.75388	96.26601
6600dfdd-4481-4051-a19d-e056d530f40a	57842	79.09614	95.08262
6604c8ea-1077-4e05-a216-e094998b499c	26781	90.21919	98.55244
6608e2e9-1b46-4a16-be37-fc73f477bf87	31843	94.16227	98.61387
6609a563-77f2-41c0-b371-b26f74417d4d	74443	85.56313	95.15532
660be719-7f4a-4127-a5fb-029d15eae874	22396	94.75299	98.93570
660c8a57-f4f2-4a98-8aa0-c0f619c73ad3	49189	96.02591	99.02607
660e0ccf-9ac5-4ad1-8bdf-c410168d0f05	6526	92.89675	98.82711
660e2e14-56f1-492a-bf78-d05389723ece	38064	93.11657	98.48579
660fef1b-f83a-4a33-9c2d-6fffb2676365	26984	95.06402	99.13812
661487aa-93e6-4761-845e-3865da1be1c4	51512	93.34729	98.34429
6615a135-247e-491f-9823-36b580f691a3	25444	86.77423	97.96699
6619d693-8aa0-4dbd-a2da-0943682a023b	24512	94.50010	98.64363
661ceaa3-8d7d-442d-847c-b151d34688e3	33998	89.71429	97.57172
661f87a2-331a-4fb9-bba4-1943f9a0fbc9	30780	88.55956	97.62457
6636be88-b671-49bf-a9f3-4317827324c1	29150	94.80380	99.19476
6639d809-57e1-4b30-a8e2-b7411cca669f	29893	85.03618	97.47516
663ccda0-ea11-456d-9696-beb5abbca784	35737	90.96878	97.81130
664a6787-8f8f-4232-9c71-26df04fec8ef	47491	84.61797	96.46417
665761e1-c4cd-494a-9d1e-82f62f3f1fb4	43732	93.90288	99.06506
66576c7e-31a9-42fb-a890-dcb316608cd2	39976	85.56863	96.20583
665c6e2a-ccbd-474e-91f0-b44ef2989740	34745	92.77351	98.84779
665cfe8e-0472-4466-927c-fcc2913b54c3	53094	90.43637	96.73645
665df9e0-b935-4afb-9237-3e2f8cd682e2	33110	82.53394	94.04491
665e0776-fb80-4f78-b2b0-188b9c310800	23279	81.64640	91.32800
666315e2-0ebd-4265-a425-5c12c6fa4152	31775	91.09319	97.85730
66672edf-339c-4199-a836-38dda6fd2060	26714	96.93624	99.39536
666afcc9-8f16-449d-b2cd-bb93f273612c	29560	86.90606	97.37138
666b2195-b330-44c9-ab89-5001caa4bd71	48753	85.93906	95.95277
666fa548-eb78-4e10-bfb9-d9ce857a1ced	36092	93.93013	98.82556
66715f35-3687-4067-94df-078b4d351464	31964	95.55364	99.24990
6676788b-7fb8-40f2-80be-b6df06f98fde	65886	91.25507	98.42448
667e60d8-5f73-4142-a24a-b6774c55fddb	26095	91.05766	97.94167
66845fc5-a9c4-4e4d-93ea-f61729810cf1	53086	89.21556	98.33692
66930974-4e9e-4359-b64e-f51f26c7f3f6	22765	92.64143	97.88714
669a7ba5-5dbf-4f55-9dc6-db415ff48f06	38666	91.51694	97.21159
669b729a-8b23-4197-8945-7659f290622c	59361	92.25005	97.80423
66a01ee4-8130-46d0-82c9-980ea9f7c6bc	41481	87.61230	95.45580
66a59aeb-02ed-4d16-a334-67fe5759021e	28790	95.27712	99.30138
66a65a84-e8a7-4c67-a490-f06ee989efd3	29262	90.25788	98.48505
66aeb3f5-d602-4098-ba82-766225b71709	40780	81.77649	95.78519
66b64dfb-c954-4c62-8f5e-e8d0516c9452	25339	90.03967	98.50117
66b7d1a2-3087-476e-b505-13e689e8a7b4	39398	90.51987	98.10591
66bbb138-4c53-4f6f-b719-ec82a45cee1a	44192	95.61792	99.36035
66cab117-8afb-4217-b861-a6dd0dd14abe	42510	95.03508	99.16334
66cce2e7-e788-437e-b43f-60c23caf66cf	36849	95.50957	99.04375
66ce2990-3b07-4532-8f7e-fa9a5f700251	33226	86.72944	96.91475
66e16cb8-ea77-41f3-a50b-d200a7510caa	23941	96.91583	99.44569
66f216de-a361-4a1d-b7af-2483b7ad3584	36337	89.98439	98.26016
66f5b161-3c79-4047-ad4c-30c8bdb0744f	38841	94.99446	98.74672
66f62c6b-473d-4001-a27d-101c7e104864	23183	90.08116	98.93713
66f7d4d3-859c-4287-82cf-8a9948a5ad51	1195	93.50982	99.13194
66f7fe08-2fd4-4399-a0cc-89727afa2121	23388	94.88333	99.32245
66fbb3fb-5d27-4949-aaa8-c063e69c49e5	38459	93.17205	96.79405
67005910-bc6d-431e-b5e5-126a0f810999	24876	93.36268	99.03750
67014662-c96b-4409-9227-1389d30a3c53	36127	85.71905	94.55906
6702564e-36a4-40e9-9a01-79cc6dc378fd	59107	91.18067	97.50698
670498ad-f61b-45cc-84cb-4b7680e4215b	26786	95.38501	99.13518
67071323-639a-44ac-bd08-2b31d7089470	40221	94.88022	98.91562
670add0e-9237-41cd-bf18-92fc71f5b41d	40189	95.72343	98.74692
670bd741-1f7f-4bad-a958-3f2defd9fc29	36065	91.29766	97.06351
6712eea4-c73f-4e4b-b447-158f6ad87a2b	26312	80.37354	94.47048
6716284a-f3b3-466f-849e-118f4582a204	55440	92.07112	98.35317
671942cc-90c9-4f1b-b634-0e74264496e1	43551	93.80996	98.44171
671bf674-276a-4291-98a4-6328faf07a28	24383	90.83297	98.15525
6726e500-c86f-43a0-b51b-fc1c4331bae3	23781	79.67904	94.59740
673361e7-0764-468f-99e6-a94cceba9714	33696	87.87306	97.60390
6735e3ce-36b5-4a19-95d9-3a09b71dd7d5	28263	94.52640	99.06171
67392bc7-29d6-44bc-a37b-7d14fefbfa91	56750	91.26858	97.32767
6739fb11-aec0-4bbd-a1b9-5463ce966e1a	26925	79.54384	92.88658
673cff08-5497-42d3-9e87-b340fcddf469	46295	89.51778	97.46203
673e1c01-db82-4004-85cf-21ec7a46357e	41301	95.70679	99.30382
673e54d9-27dd-4567-b0fa-7eb7c5632c0b	24297	88.50607	98.20853
6741b22d-04fc-4ced-bacf-c05567da1bb5	31741	95.02395	98.92497
674d158c-4602-4e5a-8362-f8af3d764185	24731	87.31941	97.15220
67564c9a-c9da-4ad0-a17f-80565944c22f	27570	87.89238	97.39593
6756589c-7c02-4364-bce9-b72b5bf476b6	25024	89.74712	96.88618
675da3fb-40b8-4057-b841-c903c38cdb18	26031	94.07223	99.15167
675ece8b-65f5-44a1-9c18-791351000027	29630	81.75020	95.86120
6764bb4a-df43-43ad-932f-23232000a657	58210	95.78341	99.35055
6764bc51-df37-4679-a8f1-6035f3f68ad2	26628	95.58753	98.98282
676c124d-90cc-4dbc-b777-81dbce52cd4c	39980	90.89072	97.54505
676dd7ec-f561-44c8-8efa-0417fd4f62ae	38352	93.98627	99.15307
6775611b-08e1-4ee5-8d28-062ebdd9d53b	22071	95.75579	99.19700
67777e47-0aa2-4a45-97a3-dafea152ebc1	26864	94.69218	99.21009
6779bc93-1003-40d5-847f-265abc46df13	36306	90.47127	98.00801
677be191-7d01-4f75-9b77-080964a5f8cc	48427	94.81104	98.70562
67800a08-4b56-4b4f-a91f-bcf437c93a85	26421	93.43009	98.32090
67808817-2248-471a-9348-63b119623e79	46994	93.08576	98.71032
67815b27-50e1-4a4d-bc13-91eaa9b51fa7	31479	91.43891	96.96455
6783416c-f25d-4ea8-9c27-c87cafe74cbe	35550	91.02910	98.34754
6788ff70-ff52-40c3-b549-bcbac47c5c6a	28039	95.69655	99.10331
67897732-d3ca-4914-b8a7-8d2c1d0ac9e6	34731	92.60883	98.40945
6789c68e-9601-495d-a40e-30343669dda7	36271	94.95782	98.96389
678afc68-1c53-4663-80a9-2d9f09ca5365	26959	84.18787	96.55358
6791c4ec-8fe2-486e-ba7b-ae85e6856897	49863	91.86127	97.16740
6793a9eb-8ef7-46e7-a0b5-4b6aced02f25	23429	89.93690	97.83729
6794b6a4-4331-4256-8801-798caf70a8a3	62205	93.48432	97.11275
67961ffc-a3ab-408f-ab8a-39f6723748b8	25752	81.31892	95.61109
6797c556-7eec-4631-b41e-2db8a0e6d173	32362	95.04398	99.11279
67a0ccba-a898-470a-ab2e-d7d6bad327bb	26110	95.74058	99.57167
67b12dd2-b229-4738-aa23-3a2535a5f487	43038	86.05942	94.83482
67b327cf-8c41-4d18-88d5-13ee239e2aac	24867	92.94711	98.43408
67b38876-e012-4510-849d-0f26a86d971c	38410	92.74224	98.36440
67b6e23b-ccf2-4702-8ab3-a225b49d6580	31739	88.63704	96.90236
67b7e680-df89-4297-a6a0-ff87a7824429	30772	90.73019	97.49277
67b837e4-9ec0-4436-8d96-0e4020bc96c0	23901	90.89626	97.59875
67b885ce-582e-4e81-8b46-2cd0ccd1c227	33094	94.58820	98.75864
67bd39b8-e530-48f9-b490-363b09ff1c3a	24914	88.00900	96.88012
67c9176c-2297-4b06-87a9-b1022c4f9848	29410	86.21404	95.59068
67cad0a2-b3ee-4ce8-8b49-b6ed60e3953c	36552	79.79397	92.83623
67d2475c-b244-4a34-ba8d-4c0d233ec6e6	28507	94.76274	98.86526
67d3c9f1-76b9-4cc3-a5d8-5a0fe4ee8234	53957	91.52840	98.35147
67d4d64f-0e90-4af9-9d1c-6fbeda3f63a3	34161	94.87731	98.77975
67d52e66-1b10-4681-af98-735bda04477a	18873	88.45159	95.48361
67da18c5-0fe6-4bdc-aec4-09debf6d3e09	37859	95.35950	99.01493
67dc48d5-de00-4795-9f75-fdee375d2efc	22108	95.43249	99.13137
67dea72e-2606-4aca-833f-9646680528b5	71490	86.61263	95.74097
67e3bd19-1bc2-4ea0-b3f1-c21497bc5d75	24916	96.12658	99.30833
67eb9ef4-7eb0-4611-a4c5-40b5c54d0e72	26748	88.03734	95.30837
67eca319-1ccb-488c-a899-b33da7f8ea72	63616	90.50688	97.02325
67ef5780-f7a3-462a-b0ab-c924eaa1f878	39353	89.89986	98.62249
67f639cb-2db0-47ed-aaa7-018241f83bf7	25845	94.92726	98.85662
67fc5ba4-d33f-4de0-a4ca-1792fc316f90	28377	91.78232	98.46871
67fe413e-7c54-4308-8205-57bdb461ace2	42667	86.13597	96.57778
67ff0904-970c-4b90-bc51-3fb6209a5fa4	43339	95.67284	99.48032
68007444-cf4a-4f2b-845d-495419a23a26	23217	94.99281	98.87179
680722ea-b395-4747-bafc-17a40f4d2250	23143	89.75137	98.78697
6811acde-4442-4a91-9f33-d68a46c9922b	38742	84.01941	97.12764
68161901-c0ba-45ce-bf75-b694a46b86f7	30241	89.41485	97.17720
68170163-7c92-4f53-a140-0789944d4e11	28595	91.55302	97.34876
681d4cdd-da53-4c77-949c-60b5e677759c	37858	89.44478	96.13779
681e1c4c-718b-4ded-adc8-5c5092a6323d	67369	95.13558	99.12353
6823fc7d-404a-4857-aa80-a4705db19e9d	45376	93.85783	99.10923
6828dd9f-3fba-4d7d-892c-ca645c895544	28186	96.38217	99.33204
682ce743-4bad-4d48-a082-5e8b25693f5d	20323	94.32409	98.90753
682f7a02-f552-4a8d-a975-90728eb44e19	26993	95.89981	99.22218
6830e734-684b-44f2-a49f-07c4242c3248	24587	87.56213	95.82698
6831833a-a068-4628-bc5b-60793e14dbf6	32027	96.36218	99.13424
68333885-5125-4613-af47-bdc0f14e3784	43629	95.04919	98.50308
683361d1-ea23-4389-8f5b-5ab433c51adf	55888	94.91199	98.90832
68337751-d39f-49b5-8f4e-337c965665ee	24193	95.63450	99.06358
683405b5-4059-42a6-a48a-b7bba974b20e	22024	86.32186	96.57920
683573ef-3beb-40ec-ad37-8564d9a1c181	24033	93.54589	98.95067
683b35ba-fb76-43cf-81fc-adee5f82a55d	29576	95.43370	99.17625
684646a6-95db-4d12-a838-64b59eb2aa9d	32570	96.49091	99.40012
684dbb58-13ca-4043-bf96-e0b9f35c228c	37176	94.40410	98.81438
68575256-ecda-40da-8fef-7ec0549bbc9a	33683	87.31091	97.15691
685dba77-3cec-41bb-842f-cb0baf0a1a51	29211	92.74492	98.79943
68616c6d-a9d6-4531-877a-b25004af9928	71502	87.75810	98.43420
686f55c4-de02-4965-a4a4-a3d56f057d30	33839	90.95705	98.31634
6870b5b5-a429-4296-a3de-1ebac015b5ff	23753	95.57695	99.19493
68723668-0131-431d-a6f7-cd456492d404	34502	91.74154	97.31969
6873d377-b401-485f-9b9b-c8ebad9f1a77	63024	94.56271	98.88967
687d82c5-0d25-4950-89a1-7e079e936009	40022	94.56036	98.89585
687f6e51-34fc-44a2-9f4d-c8fff9b908eb	36921	95.43678	98.98365
6880390f-2f49-438f-820d-1367f0cb9ece	58136	85.14069	96.24932
6886a6a7-dfe5-4b80-91e8-8124e530fc33	28720	93.68988	98.29444
6886b444-46f1-4e7b-a687-07cc9bf5b80c	37943	91.90876	98.38110
688d00c9-016a-40f9-b252-761be39380be	25441	82.02137	95.34341
688d45a8-d0bf-4cd5-909a-52aa6e1d036c	41253	84.43377	96.59497
68950f32-9a3f-4466-b812-fa9ea464edf7	39994	95.91289	99.33300
689929cf-becb-4249-a2a4-a777af3ee891	27161	88.68788	97.83637
689a05d7-ac76-4583-9a03-413b65337990	26543	89.94788	98.08377
689ec61e-2450-4c8e-92ba-873337d95406	57777	89.60663	97.67221
68a037e2-560a-475a-b8dd-4d92fca9362e	28181	94.49771	98.92632
68a6aa44-039f-4251-9168-1749e5a3b86f	26699	94.74341	98.91850
68ab039e-f56d-4800-a334-d1b981d221aa	36647	90.38082	98.46303
68abb122-0ec3-4f31-aac1-2318716a4dd0	32792	92.92662	98.93254
68b05abb-9b75-4f53-947f-7c853a6286ba	23021	91.98973	98.18088
68b45cb1-47cc-4e09-a679-fc11c3e9136c	42485	94.77559	98.73586
68bd5f5e-aa90-46c2-af7a-d0ad3d4c6746	26640	94.73413	99.18963
68c42294-ab77-41d2-b26e-0b6f61e22d38	45426	89.00101	97.32229
68c79318-7d3b-4937-a6de-5bc6c8f4577e	29074	93.25971	99.37967
68cb1a64-79c7-480c-b906-b848ecd32641	24955	92.30859	98.18067
68d58dfd-de67-489c-a843-809ff46d26bd	22363	90.92114	97.07266
68dabfd5-4d21-4e98-ab4b-5bfd3fe64830	22799	89.11642	97.47802
68dd9d70-608a-487d-88e4-fb8d000ea5d1	27384	93.45968	98.64801
68df5238-9b6c-4f1b-b03e-35ac835e7b5d	32064	89.71949	97.78376
68ebb618-d35f-4ecd-9b95-16a9e0258b2b	23005	92.29901	97.32666
68ef80ee-92a4-41f2-bf81-473d056be41f	34826	91.66758	96.60890
68f271e1-367f-4eec-8b7f-13ea103ac3dc	26754	93.15997	98.62796
68f28908-257d-4a91-a1dd-23d344d52ceb	56205	93.35181	98.79599
68f8d5b0-0214-47ea-b942-344c6eba0230	73172	84.48661	97.51355
68fb5125-ff94-4941-a7ce-d2685542bcd7	38121	93.61572	98.45174
68fbe9a5-3f99-472d-aea9-9dc901ad6ff7	27581	90.52398	96.99919
69001c34-c9f0-402b-9751-b004d59b3ba0	52170	94.55016	98.95521
69028367-1489-4695-8324-f83c5e222fc7	37015	87.87503	98.12992
690c5317-52a5-4fb5-b2b5-6431baee58ce	26595	90.60398	98.47206
690d221e-d79f-4f2b-86e4-63e4f8544a07	22808	81.77314	95.69725
690dad68-471e-43dc-b1a4-8ce3ce614ea9	40289	91.27885	98.71634
6913dbe8-1473-46ac-b3c1-015127927003	29142	94.54637	99.06861
6917cfc4-263a-4840-b1f1-a67847d60310	55911	85.50354	97.66795
6919a419-c966-4978-8869-13630a060a44	52815	91.67568	98.65492
692013a3-cd91-43de-bcb6-1b5174dda167	21053	85.19867	95.98714
6926005d-8c7a-4160-be5c-d3ca7a12bc19	22199	88.50791	96.36237
69272689-9d9c-45b7-ac32-c04914994d1a	26793	87.51676	96.81503
692781cd-ffe5-4685-8dd2-d0d6f61f0590	25174	93.73354	98.60272
692bfa8f-7a33-4a5a-acdb-8fcbbf53c135	27364	88.31588	95.51168
692eb31c-503e-4b87-b5de-375fb8b6d0a2	22264	96.21071	99.03576
692ffecf-5947-41e8-9601-3e0755fb37e1	30115	74.14517	91.56074
69302f2d-e714-4923-8df0-ca3892360cf9	28234	87.91789	96.95582
6936a6ec-5701-4f05-94a9-b41b853e2193	26245	91.65217	98.64100
69391ec0-6d0c-417b-97dd-7b3944b0da3b	41490	89.35242	97.91928
69412b98-87e8-4508-928f-ca7b1ec0b2d4	52775	93.39310	98.39405
694203fc-b166-400a-9c4c-1963169cc624	22800	84.78398	91.74708
694430b0-49a7-4ad9-99dc-88e22941b96f	28175	85.75212	97.64870
694a60eb-4ad0-4b6d-93eb-851327e10830	23099	94.10343	99.11760
694c28f5-fa15-4400-bcd5-2bf3ebbcd7af	39042	95.67662	99.32696
694ff3c9-efc2-4be7-b3cb-ba8552313897	29353	95.34181	99.42259
6954a423-2751-4f6f-8558-078599ad6457	34955	87.19436	97.42486
695845be-2a39-4629-984f-6a6c6f3bcee8	26043	87.76673	97.22639
695b78a5-dfce-4e58-903f-6927686d8c77	64854	94.10540	99.19756
696848de-46fd-4d74-b2e7-aa87886a1f59	30219	89.11781	97.21424
6969c009-2113-498d-9469-9bffc548e3f2	103195	91.99365	98.07650
69705191-9109-4e46-a90b-cd960952b210	53199	83.13274	94.62021
697d0d98-b137-4796-af48-9853f1c0a417	34463	88.69497	96.69826
69875343-d337-4537-a6fe-f95073a7f148	43316	94.22094	98.79124
6987e541-fa17-44be-b499-2365bd5eb5b9	45969	92.34812	98.26970
6989fac0-47c2-45d8-98d1-3d8e7c9d77e4	24122	96.30679	99.78410
698ac966-a308-4f47-be30-2ebda3363472	40175	90.11248	97.47513
698e78f7-d252-4ff0-a18f-7a9b48b1b81a	29359	76.12261	91.53606
698ee3fc-a6ff-4885-bb45-0b1626eb7493	27108	87.77370	96.68326
69934c02-5154-43d7-8ca4-babf0db96833	26193	86.77239	97.35477
6997b433-ba82-4dcf-9ead-6eb7a960d8bb	24870	91.44257	97.28818
69981bd7-b1d6-4e0e-bbdf-3068e2bd66e2	30829	92.67939	98.24578
699a241c-a171-4565-b6e3-cf75295279f4	48158	92.01150	99.25681
699a8e3b-ba37-4f41-ab8d-7913466cbaa3	41996	94.88228	99.15088
699e9b4f-b942-4a36-b636-4f78321f2d87	22488	93.37507	98.98401
69a07830-6ff7-418b-8901-520c27596311	32374	90.91072	98.17452
69a26e0f-9ee2-4f1b-a185-649db520a95a	29964	95.09714	99.40797
69ab5a19-db50-4147-b429-14d31a0dffea	23135	93.55315	98.52105
69abb7d2-eb7a-45a1-9399-d20c03afad87	22947	90.57822	97.59597
69b01df1-7193-4483-9582-8694fec1c0ac	36990	94.98197	99.07199
69b7319f-ae1a-4856-9b01-3fb1147b1f4f	27421	92.66958	98.80397
69b783b0-98de-4d62-a084-bf9edf0edad6	32548	94.08589	99.15697
69bc21d6-fe36-4dd2-b7dd-cb89089a2476	46423	87.80007	98.04345
69c2449c-63c1-4153-9743-f384ad31d7d6	22741	88.46154	97.69247
69c72c79-02e8-4324-8c88-70c758e59506	29155	84.08819	97.37195
69cdd771-4804-4358-8251-adee8794e786	26592	90.23612	98.36011
69ceddcf-68df-4630-97b1-1278e42089f0	59067	90.25273	98.31200
69dfb17e-25bc-406d-b169-1ea70014562d	29660	95.40886	99.28490
69e089d9-7e03-4e63-a79d-c8b4b0d04865	55594	89.66361	97.88915
69e1cbe1-1773-49d3-8a78-3db4be944d6c	26519	92.76710	98.93740
69e29839-3c96-45a6-b09f-d524f839bbd3	49746	93.62790	98.62140
69e8d287-c29b-472c-a2fb-e9e93690604c	48856	94.32935	99.11217
69f966be-1712-4be6-a5dc-5a96aa470e8b	47737	77.71294	93.67084
69ff7c20-e3ea-4dcc-bd4c-70e3ae4af430	23238	94.05587	98.36721
6a03588e-b728-40d2-b341-6d027c335ccd	26550	94.99926	99.01612
6a03cfe2-606f-45ae-867c-2ba96f441f09	35554	80.31403	94.72980
6a163527-e0a2-4b8d-a1e4-26e0fd46126c	53321	93.39382	98.65456
6a199b40-2c1e-40ad-9d1f-0cc66215e013	28434	93.07202	98.81168
6a1c8577-36d2-4db9-8243-5bf637573291	25921	89.78914	97.29903
6a1cab76-9fe6-45ee-aa82-a0380f29cc53	42964	95.62030	98.88174
6a2507d6-cf9c-4dbe-8228-ed7c3aa9194b	34142	86.69496	96.52916
6a266885-b106-4029-bb76-489420533d94	27630	94.07568	99.18178
6a2b4e0d-5642-4460-9dff-fa80e9af990c	26319	81.32297	100.13002
6a33396a-5307-4160-9113-e3a5a5e60c1b	22716	91.88947	98.25255
6a342611-c6b7-42de-a379-5aef30dac21f	41960	88.90692	98.24928
6a3835dc-05a8-4e4c-a248-0213785dfe79	26762	90.52394	97.53664
6a3a9da3-93dd-4337-bfeb-a3913d4f2f26	22397	88.17384	97.93488
6a3eb93f-7337-4849-ac6e-0723eeb788b2	24648	79.35215	93.41304
6a443bf7-fcb9-4598-a227-95879e1c100a	23232	86.29958	96.94621
6a47b8b4-2124-461f-88af-175667677c9e	23895	88.42778	96.74612
6a4da76f-07ed-4bf3-9715-8087e86dfb47	44527	93.44648	98.07972
6a515f3f-6612-4299-ba19-a7e742463fca	34749	91.58097	98.65365
6a54ac6a-d7d2-42a1-a9e6-e4cc0fe1a390	28421	83.55632	94.55669
6a598177-709f-4d27-92f1-ca49000fba07	26682	90.86545	98.67296
6a5c570f-d778-4527-8922-70739b234db1	24479	94.83436	99.26369
6a601a16-6ede-4fd1-8e5c-7cdea90639f6	23087	95.14910	98.70030
6a636d48-c801-4485-9534-38415f1a273a	68563	93.13025	98.87957
6a66a0cc-24ec-44fd-851a-6f44b2caa332	39462	81.23378	94.09867
6a671800-fbac-4db2-b545-002b914e4a36	45280	89.14356	97.75663
6a67bd39-4377-49f9-a865-96bafb58ae58	34193	92.43729	98.64392
6a6c0f73-0ea5-409d-9ecc-67b78c7feab1	34269	88.73533	97.30169
6a71a5d7-1876-4263-a2c3-5394528a1767	35106	95.21534	99.00209
6a750783-338b-40c8-9ef6-3f4161a86570	25492	89.35040	97.31251
6a89c22a-9626-4405-a931-de930d9a40f1	14951	94.14982	99.53886
6a9b0ee0-c7a1-4409-ac4f-51f69e61d5c4	47447	95.12337	99.49170
6a9e8769-bad7-49a6-a9b6-e00f7d37636a	24053	93.82686	98.60980
6aae21c5-b688-4932-8f2f-96110a311b08	25664	88.00118	95.92465
6ab23a20-d831-4236-a713-4c667cf5b241	57227	87.95560	97.37444
6ab4faf6-f70b-44c9-a741-870b9bd89d82	28806	94.95867	98.91563
6ab7c6f4-2a1c-4ba2-863e-7ed127f26599	50230	95.45686	99.14207
6abd75af-57e4-435a-8947-21a0bf5aff46	38298	94.17278	98.59896
6abeab82-5dce-41c3-a9c9-a8a042e5d78c	34925	94.09161	98.99429
6ac05ae3-714a-4cee-9e50-56a6216e036e	24282	87.46689	95.14609
6ac4069f-8849-4be0-b886-a8b4e95630a8	28836	93.98089	98.60339
6ac426b8-4ceb-40fd-9ebf-ab74ef2be8c5	39670	94.27723	98.31371
6acd2a53-6ca6-4c54-907a-d0b737a37459	21994	89.01820	98.44515
6aced638-289d-41e3-a225-252b2deb5884	40310	92.31693	98.24703
6ad195d0-4fa2-4b3a-9a9a-3dfbe2dbc8eb	24898	92.34131	97.38711
6ad283a4-06e4-4490-b5ac-568c2698aec9	34873	95.29471	99.09143
6ad2cf38-8eca-4977-8c39-417f7320ff75	42016	82.80677	95.72519
6ad552fc-d2b4-4ddb-8cf6-0dbe34f43b3d	46147	94.71693	99.43025
6ad75f76-94be-4aff-a155-7dc9052b7b9a	37281	91.97827	97.38784
6ad7cdc7-e055-4317-a715-f8b30ce85ac3	31679	94.25440	99.12173
6ad9e696-2d51-4033-a563-c8274c8b0fa4	31672	86.12433	96.28828
6adb4968-988b-4042-ae80-70a123db81a7	30360	78.05444	92.64136
6ae0cbef-3a77-436b-9c7e-ee5f9560abfc	34710	93.98333	98.99385
6ae3d069-a7d5-40c0-a524-ed07223599e6	40981	94.92060	98.70146
6ae40488-65cf-4520-9a6e-0ab0a86a2556	28824	89.88006	98.19008
6ae9db83-8154-40e6-afa9-67165471954a	66907	86.75801	97.45385
6af11b20-632b-487e-8ec1-3cb716adb0a7	23499	94.60544	99.60024
6af64106-a9c3-4093-b24d-eb141bf3e2fa	29586	87.10905	92.67549
6afc7f48-ef55-4ea0-af9e-a81c9e395004	22710	89.37450	97.45390
6afcacf0-76bd-485e-943c-6545271c9dbd	40465	81.94388	93.13954
6afff3e4-9c96-4b6c-a09f-87fae2494bc8	33684	91.16932	96.23236
6b0741e7-58d2-4b44-a4ef-ed29d737ee24	58421	89.18286	96.63658
6b0effdf-c8a7-42e4-9549-e5927f3ad60c	38460	81.16636	94.57034
6b106a3c-6023-43b6-b68e-775cfb3467cd	52634	85.34128	96.32997
6b1a040a-aaf2-4206-84d8-72cbf9c32ed8	30262	80.54046	95.58016
6b245d21-9573-4717-89eb-e5175d07224b	26892	90.69411	97.16930
6b26e5ec-e2a4-4685-ad0c-4dcf1af2c033	31467	95.03877	98.64852
6b2952ca-f0d2-4377-babe-f11613b434b6	58832	89.60621	98.20494
6b2ceae1-3705-401a-8d48-20b92e285ebf	44659	83.15068	96.11732
6b2d7d42-5271-445d-a197-943739d169a5	56113	94.70118	99.16462
6b2e11ce-1885-4d33-bab0-9ec8ff0f8961	55562	92.07994	98.55572
6b2e9a9a-535c-4766-9dbd-e02fc61e4646	24455	94.93910	99.40137
6b306bc6-5638-41e8-ac2b-343766693bd0	63849	93.71507	99.18503
6b33b37e-441f-4bb5-9037-79f34bb28416	36856	87.23964	97.83887
6b36e5be-eed3-4121-81a7-b0f2012476e0	22182	87.13032	97.56356
6b3eb16f-39e5-464c-940f-84bedf78dc28	43291	92.49166	98.29865
6b429902-5f5f-4282-b378-1ced0f1a17c4	39239	86.51677	95.00073
6b452604-98b4-4641-86ba-00d4b1cfbcfa	23443	91.63642	98.45960
6b463cc9-4dee-40b0-b25c-c7199bf7268b	30451	81.89916	96.09806
6b486443-34f7-436c-935a-186965b13c9e	29776	94.45157	99.09246
6b49475d-5a5d-4011-87dc-661e14c24cbf	33988	77.97485	95.20692
6b4ef668-c4f8-48f8-b876-844391b33440	61612	89.43005	97.87982
6b5696a9-a3a6-4ff5-8675-e9f310726805	25807	93.51789	98.74909
6b5a79c4-2593-4044-9568-cc57bbbbb3d1	47819	85.40904	96.81177
6b5e457d-2557-4098-bd08-ed223be2a5cd	38161	91.00567	98.29660
6b5f541b-8e21-418b-8220-943a8dc54003	16017	90.72292	98.59111
6b63dc3c-644f-48a9-a436-7565189d2e28	60248	91.07917	97.93668
6b6593cd-b4cb-45b3-9545-743c1fae0199	41517	95.10056	99.14123
6b6832a0-6edd-4ebb-a485-6d5e21b9856b	46826	95.95159	98.89989
6b704794-7eeb-4a5c-8abe-d39ff2fd5e96	29295	95.47605	99.16511
6b7efc1c-c657-4bce-8b61-f37df61c5952	30893	94.06739	98.83206
6b82598a-1a5f-4226-b2f5-58065a937205	39229	94.31469	99.19169
6b842218-cb13-49c7-8108-927e9816e13b	43920	95.02669	98.99740
6b84c7ee-b57c-4e25-94cc-5fb4ee8a5d3f	70198	80.82999	94.09688
6b8939e2-f3aa-41b5-bfde-b6d4521ec543	26399	83.45777	96.17652
6b8e55b4-a275-44fa-a68f-9161c0d20c11	34512	82.86248	91.51009
6b924bd7-c63e-4637-9d67-5b7b997a4a73	28141	95.77613	99.44726
6b93b39b-0f77-4a38-b404-97443f177dde	26409	94.92049	99.29471
6b93d95a-d556-4747-9051-a56507cdd76a	30087	96.82033	99.62491
6b96cf27-94ed-4922-b5c8-c96a05875a46	35266	94.93340	98.85396
6b9c9b7c-c6c4-4991-b449-4e7d1e31ba54	26447	84.74032	95.85044
6ba945a5-8f57-4889-be86-7eb7752a4e29	44584	94.01324	99.31443
6ba98310-79bb-4a7c-b5ea-5ffff0d86e96	51391	78.33177	95.09130
6bb33303-aabf-44dd-827f-bbc64ffec699	56749	89.79196	97.63341
6bb8eec1-4002-46f5-81b2-8d0cbf5906d3	68877	88.63684	97.65421
6bbc1277-fc4b-468b-a670-722fb84500a9	47466	89.40312	98.45962
6bbd746a-fb59-436e-b5da-7886ca2fed4a	26301	95.02186	99.19395
6bc0ba1e-77e3-4524-9d43-662e2aad890d	24571	91.52455	98.42764
6bc1b241-e8bc-42e5-9854-5d5f76e8e829	50883	92.18866	98.70970
6bc38182-2322-4f06-81c6-f4cce849c002	26703	95.04241	98.98521
6bc6f53d-f69f-441a-bd4e-a4e33f5738ad	41022	94.73533	99.14511
6bc9ebb9-11ec-4327-90bf-aa4b8e8052bf	29381	94.56311	99.58869
6bcbf256-4456-4838-b672-eff3b51ecd73	57413	93.71187	98.82613
6bcd347c-4d68-4db6-9d07-98e1f162ff76	42556	91.11413	98.41965
6be39714-076f-43b7-90c0-02833563ac01	24088	92.93389	97.82236
6be63652-1829-4e35-94e1-9d3765135571	25415	90.67867	98.51345
6be63751-681f-4a66-bbab-57740ed80903	23604	95.12775	99.27830
6be69740-99ba-45cc-8e86-988278d3a5da	65895	94.05952	98.82874
6be7b430-f99a-442d-9023-76464ee42dfd	54793	95.36247	99.16988
6be976bb-37bf-49bc-a93c-9682d90d7696	73936	94.73399	98.77367
6bef687e-1abd-47fe-a78c-44678243abae	26291	84.97876	97.76392
6befa984-88aa-4fc2-923a-57c862a73e55	44633	94.52327	99.32973
6bf518cc-9716-45bb-972f-43e228d5349f	24371	93.55369	98.75605
6bfb3fec-2f85-4d0e-b7e6-936d4c929846	23349	94.51974	99.65704
6bfbd745-26d0-494c-8a31-8bb07be73765	29075	80.54853	97.38613
6bfdbcbe-20b7-4eec-9fd7-79f88c178cc4	47052	84.03932	97.02946
6bfefce1-aace-4b33-b2f4-4a6bed9b16db	23387	91.40865	98.67819
6bff8436-e2da-4a8e-8a71-c8fe51487457	27914	93.66646	99.04999
6c015caa-a9bd-4aab-8b09-cc866e799168	35237	94.52633	98.81702
6c050839-909a-4df8-a314-b4cf5fcf574a	29413	89.36813	97.84494
6c0e18e1-603a-4a82-b859-cf986e8b612d	22450	84.82248	96.71628
6c1038e4-3094-476e-9f04-3fa41f1b8f1d	30856	82.02753	93.12975
6c14eb9a-7adb-4a93-858d-18424ff3d09a	57892	85.36593	95.19015
6c166d01-eb65-4b30-a720-18ed169a7cf8	33531	89.68788	96.75142
6c1a4579-ef0a-4d2c-9da4-0967653cba4a	29039	90.11873	97.41579
6c208e74-f8d8-48bc-ac5f-238da996f514	26020	94.27391	98.80059
6c288153-02c0-4462-8998-6095ece4c13b	30505	96.26005	99.09464
6c28ee93-1f39-4297-8314-b24b8720e87b	47408	91.90117	98.44950
6c2e2b59-79c3-43a2-9148-24f91825ca27	41524	90.17664	97.35376
6c4046f1-3d1d-4af9-b63c-3db2bab200a6	27450	81.21121	94.88380
6c41c847-e42e-4f70-a2f4-82b86f5829cb	38233	91.19555	97.82798
6c42b9e3-4d8b-45d4-90b8-3dd23482430b	28347	96.05665	98.99870
6c4338c8-f6de-4808-876a-4c36e98452c2	19863	90.81324	98.92216
6c48fa04-23a8-40a6-b18c-a8ad627c6688	25345	93.80514	99.28484
6c4c82bf-3ea7-4d6e-8bc0-2729d3cc9592	41835	94.68317	99.23720
6c4cf517-384a-4f8a-9a91-3aae3d534c54	39699	95.12467	99.69806
6c4ec28b-f3fd-4f5f-ae78-cc424a0fa83d	58263	81.95065	95.17341
6c5299ea-1272-4cf8-9011-cc0dde679c3e	22423	95.43419	99.17891
6c5ab99d-62b4-4b19-9030-58f2d7d56d3d	37616	95.73812	99.17829
6c5e2a7c-29fe-4eb1-9aeb-f76ee0b4e081	58367	86.79536	97.16592
6c6798fc-4549-4cc7-ab21-128acc6e5483	24114	94.35881	98.78199
6c6a1630-9709-47b2-9437-92a2c927b91c	32501	93.36890	97.79252
6c6a8556-16ba-4aff-b6ee-1966b97cefe1	44577	88.22764	96.96422
6c74fb97-672a-4492-9af0-4255f43bcd4d	56919	85.95098	95.90869
6c75e0fc-5677-48d1-9cf4-ee0e616714db	24121	95.96616	99.15859
6c820225-0759-4aca-b9b9-b5f19643beed	25659	89.60612	97.78237
6c88a73a-bd7c-43a2-b1fe-ac33217cf31f	34399	85.64972	97.86615
6c8ed0c3-4609-4b48-9483-a46babcb72e1	51370	84.20610	97.60715
6c932431-ab33-42a6-a11a-b0144709de5c	32805	94.99505	99.66200
6c9c3a9f-aa19-476d-808e-9a8816c1beb6	36982	87.67529	94.28389
6ca16a53-65be-4127-832f-c9d5035ff209	25680	91.08900	98.71523
6ca351bb-f630-4b0f-a03d-83c90e58595c	39734	92.12900	98.60931
6ca62118-7210-40e7-8f0b-6f05a0afb390	46661	78.45411	92.01028
6caa72c6-6acb-41a9-ac1a-15d641781e1f	26484	92.65228	99.48325
6cb1b44a-a7e1-47d1-b92e-cc6e6cce617d	44584	93.31459	99.02092
6cb53809-2a89-4a85-85bb-75f6c0f615ef	53809	92.10574	98.27728
6cb72293-187a-45c2-95f2-a5a51caaefe8	57911	79.45407	94.01605
6cb7382a-8912-4bca-8a00-2daae4797603	23888	93.36110	98.73953
6cb8c9c1-cd42-472f-9112-61373f9ebdd2	22205	92.87360	97.45352
6cbb2c97-a3d5-4653-a34b-5fe95ae320ab	29540	91.79887	98.23953
6cbfa721-dfb4-4543-bfc9-557176265fbf	25344	91.72336	96.82034
6cc551b5-6782-4654-9627-3a392cc5604d	22414	92.79701	98.64453
6cc7567e-8c28-44e7-9a31-b9140604c0bd	30957	94.00815	98.99923
6cc8630c-6f19-4c04-8b16-071091c22a8c	22780	90.76786	98.34525
6cd75ace-4330-41e9-a649-2c62eb3ebd3f	32966	95.03840	98.96774
6cd9a9f4-a777-42bc-9e5f-4b5c2b49623c	42877	88.39602	94.24819
6cdd0862-ecd3-489e-9622-27db011ea7ed	40152	93.28334	98.85214
6cde4d74-7187-4b3c-9779-cf9253611327	32629	96.58896	98.90367
6cdf6f8c-14cc-45ee-8de9-1c12319e2fd4	36053	86.09120	97.04842
6ce04051-0cd2-4092-8150-ec789aac3f12	37543	94.01420	98.84169
6ce1fd27-c494-4150-81e5-aba57d5b2b6f	32198	92.10169	98.65164
6ce39b12-4ea5-4005-b278-14f956fe2b2a	25631	94.60552	98.70993
6cf7fe5d-e569-4174-b017-447eff2460c2	26298	90.68982	96.99730
6d022d2c-506b-4bca-9e09-ad7e5d5fd245	27292	92.12545	99.19440
6d02b8c5-9237-44e0-b142-e630d33144c1	53706	94.52634	99.03610
6d2b01ee-d2e7-4855-a98f-351df7faa9f1	26310	87.14079	97.25295
6d335ca9-fdef-464b-ad3d-f4017b10b865	51350	72.45639	87.52991
6d3799e5-04a5-40dc-8deb-878e3ef572bd	22543	95.10801	99.22693
6d38e035-0ab4-4d1b-acfc-af7639c17039	38883	91.98879	98.01410
6d399c28-84ee-4ed3-bfc1-b5701c6e4062	34796	89.29293	94.83277
6d3c3518-c7f4-4518-b3b5-7618aeca0c5c	22393	84.19358	94.18280
6d45ce6f-3574-4e06-9ee7-a524b1e4b768	38668	91.13971	97.91249
6d4cdd0c-b2ec-4ab0-a05d-b1be1731599b	46955	90.86432	97.06863
6d526702-dfd5-4bed-93cd-9e6b84eceef3	31524	85.13226	97.19886
6d532a9a-a0d8-4776-957b-7aa2f3f31826	27377	93.06857	98.85923
6d53e4b5-5298-4dc0-a578-f576f6d0dbcb	24663	94.95715	99.01186
6d53e7f0-7823-493e-bd62-57898e86b21a	51333	94.54792	98.88109
6d5f7221-b532-49e7-be53-37d156f40e1a	33835	93.71409	98.97666
6d63434e-b619-49cb-84b0-7f319b376fb4	33655	86.98146	92.86485
6d6a3f71-5ba5-4b96-a38f-b090b57c9cd5	13482	95.58445	99.08754
6d730ed4-ed34-4ecd-baa2-9d38b87559fe	26304	92.90246	99.04115
6d7d1c74-c8f1-4766-a5c2-1e2d164f5402	32440	88.40512	97.14148
6d8041fe-754d-41ef-8424-6abf0d36748c	28165	89.83350	97.60058
6d8589e9-2f60-429d-8128-dee362160ad9	40227	88.07603	97.75725
6d86bb6c-e514-4186-995e-0db67aef7829	42070	86.25789	92.60444
6d950c1c-8619-4fd2-93c0-993416b31ce7	28059	93.42631	99.34243
6d97c9fc-57a2-44be-9779-250f1442e73f	26268	85.10297	96.32234
6d97dadd-33fc-422d-b9cd-70facdd29125	23498	91.92914	98.91869
6d9d2a42-7309-4d5d-a516-84b81d61ec77	30828	84.03369	96.71142
6da1110a-bb83-4220-b6ab-954fee051eb4	41653	90.79120	97.23606
6da5ba2c-532b-4024-a96d-e21a404a4a14	29014	94.44275	99.52877
6da62fac-2c27-4be4-a3d8-e55ca0800090	25337	95.71617	99.19105
6da9e996-dfeb-4aff-b39b-e107736d6143	27355	86.26679	95.78607
6db0ed28-28d5-425d-95db-f00e0ef7a2d4	27899	91.59760	97.83732
6db12747-f93c-4600-b1b5-bfd1cedd9429	37603	90.45369	97.74577
6db28aea-79c8-4396-880b-52b9b97c939e	83053	91.41170	98.04267
6dc06409-365f-4ecc-9190-77970eed2b37	24598	91.56773	98.32371
6dc7d12f-e03a-402f-9c8d-891db1cdf20d	26199	93.14603	98.94314
6ddd078c-6097-4f37-8750-18000a176452	48368	91.81088	98.72975
6ddd14c3-1850-48c6-a65f-c9b7d5a299e2	24527	80.18170	95.96999
6ddd9279-da1b-4357-b203-70b2471f41f6	26506	85.71328	96.27512
6dde96b7-1c6e-4c75-951e-30cb18ac4f06	25426	89.70313	96.66934
6ddfc320-ed23-4bec-ba2d-fa7552b89e38	25411	94.99575	99.10403
6de00be1-b562-47b0-bff4-65dce807b4e5	35090	93.93603	98.41194
6de27659-42c6-4707-a7ce-4ae0650a84dd	35179	95.36444	99.34052
6de89cc1-407c-46b1-9071-8a34724971ce	28064	95.33301	99.45629
6de9749f-de44-44f2-adb8-1e767ed8c3aa	31954	96.30464	99.22794
6ded47f6-dc2b-4725-9604-09e71e862fab	30289	79.27435	94.44079
6df7823c-dfbd-4702-bbad-d77ce115a6df	47538	93.77666	98.86695
6df7fdbe-4164-4c73-9542-12102389a57c	26502	90.58494	98.42766
6dfb5f20-66dd-4632-bf06-e349b10bc452	30055	88.34645	96.74558
6e0982d8-c192-499f-88a1-1011ec1d5e69	48682	76.16674	92.62576
6e0a5d90-ba1d-4345-abcc-7d0b8d040b89	53656	82.38431	96.54370
6e0e3ec9-0120-41ed-a2a6-d2287a8b77ed	25257	94.68882	99.07145
6e14a581-87da-4026-b253-9e5ee0e1a9b4	22675	91.82738	98.65479
6e16dcd2-afec-4566-b584-256201f42f48	39893	80.37940	94.28896
6e185fcc-a6d4-447b-b658-29c90266421e	65227	90.55368	98.28684
6e2e2aa1-ee8c-48c3-913e-4da4a6d855a4	24180	82.40383	95.34157
6e2e4748-2808-4c5a-ac09-c0e39011697d	75759	90.98429	97.62685
6e2eaf6c-1e0a-4da3-b850-31bbd953d0fa	48959	95.64546	98.96936
6e409b81-9eb7-415c-a32a-ab0eb5e06b7b	22459	94.75829	97.90035
6e41ddfe-1d24-400a-9443-0804b52fed2f	37882	87.58759	97.69306
6e4cf248-2e15-4f59-a327-e03f807d5b3f	28239	86.31774	95.67285
6e4e39be-b654-4e7f-83c5-f0f81411c504	34660	93.40412	98.63389
6e4e7db3-4ab0-4c44-a662-7fe2dbc4f462	23375	94.56795	98.86648
6e572cbd-f5dd-4dee-9a04-c9e8f339c3f0	27790	94.47422	99.09536
6e5f7f72-76bc-405b-ac42-79d50fc880c1	24482	81.46539	95.33101
6e614fd6-9948-4295-a49a-fae4b4b07c70	37919	96.46045	99.38289
6e62490e-368d-4a3a-8714-8feb0bfa4eda	27429	94.51248	98.86462
6e6a2f18-d7e0-4150-a1ca-dbd25019b695	22557	88.76775	97.55378
6e6b55ce-0729-460f-9e6a-fdb053c54d89	23199	90.70651	98.67595
6e729037-89de-4278-8642-4bc30c081a6d	25480	90.55791	97.81025
6e732002-a0cc-4d97-8bc4-0a2c69459072	38501	96.29041	99.49503
6e79a535-b759-4e64-b483-8fe86e27b2aa	42306	95.08254	99.09891
6e7f5781-45f4-4fb1-85ed-372b22ae5f1d	26078	89.51960	96.66890
6e85d16f-94f8-4383-bf10-2f3ff6416786	48919	95.01042	98.94856
6e91003b-9e08-4759-8b92-733b2d4e3ef6	41620	95.31961	98.99697
6e9b2500-c4b9-4d5c-b249-f0919e259f2b	22663	78.64089	86.55652
6ea41d86-52d2-40fe-9d20-51d29c970139	22401	95.13749	99.24411
6ea45934-dfca-4296-9922-95f86e52fa4b	68407	86.14733	96.14014
6eb2ec15-135e-4cbd-9791-887c51c9e298	38650	89.38665	98.09311
6eb3e0fa-37a3-485a-a4e9-d616e3801d31	25697	94.89925	99.38693
6eb700bd-7709-4bb1-acdb-31b6a70c1281	31549	92.23921	98.11633
6ebae697-74be-44eb-8ccf-55437f532424	28805	91.40604	97.75908
6ebdf209-a992-44f6-ad7b-f063a4ba08e1	22486	95.04916	98.98793
6ec38b1f-c700-4caa-950f-c0da4f485b54	9800	94.21058	99.02498
6ec4098e-97cb-4f80-8303-a0624118adf5	23880	81.92339	96.01341
6ec667f5-38be-4094-b759-e1b5d0358ed5	27086	83.32478	95.11851
6ec975ec-d598-47f1-8dc0-3364b34e1952	23524	91.50655	97.21957
6ecd4359-08a9-414e-a9bc-d155b0fa78a9	45460	94.37305	98.96649
6ece2637-3064-41e8-8e9d-fcb0d52cbce2	25340	87.00615	96.26101
6ed59f8c-ee73-4d78-ba16-e881b236e0d0	42022	92.21443	98.02758
6eddf8b0-e5fd-4f1e-917b-f919e18019d1	27840	87.96578	97.32861
6ee66ef6-3500-458d-bb64-d12062119684	36038	84.45927	95.24882
6ee93091-3db5-4422-8a84-6f580ca802b4	30826	84.20796	97.11557
6eeb3b1d-27a9-46f2-bc47-d524d9a6f2f8	46692	95.16865	98.98651
6ef16995-1e03-4b56-aeab-277b57213eb3	29222	85.00965	96.76787
6ef63f2e-646a-4a35-a1ef-42c5e7e90616	50089	93.08578	98.54150
6ef71ee5-2569-4e8b-916b-74ec0656115d	31669	93.44399	98.87633
6ef82421-ec75-4e12-b53c-2abc5b143d7e	33695	92.09896	98.47686
6efb6e04-01a1-4ce1-a408-057d29f4d8ff	36456	94.60055	99.01726
6efe3c6c-8a04-44f0-a472-123c0c088185	23412	95.10284	98.64288
6efe4c4a-a627-4422-a823-4d805078fa0a	24890	96.29820	99.24785
6f02dd6f-a776-46e9-9275-858f041c97f7	37087	93.09187	98.56405
6f0d0439-2a91-4e16-8e0f-a51c89f0129a	22829	96.17078	99.11539
6f1a9e69-9ecd-40eb-83df-43ba35dfc04b	22562	94.82347	98.62683
6f1c1c49-ebee-4770-ab36-25c994356fe5	29033	92.50980	98.61385
6f1e4a90-a136-4360-a33c-aa3e15a9438e	29767	96.47668	99.33762
6f1fe50e-256f-4bc7-b55a-cb0f8ec6ccd1	73746	79.89262	94.39197
6f2031c9-e116-41bc-a435-efa6d6237909	29412	90.46907	97.24637
6f303044-3720-49b7-b4ec-4f3cb6aa0c46	25075	83.77846	95.58773
6f31dd1d-a5a6-40cc-945b-acec112071b2	50108	77.88289	93.25539
6f31dffb-abff-45f1-bb13-eb1fd57dc87c	37095	89.77102	97.89716
6f36e78f-d5b8-48af-8135-45679b273374	22230	95.10056	99.50112
6f3d2cb2-780a-401b-a04d-3bdff50201e2	26111	95.12442	98.65474
6f3e8baa-6978-407c-a552-b4b0b84025b8	29251	79.97512	94.09047
6f3f298b-df9e-4264-b6ec-78e5c6f86c9b	23127	94.57506	99.21633
6f432da3-cad4-46ec-be6c-bbded5885e41	25401	94.27528	98.62934
6f435a88-d5a1-478d-a996-84a76a51cf5e	53947	89.94302	98.07654
6f435ac7-8d63-4eea-840e-23f56b0783fb	31228	81.83145	96.85177
6f441192-41fc-4032-84e6-e176c4dc7ba3	30907	87.51745	98.68990
6f449985-d941-43dc-a311-37ea8c24d7db	27908	89.33987	98.56475
6f465539-30fd-40f0-bed5-6cc947cfb9a9	47418	89.10563	97.62485
6f55ab72-9003-4c70-bc3d-0714a2310a70	56657	94.15947	98.49514
6f589e98-e712-4b35-ac2c-802b792cec63	35659	88.78548	98.83799
6f58b9f6-7c64-4934-a9e4-8b5f61a17284	48237	94.55748	99.03366
6f590dd3-6056-40d0-85a7-0bf79b3d7fde	24682	94.85825	98.93476
6f5e9835-7df4-4907-b455-51b9bf552e21	24807	93.73205	98.79393
6f5f56f0-90cf-491a-985e-26be92c84adb	56251	79.97830	94.14391
6f60386e-4d7c-4b2d-9fe1-645bd6102ef2	27882	93.59518	98.86461
6f658d62-ab7a-4b5e-8141-0e1c21dde151	23520	88.53104	95.82208
6f6671ce-e7c8-4be3-ac23-19b8fbe55055	30988	95.43380	99.07704
6f7aeb22-7aa5-4fa5-abfc-c5a93605dfda	16954	93.55672	97.24154
6f7bec45-bfb7-4b10-bb40-4e3d580fa5b9	36054	90.62942	98.13724
6f93efd6-6139-4e00-80b8-d7f626cd7bcc	36495	79.55082	94.95384
6f9dff9b-bce2-4e58-a3de-b0b520c00cce	30309	91.32733	99.03304
6f9e9964-65ba-4892-b294-79565fac29f1	34936	92.09375	97.46959
6f9fa7ab-95b8-4e88-b365-90aabec3b98c	50057	84.61191	97.51630
6fa2cba7-bcde-4cac-acb6-e089172dd7b0	48129	94.28635	98.62086
6fb2d30c-fed1-426c-96c4-d59a82af5cf6	33172	87.42946	96.10024
6fb4ae83-2636-4727-9e55-6c0fa67b9bc9	35366	95.95507	98.91237
6fbacd1d-95c6-477f-80b3-1db17c2413af	24730	94.63621	98.86140
6fbfcb05-9806-4ac8-b987-6d46b256ab2f	31849	90.14649	96.94575
6fc1e373-a3e5-4f13-94c6-d62b232431ae	24036	92.98466	98.44308
6fc6371a-bdae-40d8-b9ff-0ddf0e345efc	48155	90.85369	98.42892
6fc7f465-d3ac-408a-93a8-06849689be39	27060	88.07285	97.30061
6fcccb54-f3da-4fb7-86bc-fca861a41cdf	22382	91.09324	97.85479
6fccd267-8664-425f-bd42-c2a0e784f277	23050	93.53135	98.40617
6fd04f2b-f855-4cb0-8fbd-a09a0d3fab39	33487	94.56216	99.08643
6fd4b922-67f7-4d55-94b4-95e6ab67bb8a	23880	87.78545	96.06671
6fd4d4b7-3c95-41fc-ac68-4d21ef016fe8	26480	92.85112	98.30912
6fd63189-f1a5-4174-a54b-4dfd4358497c	26605	91.76152	97.45455
6fd810f7-479d-4239-b339-d9b50ecbeeee	24358	93.66069	97.24014
6fdd4438-10e0-4368-83a6-ece80956e860	5593	94.32926	99.62149
6fddaadc-1c2a-4b12-93a6-9c6c53be7e60	29310	93.46357	99.61127
6fde9332-047a-42f4-83de-aede93a83070	24665	93.38604	98.90583
6fe3d743-88a1-4ba4-b53c-b66be96856d4	22769	86.52976	95.66428
6fe59222-f0c0-4ebe-adfa-ac7fc59b16ee	26258	94.89468	98.87042
6fe875e5-46e7-4d51-b2b0-4d7022f000a9	40046	91.13976	98.59405
6ff0d207-b1b6-4324-8440-1b99e25c82f5	26075	92.61565	98.31920
6ff2d316-fb61-4d11-9280-265d7d98fade	25340	68.30879	71.71746
6ff2e7ea-5962-4cc4-9132-c42465743b6a	45231	83.58592	91.53588
6ff5cd71-6de3-4c49-8c84-66a105820988	34833	79.03197	91.40722
6ff5f7b7-cb49-4b23-b2fd-8ad5d686c6c2	56139	86.52067	98.21720
6ffe930f-7afa-4161-9ffe-93ef5c28d892	66007	92.26607	99.06371
70052269-8235-4eac-9965-5a93a50a714b	38864	89.87910	98.06510
701b6efe-ce73-4eed-8f84-f98fb40862ab	55647	83.51057	95.53923
701d5bed-c6cc-47af-9d7e-b7c24dbb9d3b	34049	90.96213	98.36867
701ee253-cecc-4822-b019-786c388acf9d	22778	90.21813	97.72443
701fc8bd-a618-41de-8ca0-ab2fbf21b89e	34269	89.45234	96.45660
702f7a5d-9f53-4b3a-9812-4621d6eeaf1a	22548	94.89574	98.78220
704233b7-6157-4bd7-9790-16cd087fb862	33122	93.54354	99.03169
70470c5f-ad86-4067-9eb6-a244c4099d3f	51324	82.14888	94.89369
70497ac6-8684-4aa4-a019-75b8c4ed7d0c	41456	89.39018	92.73387
704b75f0-a086-4b76-8e0d-9470c5f92a50	29724	84.35600	95.96630
704f70b8-d58f-43c3-b6e4-568f7d118bf3	47660	86.54173	98.03104
704ff8f5-5516-44f9-b04d-e9e18f038137	26899	93.80039	98.67898
7051a02f-a5e4-44ae-ba9a-0457a5727708	33644	87.06804	97.81005
7054ddce-c620-417d-94ba-529b636dbac8	36095	94.27463	98.96953
70570841-6c23-4e13-8530-2330652ac4c4	25432	84.30882	95.54732
70579f64-d259-470b-b726-b41ac9f23870	38063	83.45044	97.32212
7057d22e-dd83-4e7d-b541-a3e7b333045c	22802	79.09711	92.71578
705ea34e-3c60-4c27-9524-9f446eb673df	21727	86.31330	97.65477
705f5401-251e-466e-924e-f48ceeef4443	22223	94.25683	99.19796
7061a272-dd1f-430a-80f9-39229b45b654	42460	95.24799	98.93309
706fea20-4f8b-4f0e-b3e6-ecaa4fd445a1	22712	79.71867	94.14191
70748c6a-97eb-4852-836c-06918de6dd49	46047	96.44422	98.97089
70750605-d5c0-4d9b-99f5-e84943e5a566	41418	95.48967	99.10119
707f4247-b783-4a18-8b90-a86a31189b9a	43599	93.60585	98.57023
7081f09d-85c2-4edc-91d3-110dd3a67781	31793	94.71999	98.77236
708c5045-1a5f-425f-83f6-481eb49e0742	30666	95.70975	99.08655
708de233-eaab-4edd-b0f3-e8e59419de00	23214	83.89973	94.80956
709a0dc3-fe5c-4e34-b57b-8178cded9f8f	22433	88.67204	98.27510
709a4ab4-6030-4225-b1d8-19bf3157ea22	37097	75.66895	90.93126
70a2e345-7d61-4013-aae3-7dce74866ef5	21986	89.50363	98.36707
70a636fd-591c-4956-975d-e985555b98a4	22954	93.69049	97.97824
70a978d2-86c5-453d-b16e-ca5196900e09	20665	95.13508	99.22357
70af5233-c3ab-4d33-a22f-3dd155d2a4f1	34614	88.30629	96.78586
70b00240-1e60-4ce6-8ed4-fbb8a612bae0	29273	84.06516	96.17301
70b10ef7-2598-4e50-91fb-16e1fefc9369	32998	88.74738	98.17190
70b23309-b3d8-4dc0-938c-ba9cf10bff1c	47284	95.86504	99.12264
70b68e3e-ee6b-49db-babe-b69e7f2c8e8e	28866	95.31091	98.87741
70bae084-d040-4179-90fb-8082936566c7	23662	85.19490	94.46986
70bdea6c-bd42-4782-a959-4e5151df18a4	54248	91.98891	98.18554
70c08e06-8597-49fa-949f-a8b50f7e6e17	32282	96.20234	99.27259
70c4de9a-1d50-4627-ae45-bf436c8218ca	45959	79.03059	93.88671
70c63239-5d55-4db9-8378-7ab08fe3be84	24578	84.68048	95.36535
70c70f02-764a-4739-85a5-02ea98a6a236	35148	79.93251	89.84233
70dafaa4-61e6-44bd-8768-f9d96171f8a7	45994	85.44146	94.93619
70ebcab3-8473-4791-9905-f0c1009e1a6e	26356	95.80751	98.91959
70ebf173-daf1-4ac0-9cd1-311eb64a9daa	35753	95.38525	99.36774
70f01d14-45d6-42bb-9fb9-8eeb964739c2	44174	93.08385	98.60157
70f3d41e-207b-462f-b78c-e4ba446dcd4a	28290	95.26216	98.47475
70fb4f8f-ece5-41b5-be2d-a69884f073cc	26923	93.70835	98.69533
70fba785-f41e-4440-b189-5adf80031d5e	30648	88.40987	96.66856
71005c46-48e5-420c-8d92-17e920350ed6	31384	93.21137	98.12410
710148ba-7fb6-4ace-a0ea-df0243ea5c31	23161	95.12288	99.13697
7108a5a1-db6c-4d67-a147-61ced42e99ad	26242	91.81358	98.75090
710c0d22-3374-4f3b-ab34-18f3dba342af	49958	96.04794	99.22618
710c38e7-f7d2-4305-8d88-6fcbea10d4b7	38795	85.43745	95.61053
7110c8ff-a0a2-4559-a3e1-cc887658d5ce	29790	82.36231	95.76927
71192364-2246-49ce-8b0f-2a2531889540	22559	90.50497	98.91797
7119cae1-5a19-454b-bf86-2e4bb39318e2	29946	93.39180	98.93673
711f47d4-1133-4089-8630-912b14063558	30045	77.81636	94.17806
711f7fc2-7637-43d8-8f6f-2532a27d7797	30073	87.19038	95.21089
712e61eb-bc33-457f-870f-6efedc079f7b	27760	94.60603	99.67506
712fc980-ed23-4038-848e-dd41d5d79a49	30421	88.68665	95.62559
7133a513-6ece-435b-9d30-934b44cd282d	41636	86.44567	96.97437
71379368-66ad-4a50-9a3c-d5a7c3f12702	25364	92.10977	97.93176
713e6668-0dbd-4fbd-9eb3-b7298a89a6e1	77549	94.47912	98.63242
7140b785-5c7e-4f57-aad8-0fef4908d60b	43635	87.16574	96.64225
7140c89d-986e-4d69-81be-01a70d4505e7	27779	89.90788	96.79768
71495434-d128-4d19-8a2e-67d086ac4abe	24666	84.80906	97.15689
714a4186-3111-4a2f-9998-0e2f1f02bc20	27663	85.37084	96.91019
714e747a-c57f-4178-afe2-dc44c18d82cd	51906	92.46087	98.58292
714faf99-c634-45c7-94b9-87c5a9d585bf	34926	94.65767	99.44352
7157f747-ea40-4e08-90c6-a13e0a943dce	35883	93.94475	98.52937
7158234a-ffb9-448f-ba72-cbb43b51ae62	38901	95.08855	98.93487
715ffe8e-5a45-4037-8074-4f27b0823981	38935	94.58985	98.72505
7167e2bd-a7fb-460a-98fd-98e9b2b21dd6	36686	95.40435	98.54355
71690c69-7eba-4b2d-a48d-efb6eab17a8e	49560	84.83187	95.97018
716b1173-52d5-4049-af6e-7cdfc3d510cf	43542	90.56291	98.40616
716bf705-a3d9-48d6-a8b3-24516f6c8c23	21990	83.04792	94.99327
716c30ad-709b-492e-ab77-6511d97558c7	30257	94.92603	99.18173
716db996-0870-43c8-8ab2-31711fea8902	33115	95.71068	99.13226
71750ea6-bd39-4d01-b239-d0ecbf91d058	22669	94.56555	99.27201
717723bb-a35b-46a5-9e21-366a3ff0f88b	31356	91.15158	97.46962
7186ced1-817f-45c4-8130-c8cc777d5554	42072	90.48722	98.73031
71876d09-f9c0-461b-8e70-bfd6219a999b	9677	93.53209	98.93355
7191d1a0-d514-4950-87b2-cb4fc4ee7047	9444	92.42190	98.52972
719573dc-360b-475e-8f16-6f4fb8d56580	24482	94.56995	98.68974
7195b0d8-1bd9-4537-9c9d-76b5e5feb9ce	47522	95.30455	99.24891
7196d38e-cd03-4fcd-bfd8-a42ad1ce68a8	22748	91.81979	96.70466
7198229b-07f6-476a-9cf3-69bad46cf606	26492	84.60169	94.58966
719b5e4a-0ea9-44d3-9930-97bbb997734b	27061	95.53406	99.47312
71a37fe2-ea5c-4ddc-967e-2501869516dc	28400	95.43770	99.27790
71a52f4b-e6fc-4d8a-9c67-70598822c6b8	39896	95.45735	99.16814
71a9b115-9a96-4685-89e7-bb5c33b6f57d	38818	92.74999	98.97047
71aba576-c78a-4da1-afe1-266684da02d3	23520	88.14340	98.22545
71ac1125-8c0f-48ce-8b05-cdd77d880d63	39963	89.71682	96.11557
71b258f2-778a-4f8e-929a-5c42f6e49c8b	30837	94.87375	98.99897
71b363cc-1838-4d14-b0c5-5ba3c1bd7990	59407	95.48723	99.23562
71c4d791-d398-4da4-bf68-ab3b282c8865	63714	91.04668	98.24171
71d50b47-1c05-4071-877b-755659da2659	47637	94.44262	98.95523
71d671e0-b335-4636-9ce6-8f0ca4b7da09	26259	88.68652	97.30192
71d8ead5-cf46-41ea-baba-7d4fa0e8b472	43900	95.36079	99.68832
71e4ce84-7411-4a9c-aa06-00f88681de77	15249	95.90560	99.03026
71e7677f-7caf-421a-b058-ca3d88a53967	23561	89.34449	97.18782
71e9ed00-6037-4804-b051-8db62517d81c	34298	92.25982	98.31503
71eb801d-5244-4a52-9819-2c9786a8bc94	30529	92.42074	98.05362
71ec41d3-c8f2-4317-bc3b-17c690f98df3	23909	96.07819	99.16362
71ed48a4-cb11-44e9-b86a-f78f5540e8fc	46774	90.30727	97.47306
71fbaf65-37bd-471a-b2fa-e100f351fa3a	54943	93.41881	98.73972
71fd5dad-54cd-4c55-8950-520745f788cb	43531	93.66685	98.35261
72027890-f39d-4fdf-91a8-e409dc84701b	44846	90.57493	97.19728
7203fa56-de3e-4dd4-bf02-92e0131abb1c	29900	93.27001	98.47800
720b7936-c07a-4856-8f69-94276691e965	24797	95.19280	98.88649
720de918-2a10-4b49-bc48-907babd95ff2	26654	94.97034	98.88636
720f21fd-c818-4818-b75f-cfa0be1f6dc8	28146	94.42512	98.79963
7212a99f-3829-40bd-a11e-88cb857b255f	41036	89.33019	98.24254
7215cc0c-5c27-4ed1-ba3e-44be27fa2fef	46287	89.07882	97.64191
72173cac-97de-4915-b755-e6cca1174fbd	24506	95.76785	99.03866
7217b363-bed1-4bf7-85eb-03dbd43818e9	30412	95.08440	98.59256
721efd3a-ad55-4f95-9f67-9c78304d1a88	60463	92.58503	99.10708
72207f31-b421-44d5-92a7-e4d6a5c12e29	27759	93.08990	98.66690
722428e6-e1fb-4a45-9a01-6334062282af	41096	96.20274	99.31482
722a876c-14cd-4b1a-9adf-936553b7fdeb	27393	92.96972	98.12466
722a9fec-b71e-47da-b855-2cb75570953d	32030	90.18389	96.16184
722bf36a-607b-4df6-99a0-fb95e29ba4e3	33586	94.26406	99.06277
722d2317-8e2f-4840-bf70-98293a68fe42	29308	95.46537	99.03426
722e34dd-9433-446d-a9fb-13e6cd6d54e2	25012	93.05770	97.68025
7231d75a-4e5a-4c57-b895-fc0d2903ef59	80808	84.46413	94.89091
723dbab4-16d1-4228-8c25-fea97ebd692b	51291	86.40182	96.18094
72447bad-0f02-4cbe-8e2d-34a5a4dd8be8	31181	83.65746	97.05653
7248a213-4e99-46a1-9429-03140ba7447f	38604	93.05524	97.00214
724e0262-6962-423b-8b92-a3428cd93c51	43935	94.16976	98.98213
7253b005-68de-4001-b095-35feb7006bd0	27590	90.77230	98.51014
725a59b5-34c5-4c5c-ac62-78d1e8936bc6	51396	89.35126	96.63886
725a9513-0656-43d4-b77a-2b2c7ef80687	26024	92.26493	98.65312
725c607e-777c-48aa-b2c2-405c757ebbdc	42173	91.98276	98.34381
72608c24-163f-4183-ac6a-1d70e3149536	29138	86.30034	97.46708
726e8f92-deed-4811-a271-b3b556576072	44642	88.15086	98.00383
7279113a-6149-45a4-884f-7438a1280d14	52407	93.23668	99.10422
727c0fd4-b828-41da-ac7a-e383d9920383	38481	91.97602	98.50448
728091f8-c719-4b18-a574-67a1c1639a0a	44336	75.19778	94.03286
72863600-ce39-476d-96ff-49aae89b705d	33358	90.42863	96.57884
72867c29-af07-44fc-93ea-0564683f5d21	35420	90.01167	97.71438
7288dcbf-e459-4e69-a6ea-1d4ab8d9800f	26401	93.72267	99.18237
728c09f1-6879-4b6f-8d24-97f68c96d129	29961	95.30672	98.83317
7290147d-9d04-41e4-a37b-d05be64775e1	29937	93.02893	98.68143
729ca960-f325-4829-9475-fa193d6e0b2d	26504	95.15908	99.00723
72a23f97-9610-4c87-a35d-4ecc63c7c067	27894	92.74459	97.71322
72abdb74-33b9-46ca-8331-56dfb4298070	30385	95.65597	99.08485
72aebdcc-aedd-4588-9f7f-f86cb245d0e1	32653	95.86901	98.76741
72b405f2-5669-4f30-b138-c159d3b18406	43324	89.43445	97.57100
72b943d9-1dee-4efb-ba11-5e8f6e07fd8a	33208	90.27838	98.16889
72bb7d26-626b-4f11-b9c8-8734987d745e	28123	94.30106	99.27795
72c22bb5-7d9b-4148-94f9-9d4bd5d73b07	35160	96.44169	99.27858
72cdf00c-dfe4-4b72-8d07-528f95bb9efb	20357	83.66523	94.90094
72d18f58-3fa3-401f-b947-ab7f64bcdf5b	30109	88.28806	98.83124
72d42bba-674a-4363-8cd2-2d65ea3556e1	1852	0.00000	nan
72d5c393-5a48-48ff-bf9f-e1c686822b83	27529	94.11576	99.06809
72da7677-6bd2-4e71-86fc-1ca88eb79271	27620	88.60260	97.80575
72db913a-df23-4a0e-92ec-67ff3ceeada1	40181	96.03587	99.14940
72ddce87-9ac5-417c-a6cb-de276f1a479a	38128	94.86929	99.01374
72e05618-25fd-49f5-a201-a8979802478c	22837	91.91881	98.03491
72e75c8e-e9fd-479d-a9aa-9dfe7d7a9108	36313	96.36893	99.54393
72e99876-bccf-41e5-b713-cd6cc25b0370	37772	95.03196	98.54391
72ea2015-fdc7-4d07-964f-65983edfc114	14378	95.82449	99.29373
72ea7ab5-fff2-4886-ad11-28dfca1698b2	27312	78.52516	81.52115
72ea84aa-1288-4dd4-978b-8c25c15896c6	35207	91.50330	99.11230
72ec75e1-6ef4-4dd2-a8cd-8cfdedce4dc2	24475	91.19871	97.56215
72f281e9-25df-4857-949f-f7c86440b5e6	24758	94.88295	98.63326
72f4bd1d-05fb-4ef1-b8b8-7090e8078014	35182	95.95708	98.97939
72fea4c6-71ca-429a-b97d-78c318d3b319	32069	95.10740	99.01290
72ff7674-0054-41f7-b859-832bdd25ae1d	6728	94.46387	98.04728
73013ff8-d07a-4ac9-95dd-e67f9db5efbb	30266	87.53219	95.87118
73068294-8a7c-4b4b-a736-e1b65fb0e531	30211	85.98989	96.94334
730f5db0-1674-42c9-bdb7-3e3368723b97	49341	91.88435	98.35414
7311d9bd-2fcc-4a23-af5c-76f79c8b8584	8359	92.18385	98.80924
7311f8ff-176b-4032-9948-dd18ad0525c1	29545	93.69289	99.15522
73145a8a-daaa-4281-9e33-067d0e400495	75792	90.20373	98.10296
731854d7-e6b4-4c6a-aea6-742930d27254	29839	92.57344	98.36737
73202559-cddf-4950-ad35-ed7e65e5f2ed	34923	82.21551	90.78896
7320e7ef-2e17-4828-8c00-5af94160f00f	30109	95.23887	98.96863
7320f81f-68a0-465a-b916-93cbfbd5b43c	44980	68.54416	79.47619
7325f14e-927c-49b3-bbcf-71933ea463da	26620	88.86890	97.74353
73323e29-4d0d-4a86-86ac-c246e1fc8b68	20641	91.13664	97.90396
733e53dc-4c89-4967-a1da-541944844b65	31071	90.17330	98.00335
7342add4-300a-4295-9ef9-7f557897cc00	10523	87.08918	97.39608
73444428-dd38-4d8f-9a08-275df950361c	43142	94.70874	98.99471
7347f3cd-405d-4a50-97df-e34d9671a34d	31711	81.96890	93.43370
73499267-ca17-4323-9cf6-0641320dfb65	58527	92.05797	98.45203
734aa2a4-17ae-40e8-8622-2f5a08aa1d40	22536	95.62694	98.89461
73523679-2213-4025-aa59-512d380a5392	23060	86.34719	95.75257
735fc90d-9404-43d1-84b3-1739aebb5a10	24327	95.53651	99.02778
73622e8c-6c00-494e-a501-26c6896e34b9	35736	84.18506	96.46269
73637e0f-36a6-43fd-a382-251f2e8f37e1	27306	95.52040	98.78075
736879f1-f8dd-4105-99f7-d57a03685de7	37237	89.21676	96.55935
736994b2-ae84-454d-8030-e46d3fe35475	36517	92.05617	98.11168
736f30ed-b5e9-4e78-8bc8-61d0a4619e80	28170	90.50824	98.59076
73706e32-10d3-41da-ad12-f6c7a91a8b43	68642	89.42465	97.39717
7375044b-6a66-4ea8-a14c-73d1713725f1	29932	88.24225	98.06435
7382f895-4b6a-42c6-9cd1-265ff4f21d75	54908	86.07251	98.06305
738b75b4-6623-444e-a058-c923cc5cda5b	27064	88.67601	96.62950
738b8b0e-69df-4aac-9da3-8ec9f083d895	54626	95.51765	98.72166
738df73d-0dc7-456d-90f1-5779d7dea968	23437	86.04791	95.56311
7395e0d3-ba1d-4645-bf3c-0cc2a771209b	73411	93.14095	98.53408
7398b46d-25fb-468f-ac62-4847f1258b0d	34824	94.93885	99.05039
73a7d69f-925b-4fa7-8255-5c3d48e81594	26056	85.85254	95.69861
73b24e52-ed3e-4f7d-a411-3aa997ec9ae7	91323	94.52804	98.93631
73b29c05-d2ea-45f3-9c65-dd0dcfc93d36	23728	93.90994	98.30396
73b6282e-0e8f-496f-aea7-4444e8319ee2	24490	94.45690	99.05056
73b9a1e7-b26b-4fe0-8e5c-a900be67a190	56097	86.96076	96.60806
73bdf84c-68f0-4d88-9f9d-e368c074edf1	28194	95.44122	99.17801
73c2c195-2459-42d8-a1e7-6ccafbd774a9	46303	95.94279	98.97874
73c9f947-c22a-4ead-849f-a55da3efd157	48968	86.29883	97.40950
73cca695-3ff7-46e1-96cb-7139937675eb	32243	76.07083	91.89623
73d164c3-054e-485f-8b01-621820d1aa23	32034	93.77230	98.94095
73d3516f-6a8d-4681-8573-1171b3175702	26730	82.87259	94.63340
73daf6b7-c92e-4456-a8f9-32e6f07a8538	23405	95.64376	99.09975
73db8b08-ec2d-4577-b421-faf5ac9093a2	24544	95.28347	99.12114
73eac04d-0a39-4f00-aa9f-af81fd9a2ded	23149	94.41620	98.85550
73f43d1a-bc21-4677-bbbd-bb79f5b4778b	32258	94.84247	99.37245
73fa32c9-2cae-490d-8d0c-31aa74dbfcc7	28560	94.59950	98.58429
73fa9675-3c87-4432-8772-7870782e0972	59707	94.91103	99.26917
73fbbf54-5237-4517-ab1a-66e73e620b2a	25910	89.11255	95.68441
73fd8c75-d1b2-44c6-a54f-d0559000aaf3	33802	96.44441	99.25244
740667f5-67a2-4c7b-be37-24ec2ee97b5e	44795	90.06313	98.37443
740bed7a-3447-4273-aa55-81130a224148	25407	95.90358	99.13489
740ead3b-c0b7-4535-98f5-818920a7cbb4	31008	95.29453	99.13799
740f5c92-cc95-44fb-9e5f-65ff2e5b5d4f	29920	82.98099	96.52123
741631d1-c03e-406a-a02f-3f3bea6df6ff	52491	93.41691	99.62748
741a7d63-36cb-49b8-b080-78f66c922b3e	33593	95.08580	99.09470
741be246-dd33-4480-93bd-60c4d61c3457	52754	93.65963	98.42862
7420a63a-9972-4a00-9354-ed459e972945	32479	91.50893	97.79494
74292928-6cd4-483f-8827-ee4ec561e659	41410	94.15719	98.57593
743295dc-a795-449a-ab97-b1f08800e259	31299	88.36042	97.82084
7432dc32-9d1b-4d70-939a-b64c7affe437	34053	90.40981	97.27416
743e9474-dd88-40a1-9b98-e909962f2e2e	42206	93.52407	99.05243
743fa1f0-b390-4b71-ad9b-04f4aae82acb	32293	89.23620	98.04667
7446e131-224e-467b-84b5-edd1d75764de	42567	93.44660	98.45441
744fb153-2bb4-428d-8cd4-fa63a30635dd	35717	95.45467	99.12383
744fe83c-7aa5-4d0a-84ce-0e053f759dd6	66934	85.58706	96.06061
74535ab9-d92b-4098-9603-4940c236cc59	58448	94.89523	98.84684
745ab52d-b16e-43eb-8088-9dc190b5c366	86828	94.07948	99.02826
745c052f-48f4-4657-b52e-2aad51cd985e	23812	93.47487	99.13134
7470c4ce-4e03-4544-9e44-7a09edb9211f	31417	88.24173	97.75632
7472eb65-ad32-4c4b-837b-9bf32b8bc486	32325	95.71199	98.76861
7474a244-56a2-44d0-a5c2-1cbc3f8f7b7a	27267	89.05588	98.29858
7477dd40-8494-4990-ac7e-a931f6ab1881	28746	97.35083	99.39667
7477f5ee-ab66-49f4-920d-5511940500c6	23198	93.06083	99.42358
747f5137-7868-4433-be0a-e47f450af7b1	22244	94.38019	98.60709
74854512-3282-41e5-8ca3-20aa9734a897	22632	94.66488	98.43307
748e1734-c242-48f8-b8e9-4f71cc332743	46892	96.06354	99.50261
749489da-4b85-443d-b765-4672604734a6	28933	86.18285	93.77257
749c2b2c-c8b7-4ce4-8803-baf4933549f6	41681	93.59091	98.38229
74a27cb7-d846-408d-bd2f-7f4db592fa34	50660	87.84872	95.96935
74a492a6-a2c4-42c5-ad34-aa975bef2be6	38314	95.58468	99.42520
74a4eab5-67a4-4892-b0b6-da0ebd779a11	59017	93.52301	98.56842
74a5a1c1-fe8f-4c92-aca1-a97c4b9f4c26	56122	86.95310	95.63800
74adf61c-d7fc-42bb-bea5-656e8ff16088	33938	70.06247	89.81159
74af0f94-4fb0-46a6-bdc2-793f438957c1	27987	94.20665	99.02069
74b226f5-735f-44a9-a0f1-f1a5eba4da20	40260	94.86569	98.88268
74b6590e-0c30-47b5-a39a-0f26ede5caab	49239	94.22863	98.89763
74b92211-39be-4e8b-ac81-824c70fa0fd5	112359	90.82151	97.45688
74bebdb2-dd2e-43bf-b373-109545c89ccf	56996	93.66616	98.94501
74c743a0-ea99-47b0-968a-1aca2e85f7f4	24823	90.93511	97.25510
74c95a34-edff-464e-b0cd-f7653d954f20	25321	90.28604	97.84496
74d1db01-367f-4d3b-a9d1-5ada8abd333d	35050	95.91928	99.11570
74d21dc2-6e6a-4180-8347-6145e553b827	27652	86.78992	94.58505
74d86828-ffbf-4eba-aaee-f5e495fa7c06	26545	89.66695	98.57963
74e64a91-2435-45d5-90c8-2b344410592d	35048	92.05516	95.48172
74f50a99-a9ab-4eed-9499-129f7d7896a7	36392	81.33933	96.13876
74fe8be1-ccf6-4311-a0f6-e1498b38c87c	42174	95.26469	99.15667
74ff64c4-a9dc-4b49-89db-f141523b102e	36921	95.49449	99.03771
750b8b6e-bbcb-49c1-9f41-ace9bcb1b7b8	36206	87.85037	96.31161
7515358d-8af2-4d75-af92-94aab2541472	47667	95.19843	99.24089
75180fc1-f36a-4663-8f98-0770c5d37783	53029	89.89463	97.95979
751a7580-678c-48ad-8363-0924f3e0dc1e	45107	77.59437	95.35648
751d61ce-bee1-454f-949f-7ac83e4cade2	66332	94.56403	99.13956
751dba58-4044-4e91-a063-371997192999	26131	89.17920	98.07114
75222598-5602-4fdd-b2ce-2bff1b54252b	29749	92.31851	98.70852
75289acc-1b06-4747-9bf6-28742e63d15b	34485	94.89932	98.81947
752b29d1-abee-4a73-b599-e4ff34ab2638	27824	95.17593	98.46312
7533b1a7-cbbe-41a2-83d6-e98cf0b7d2c1	33321	90.25363	98.11310
753ecd6f-37dd-4a4a-a599-faf0cced39c8	46067	94.58568	99.32832
7541a79f-59df-426b-9d86-5715b4cee312	55633	87.16276	97.09062
754676f5-019c-40fc-a911-ef768eac5c3b	36529	93.26833	98.55069
754c3533-8c78-4e71-a1a8-4a0ee227a0c7	27067	75.92722	92.54824
754e883b-4923-41d0-a208-40f5a272c21e	25392	95.45982	98.82867
754ff53a-45b9-4967-a83f-98d56151f4fa	22183	94.67161	98.70948
7557336c-7db7-46f1-a256-e7da24a14dc7	25864	94.32428	98.77106
755c90f6-5dc8-4936-9aa2-62943b0d240e	29281	89.38200	94.62787
755cbdb5-71f8-42d8-b9f5-9c13b9356e4c	28085	93.09054	98.40132
75614817-1bf4-4638-98a6-30975d56ae79	29985	93.84018	98.93075
75623602-3364-434e-a3a6-5ec7bca33eb5	24721	90.58282	98.52112
75665e7b-744a-42f1-871d-79756430c662	29213	95.89576	99.07492
75691f03-5e48-4b2e-b8f7-79fb37be37ee	24059	95.79412	99.13126
757bdfef-3cb9-4581-a912-8088b20b1dde	40695	92.91421	97.85607
757e69e7-12c2-42b2-b053-0d96b492aa3b	23559	89.85396	97.00876
757e8bb9-e74a-4ae7-a9f8-7006db953036	49207	91.39524	97.83826
7580e31c-d3e3-4ba5-97c1-0c6da4ec8234	29227	85.99684	96.69819
75817631-b76f-4e05-8b05-5c1e12f5d448	27793	90.56637	98.63965
75830df9-120a-4fa3-be45-0f145c0fc7a3	1930	89.99482	100.37695
758dc53c-bdcd-44cb-9928-c19c96b73cbd	50953	95.43632	99.10589
75911882-fd02-45b4-8795-aba15551cb5d	40966	90.84834	97.88594
75972e5a-7734-40d8-ba2e-073d5324db26	41106	86.78077	97.56289
7598214d-7bb8-49a7-ba99-4d21dde25d8a	63063	93.25851	98.64909
75994eb9-4008-4ae6-b01e-40a657f889e0	22337	93.69927	99.25134
759e875e-6971-45dc-8175-597689ef83cb	42733	95.65637	99.09177
75a36247-0e7a-4741-9957-6fd3beb40fe0	27377	88.33514	97.70984
75a44afd-9521-4d7f-9a69-a16c9e32a1ff	31770	93.96058	98.94674
75ae25cb-7bf1-4ed9-a889-2ea1f60aa229	33435	92.53361	96.02199
75bb35a8-ebf2-45f6-88e9-8bb54eca0e6b	33284	95.22233	99.50258
75bdebb0-43bc-47d9-acbb-9bbb5f20aacd	40884	94.92244	98.78244
75c075e2-c226-460e-8d73-71aa69fe3c69	58947	84.28728	95.13394
75c0c1c7-511d-4c44-b4d3-37f519b2a1ac	22663	81.61422	93.20837
75c81d90-be48-49d7-a6d7-30a753c69aaa	26117	94.51624	98.83867
75cbc004-b96e-4639-bbdc-30f7cbdcb7cd	91932	92.24938	96.99607
75d05c2d-3aed-49cc-9650-69af15681d26	24173	94.76053	98.90015
75d4c590-8163-4b59-ba30-7f77d373f11c	50336	88.99985	98.23419
75d6565c-5ccc-4b19-b503-4cb6b30fb3a2	28589	83.46360	94.51286
75d84fee-4538-462a-804e-5310ca8c7d83	31695	86.89040	96.12611
75da6932-9b64-4b8e-817c-626cee8625c2	31879	94.74508	98.94259
75e12f58-25dd-4d61-bfb2-86ec1a852dfd	59815	91.12248	98.40289
75e886f9-7440-4b07-8ed3-0a0423dd592f	49397	90.34559	98.08813
75ea45a8-044a-4099-a646-47a10c786acf	45242	94.58164	99.51775
75ee75ba-4a9f-4860-8c5a-44eb3391ecdb	28274	81.22678	96.25871
75f189e0-aa9a-4e11-8d93-3d5e9ba7bf53	29383	94.55333	98.90614
75f552a0-3314-4495-91f4-945c6b9cc256	37474	95.88297	99.10686
75f8a0e7-931b-4fdb-bd24-a24d9f46be2c	28096	96.16382	99.03499
75fb383b-bd7b-4dcc-bb6a-b57a781bc9b6	40480	75.61275	97.26164
75fd5c5d-6f84-4049-8881-04cff0f5e234	29060	95.53847	99.30099
76017048-0d64-40da-9330-01e6b4c125a9	35047	95.27036	99.04263
76082630-09ab-445e-aef6-518d33d8495e	23882	88.81019	97.00428
76102f2d-3bde-47b4-8442-3867f625e926	28424	92.05500	99.32056
7620ccb8-1822-4174-85e7-0e69a69935db	26399	89.11062	96.88375
7625afa9-c193-4c9a-9823-4c2f983ffde5	28729	94.68776	99.17965
762963f3-f94c-4922-9987-2dc3b9820401	37455	91.76544	98.56178
762f4b31-e8dd-42ef-b67a-6194ab1101e7	27736	85.77950	96.97214
7632b9b1-fbd6-4fbe-850f-676a907e10db	22479	90.01798	97.93206
76357cf4-2d66-4d81-a29c-37d77caa7de3	30459	88.80040	96.46700
76360f2c-1583-43f2-b24e-6c8dd35bb325	35785	95.19945	99.48155
7636dbbf-999d-4fbb-8939-3bd686529177	33997	85.82749	96.20544
76390476-67cc-4c16-9cfa-64cdae4556ac	28481	89.83341	97.60841
763c130e-ffa4-4f75-8082-f8d5204472e0	47142	76.72950	92.53596
763e4cef-f262-4aac-a7c9-6f0397069c79	22398	85.05995	97.39324
7640d769-62cf-4855-935d-a74d424fe609	59210	87.73203	96.73556
76414932-bb42-4eb8-9653-722d989c0253	37720	93.30426	98.54697
76417300-2dd2-476a-b9ae-4c9c6549a6e7	53114	91.79430	98.02222
7646085e-303b-4ceb-bda3-7045d0c25014	48175	88.63109	98.17406
76463988-41bf-4e55-9ebf-c0df8aacc1a9	33171	82.30851	95.34850
76476932-b66f-4552-be6c-a8275dff9f00	54038	92.40101	98.31833
764832c9-5314-4641-b6c6-2098c3299361	56345	85.96272	94.78631
7649a26e-17c9-4ab1-a243-7ae39caed46f	22961	91.80072	98.31994
764cc98e-3dc9-4ed9-81f6-b537896de802	25867	74.11201	93.34999
764ecd11-afaf-421a-bc06-4601f05b4902	26290	92.27801	98.99894
76503cee-1ae1-4c6e-befd-2ecb8e24615f	23732	92.89276	98.50044
7653b91b-6c0e-477e-9da2-23d852f0126f	29768	89.25759	96.84942
7657c37c-41dd-41d4-8cae-584f3abcfde1	62575	84.24982	95.17222
765c81be-2bd2-46e1-ab0e-9584a6d90c96	40863	96.23228	99.16592
765e84ae-fc61-4d0e-afe7-7824cff700ae	38629	89.38793	97.07630
7663cd91-076c-4846-8ef2-bc5dc9c66c1c	40180	87.43788	95.51801
7663d613-5611-4263-ad18-925c49e52626	56534	94.72108	98.95366
7667b346-aa21-48d2-9353-488a0234b46e	34173	95.74125	98.97162
766ba7c3-362a-43a6-b037-e9876c5ce36e	26020	84.23049	96.66803
766c4621-4f39-41d6-ba1a-697a33395418	26449	89.69853	95.89320
766ef543-0e3b-4e58-803b-b1a295f7a68e	35760	92.78384	98.76273
76750735-3289-4fe8-b95d-e2139a48846e	32834	94.79151	98.84665
7675c4eb-8b44-4758-87d2-7d3485aefe78	34880	93.99855	98.45391
767c1459-0428-4f83-86cc-3441911ac0d7	45850	94.35232	98.66368
7680fa81-03f2-414b-84fb-980afa5a2ddf	8503	88.65096	97.92848
76892978-8849-4323-b35e-41a0330becbd	76398	87.47888	97.03788
768975c2-364c-40fc-804c-4246e5b94397	23591	95.22282	99.05239
7690b30c-46cb-46d9-82a6-9a33ed4fed04	27577	82.59376	96.86541
7693b886-4b2e-4978-bdf7-df7959470870	25329	95.25676	99.07774
7694af3a-80b3-437e-873d-881ab21255fc	23409	93.74137	99.16192
7695c765-0ef2-434a-aa55-8a9f84cd95e0	22663	86.37715	94.04881
76975f98-073e-4767-a823-4da4ef599420	29519	95.08687	98.99133
769b4227-22d7-4ade-88f8-44c0a1e0160c	25823	96.32642	99.17559
76a54a4a-5675-4302-94e7-1fbc34cfd273	42582	88.36422	97.76346
76ae7564-7780-4239-948a-810f84c0e98c	49053	92.06728	98.41787
76b428b9-dfc7-44d6-9563-5fc98bcd2ef2	48682	90.11385	95.60890
76b6fba7-a2f3-4d31-a107-563b44d4cdbe	2092	94.63291	98.81748
76b87f2d-c21c-447b-8785-b35dee432eda	25664	94.96687	99.24742
76bda0d5-6295-4f48-b5fd-ba0247859ad2	24830	95.43779	99.13064
76bf5da9-3009-425a-b96f-489be520f7d1	32335	95.31259	99.09974
76c08e84-2ab5-4fc7-9de4-536fda4c1b26	55626	94.26692	98.75189
76c4e5b6-2ac5-43f3-a6ab-74f26a248dd6	49319	94.54809	98.90726
76c8e275-d088-4b58-b5d8-cde78a70a31b	35525	84.24717	96.41292
76d4592b-adda-429f-ac78-766076ec5bc4	24440	95.29549	99.30646
76d51ce4-531a-44c6-8a37-6a73b93c9623	30587	88.79413	97.82413
76d743da-7203-4e1b-8bb7-6809f76a531d	39712	95.31308	99.10739
76daf577-ae94-4cfd-bfe1-cae01550e19a	27891	78.83169	94.18104
76dd9015-643d-46a9-8cb9-07ddf349b729	22669	93.95064	98.75749
76e89c92-2f2c-4f18-8049-d73633d0dbd8	32633	90.80307	98.15520
76ecdbaf-0e2a-4d86-a446-7791158e1525	27503	88.40700	97.17931
76f22af4-8bc9-4f2d-982c-1aea8b70464f	50855	89.25067	97.93057
76f5202c-5a64-4a42-a1db-31f542bdd49b	23261	87.92766	96.76786
76f64909-36ed-4243-9f8b-db0a48a10f97	73066	94.49740	98.47804
76f72edb-508d-4c50-807a-401a6139daee	25379	87.94065	95.95165
76fc8160-37be-49e7-94a9-ae21d06c16a1	0	0.00000	nan
76fe8908-ced4-43d4-9866-12428b739fe0	29831	96.40178	99.17664
77036eb8-434d-40ee-ae65-5198b4fdb4ed	26026	96.59794	99.32223
770ef724-a2d4-4720-877c-57f8877a6106	28109	87.08331	94.90073
771cb374-43e8-4f59-9dc4-4b0b26ad3397	31927	84.34302	94.87661
771e188e-cbbc-4605-8ec3-f6c583ba77a2	72367	86.84596	95.59837
77212024-8b79-4199-b796-a93e75e10a9a	30681	93.42610	98.50645
7726b4eb-2cc7-4e72-bacb-eb6a662dfd2d	53922	92.09409	98.54921
772c80bf-8172-4c08-a647-00cbf337f736	23200	95.86784	99.16827
772e1caa-6bc3-48c7-ace1-079ddc04cd91	22250	89.01590	97.44945
77302bc2-aa42-40bc-a317-4635da23c75d	46092	72.88569	92.32113
773182ab-9ba7-479d-9d08-61d0e0ddef20	39693	84.48602	93.76627
77530c3b-5c8f-4dbd-8640-0661cbfb1671	43585	94.14453	99.50599
7757a4e5-1389-4344-af5b-83efcb45a3ca	36858	87.89527	97.51538
775d6d21-73c5-4a9b-a21f-08f7e6d7a2e9	42831	94.93862	98.87607
775d93bb-218d-4a18-89f0-62993882c9d8	34734	77.84564	93.26170
776ed505-e0a0-4906-a0b7-ff20186d06e0	28836	93.25642	98.65532
776efc30-50ee-4af8-aefb-cc3d2be5aa03	35935	74.61986	91.59830
77764646-3d59-4bd1-be1e-4719e007ef9a	28419	89.08652	97.03747
777bfe6b-8757-4348-98af-f44bffd4d7fe	42733	83.31882	96.53111
778511e0-5153-4f78-8272-c5d0e28d0c72	24210	87.43789	97.28292
77861993-2fa6-4df7-9d18-6502541fafe1	77205	93.39281	98.25460
778ede78-8571-434c-9418-52ea20ef8726	39874	93.00445	98.88177
7793065e-89e2-4aae-a7b3-4178fa64b7dd	32417	87.02515	98.17147
77958f83-0343-46a5-af6d-a87eca854852	37568	90.54068	98.13422
7795af5e-8672-4fbd-94dd-f88523bd9717	39188	85.49820	97.14470
7796e72c-a62c-4906-bc61-ef7c0091bda2	46415	90.03708	97.41131
7799e483-1b23-41c7-9a69-3fce5e9a4989	47823	94.23736	99.57807
779c4da3-591b-4dc0-b78c-9c0de268a443	25436	90.28942	98.36556
779df24b-c8f5-4721-b418-b6361998d3ce	34570	95.87949	99.19756
779e9a0a-7247-4d40-b094-bb738e023955	24057	72.32240	95.67114
77a29036-a7d3-4bc8-8256-cf7bf93d9807	31002	93.35894	98.89952
77a67531-de69-4b7e-b59a-5412e17a090b	22873	91.75845	97.91658
77a9c72c-5db1-4abb-bba8-5f2d142cabea	26778	89.18146	97.83693
77be64f3-980b-4a8b-a4c0-17378adffe68	18935	96.44603	99.06804
77c3ceb4-b108-45c0-955a-ad5a28d56ea9	36880	87.32540	97.68442
77c4b1c8-665a-444d-8f49-2130fc259e5f	44830	75.92872	91.81605
77c54058-78f8-4b9d-b607-2e50faf39fc6	43329	93.72848	98.65334
77d52062-961d-4184-9a2a-7ca6826889e2	55886	80.24536	94.14990
77d7d49f-c768-4f45-9849-2d39dd57666f	68501	87.58648	96.36392
77dd5e1c-f5bc-4644-a2ee-9ea1b8a5a3ef	32313	90.90458	95.28539
77e8b663-e413-4ccb-bc99-223ed7b92925	24460	88.80263	98.34577
77f0b605-47bd-449b-829a-e1f203c6045f	22889	92.10571	98.36830
77f3073f-a9af-423d-bfcc-fb2d9a69f419	25163	74.02823	90.41333
77f77457-7f98-485e-b869-816241382fbe	59620	89.55785	97.04584
77f7c295-0c0b-4791-8d72-812abef0ac05	6213	95.99109	99.16426
77ff7a2f-da7a-40e0-b9dd-68d82cfcd0c4	40112	93.02550	98.11043
7804a5ad-a160-462c-9c9c-d934ecd8f286	27055	91.50336	98.56444
7814c74a-60c0-463a-96b6-9af4139bd1ca	35589	93.23286	98.28960
781c1e2f-d75d-49dc-929f-3e7b3fcb8cba	26429	87.66071	97.47884
7820ecf2-35ab-48d7-824d-ceef498e01f1	38187	86.45539	96.27514
7826d84a-2e34-4e86-9c35-55702fd87b13	24309	94.02913	99.31150
7832f448-3c7b-4634-bb91-4e800736b613	27453	92.26182	99.07726
784407ef-3b1a-4c9b-a688-cb8f92ac79f1	23209	92.17402	98.10320
784e4c45-d7fe-4e58-97f5-493128f9e102	22205	94.52364	99.39819
7850bb4f-eca2-4c47-b55a-8d827d0a5bb3	42939	94.22246	98.73949
7852103e-5568-47a9-b8e5-883b64e28e69	47155	94.37625	98.95323
7857b99c-a769-4687-940c-ee790944f4e4	31943	95.53018	98.72057
785d2aaf-1d68-4e42-a4f0-c7c03ecf0ead	31186	93.30504	99.59335
78670784-1366-4456-a71d-7207abe7450b	60608	88.76874	96.23563
786bbb62-c286-43c4-833d-8db01bc1e264	24888	95.42054	99.28769
787783dd-d025-4536-be85-5d3f3cf8ec9b	48239	91.56995	97.94171
787ece6a-5f27-4d69-833f-c816768c0532	26959	92.12686	98.39892
7881e48c-1a95-44c5-b0a9-dafbe291120a	50765	91.33931	97.83226
7885e683-1228-434c-a52c-4331cc4f8f95	26989	90.86598	96.98204
788c272b-3263-4b89-9db0-a2a38e75ffd6	27756	94.10998	98.94210
788dd111-3a47-499c-9cd2-0e7d70d5a32f	23169	95.43083	98.77506
789a684f-a5b0-4af7-9582-8881eaf4a776	43148	95.07810	98.79792
789b8755-5a66-4e65-86ab-d7bcbb02732b	27548	86.79803	95.54196
789c7d32-2826-45af-80cb-7896ac7a1963	28839	77.57783	93.28720
789e4915-2fa8-456f-925d-813fc6fb10c9	41586	87.24479	97.60438
78a8d058-dc64-4f8c-9809-c71f53587b35	33865	88.58275	96.85760
78ab04e7-9e85-446a-8a31-dbd20834cae2	28634	94.91397	99.38362
78acc310-59c2-4317-b366-f684ba3c7e72	25753	95.68263	99.18800
78af8492-3a62-4826-917b-84cb6af28aef	30611	89.40187	97.13740
78b35fc9-512a-4073-88cb-ffcd144cbcad	26733	90.27033	97.94576
78c15897-d917-413e-9747-de1343b90a6f	23021	89.09432	97.88179
78c2d059-a5f5-4ce6-95cf-54b003e1683f	33669	89.10672	97.21377
78c37d38-2664-4bdf-af17-44217e8afd65	42125	94.07498	98.81565
78cd6349-e4d9-46e0-ae8f-db91e312a060	23912	94.84257	98.94960
78d3a3a1-faad-4103-8994-8a54fda90c76	35601	92.64072	98.54920
78d99864-21d6-41d8-bde4-51822661e494	27258	93.56222	99.71743
78dca231-3b2d-4a91-b9bd-073a3425fee0	28885	85.09663	98.97226
78dd87aa-0fd1-40d1-a22a-e0031d3fa116	52795	92.23303	98.42417
78e14611-0ff4-4ef4-84bb-14b5258e772e	6686	95.31412	99.19283
78e1ee2a-89ba-428d-970e-157bd4dc0de8	26664	76.74050	93.20358
78ea81ea-ffc2-45d1-a25a-b0fa6f231625	32529	93.92174	98.92991
78eaaf9c-f835-426a-ab54-6233332a36a7	34059	93.07414	98.44443
78ecbbf6-e539-4f20-af07-f6ebdb22c38c	33806	89.42892	98.70400
78eeac8c-cc49-4180-bd65-f8ba97b3cb41	29112	96.27106	99.27444
78f06084-9170-4125-b1e5-ab8c8e5bfdd1	31903	94.43899	99.04871
78f36e69-f878-4368-8686-3a23c8aa023d	44742	93.71173	98.67618
78f68ac6-3abf-4b51-a34f-012d7f004275	46461	91.65122	97.25278
78fb7766-d635-4d4f-a2ec-068cd3e3f7d9	28446	93.45951	97.80591
78fc9721-8d64-479a-aeb8-0c298f9a79cf	27381	88.09906	97.61709
7903e32b-001d-4852-b9ee-0bd6e1cf930f	26977	90.74738	98.61692
790b9274-122e-405e-a6c3-79f3050c3a8d	27790	94.87742	99.12005
790c28bc-db72-4c6f-8c63-5fb643e2e63a	34556	75.23210	91.21339
790c93a1-52d8-451d-a46b-705c088488fd	63363	91.99975	99.12062
7914f663-4e28-4c3c-8d9b-308f292039bd	54191	89.01602	97.93876
7918fa15-6205-491f-b688-7dfcd3655066	22602	88.25332	96.66438
7920ba49-cdd0-423e-beea-2fbbdc9a99be	58311	88.85488	97.56866
7928e178-1a71-447b-bdbe-6ad910938d86	68161	90.40926	98.90565
792aff8d-3826-416f-be4c-094fed287589	29855	95.25987	99.02890
792c0cc4-0714-4f70-b2b4-c2f6758941a6	38990	91.40950	97.85443
792d573d-f49f-4a58-b26d-792b158a95d6	48001	88.93328	98.36156
7936881d-8564-483f-b1fe-8981cae3e81a	24353	78.58773	94.29383
793dee8c-bdbf-421d-92ff-0e68f2847590	52045	81.51426	92.98007
79414531-72ff-4254-99cf-9000c8233f73	28231	93.27140	99.06700
794ea4aa-d2a3-4689-9343-8821e9fd9613	24444	81.90130	94.19600
7953cbf2-ae96-4d33-ba0d-6276e3d07bf0	24723	84.74415	96.71745
79567aac-0bae-4d25-8f68-cfed34ffcde8	31200	88.77273	96.32877
79576671-c1a8-4c44-a882-c7c84d331a9d	27051	94.98784	98.92114
796090f2-b075-43c6-91b6-1225d3ab5ac6	44356	79.62212	94.93752
79611361-7008-47b3-baa7-3c41d330ddac	27721	93.81581	98.68980
796550e0-15b3-4bcc-af17-31b80412eb86	23545	88.68225	98.26018
796887de-0bb9-4bc2-8e2b-05cfaaee0700	59334	95.37476	99.21633
796abd9b-6cc6-47c3-917c-111d9b7ebbdd	22553	89.47772	97.78310
79745033-5198-4322-b1da-042121d22d5e	54420	87.56386	96.52022
797ab7c7-3766-4264-b294-4846ed56c615	31342	95.40864	99.23499
797e4a2e-2fbd-477a-a4d8-85fc36d8fa78	32344	86.18796	96.13092
7985bedd-3e93-4b45-8cd2-fa8c1b66223d	28879	88.64384	98.09095
7986109d-c3e8-4698-b398-f42ee70ac0de	37472	89.16281	97.95298
79925fae-c11d-49d6-85fd-4ac68e4d410e	32836	94.55347	98.80855
79932eae-3d4a-4577-b529-c03e11c7938b	24345	95.36764	99.36947
7996c9cf-d339-4145-a679-8ed21033eab5	38322	88.42601	97.44197
7997a5db-38da-4995-858d-8754f55ea440	84595	95.39666	99.02037
799ba3c1-f221-466c-9f67-a54e5b4c175e	62222	95.13897	98.91937
79a277a3-83f5-46a3-97d7-00ab9d557518	41389	90.73928	98.31763
79a70646-6382-47f5-a54c-e477b4f02d99	34607	89.67545	97.90287
79a7c189-032d-4969-a5b0-c57127482217	23488	90.99578	96.56737
79afbac9-07b4-41e0-a6b6-814ceaa7ec1d	40283	94.35821	99.15141
79b25e18-be9c-4d63-a414-26894f4c3705	45788	95.61095	98.99946
79b6f314-4321-4f51-912b-3ffe1a6adaa8	45088	88.19953	98.06276
79c13c54-fccc-4c1f-a375-84d404c37f01	52341	91.05256	97.40158
79c4638c-8baa-4558-a198-c52366b11152	57959	90.83931	98.02104
79cf17b3-1509-48fa-a29f-cbd19d616ece	23693	89.96137	97.75872
79cf55e7-a7e9-419d-9398-061890ec4d63	24715	95.71451	98.67778
79d1c985-f2de-4516-979f-5bcec7459bb0	56484	88.42936	94.85075
79d24903-1aeb-4dc5-a27f-d8756e326678	36038	85.70605	97.91911
79e3a2eb-3885-47ba-a827-d94df1eead7d	46052	87.59970	96.68525
79e3f96a-67dc-4d3b-9d96-2ade2de3942d	43579	87.10882	97.98128
79e61a0f-fa08-4af1-83ab-c239ce7a6ade	44682	91.18001	97.67427
79eb8a5d-1a2e-4377-9222-3bdcbd28bc17	57448	88.25948	96.40749
79f54aaf-3aa6-4643-9616-d2d73fc627b5	38458	95.84400	99.25259
79f98989-3ffe-4295-8330-123370f41fbb	23420	88.11209	97.49812
7a05ec4c-760a-4c93-b2c1-f9318f9a7f57	55415	90.70114	97.90159
7a0959c1-ab0a-439e-aacb-8a277353712b	103922	94.83398	98.78522
7a188be4-6ef0-4d5a-a319-3ceda9ade325	38331	86.05713	96.27315
7a1a8bf2-d92b-49ac-8350-fbc3593c9360	27188	95.47371	98.79908
7a1b947d-3a25-4181-ae3e-87429cc0ea46	41564	93.21811	98.70238
7a1e3347-ecf6-4e3b-9ea0-62ec89310e25	22186	94.56320	98.86867
7a28a61b-d472-45ba-b0a2-c53fc62f27cd	41468	90.55576	98.47619
7a29f8ae-b8fa-4629-904f-9cf7dfd6105c	22423	86.62697	98.10666
7a37bb75-c3ad-4d21-a0cf-384694f46cfb	65242	89.04843	97.61634
7a38feeb-a2b6-4b6c-81a2-f0d6343b1535	23399	92.74177	98.55036
7a43ca16-db4a-4484-8774-fe3d7b75dbaa	26253	95.51244	98.88796
7a45653f-b904-4af2-a882-60a9c040071d	22861	95.46939	98.84539
7a48933e-0a36-4c5b-abbc-5b78a36a4059	31086	91.01848	97.44147
7a4ca500-70f3-4afa-b50b-bc24be3d0b0d	24489	90.83547	99.00798
7a4dee7d-b617-4a29-9b66-a4e53c8a8fe8	23607	90.95974	97.27416
7a5660c1-1e84-4c60-b7bf-7b2c01b1f20a	26075	92.04554	97.72198
7a5f82dd-9279-4ad3-bd78-a11aae679181	32726	87.20078	96.60265
7a6146e0-10ca-44e2-a151-db0745a05da5	23834	91.03925	98.58271
7a67f4e2-eb5a-4010-8f99-672fc6995541	23603	94.84823	98.91903
7a745e5b-ba1c-4c50-975b-7aa4f1c02e1f	27499	93.80976	98.17674
7a78a6aa-e66f-4208-87b0-da331bad4318	41141	82.85521	95.53765
7a7d9137-0366-4ef6-b24c-be1d883a0990	27510	88.22526	98.28569
7a8264ae-8aaf-4e95-8c28-24a8b7bc2f08	47060	96.77473	99.21662
7a940408-ccda-4beb-8051-efa02241498e	39759	81.18257	94.16374
7a9530af-a006-4842-a796-fc7f9c207b7f	26822	95.77547	99.00451
7a997aec-6731-4835-97c9-8d088a40ac96	15371	91.99079	96.19863
7a9a07a3-ac2e-48a2-9a75-f622250614b2	37766	96.10444	99.07748
7a9f7647-73bb-4021-85f6-b8a0a5d8f24f	39245	93.13581	99.23231
7aa47d1c-0c3d-4c1e-a511-caaaa2b03adf	20211	90.36614	97.96959
7aa5ed18-2571-48ee-9ac1-3854e0b52604	39011	90.27383	98.41503
7ab11d5b-b1db-47f4-9d23-3dbf39bd7e97	47268	96.04375	99.18656
7ac18446-26a5-41f8-81e4-3a304e4c4953	34049	94.98892	98.83586
7ac3b4bd-50a5-4ba3-a8b8-7aecd1cdc1fc	26248	91.23571	98.28694
7ac80eb9-9e91-4f53-8f52-34f8c2bae487	48849	94.24065	99.24924
7ace4ab5-36dc-4133-a913-dc67cc70e0bc	35444	84.78794	96.66539
7ace8414-1fdf-4086-8fae-fda8795926f9	57481	94.76538	99.40772
7acfde99-5286-4c02-a82a-de083de7ff3d	48355	92.33806	97.63262
7ad20ecb-79b0-42c4-a7e8-04232c46a5f6	42488	92.56486	99.23491
7ad27ce0-ccb9-40f7-a339-d3ab23650129	23477	88.32659	98.13532
7ad70a37-f0db-4551-8a04-b03c6fd294e2	47668	91.95472	97.69867
7ad7f57d-ecdc-4c14-9839-4c3fff01487f	73177	95.12466	99.03268
7adffe6e-909d-438a-902c-e3ff812dee00	25130	91.98965	98.58318
7ae0a764-db57-4802-81fb-660b5d3d8e18	23082	87.30981	96.00167
7ae31cac-352b-496f-8f1a-f217911aff11	29726	88.19862	97.71355
7ae49a1a-cbc6-42ea-a304-e5093566fc1d	43336	77.01282	94.11969
7ae7209f-1e27-426b-8428-71c554780aec	33812	93.60305	99.35206
7aeacdac-8d89-4dc1-a708-8d856e765b35	45735	89.49593	95.87551
7aef4de3-97da-4ee2-af91-c1e740f78abd	42883	94.21245	99.55344
7af71cbf-65b5-4903-9aa0-c5d3d4005fc8	28509	92.33373	97.75064
7af96e06-42e7-474f-bcde-da15355d0bee	27043	92.95151	98.47267
7afc5161-2b90-4ba4-8812-e9063fe4066e	30033	89.50003	96.30675
7b020524-cb53-49a4-98b6-da3355d4f1e5	33522	88.14721	96.61208
7b03db77-87d5-475a-99a2-c05366d63c09	22702	84.39892	94.88987
7b076dbd-80e5-4d5e-b6d4-f845bf65bd2b	26481	93.76244	98.73962
7b107c54-2333-47af-9de9-26b6cb8b803b	53691	89.53995	97.99426
7b10a54e-1345-431d-8997-e83325211faf	322	97.92746	98.44560
7b131676-5a98-4e4f-b8b1-174206f200ab	28283	86.77274	97.28219
7b16cc26-8fb3-4379-8f45-29b74c8c545c	48427	92.68945	97.12726
7b1785aa-728f-4f63-a8f0-54a58ee2fd51	45026	86.71424	96.04307
7b1d1528-1b6e-4134-aea1-dd041afef249	28433	94.05224	98.55380
7b2507c2-e4b0-4eef-999d-ccc3ff5c654f	67628	91.26257	98.75011
7b2ad73f-93cd-4134-8844-38befd5e79e5	24581	95.13246	98.83374
7b3bb050-430f-4a8d-841e-f4c58058f361	40245	94.80725	99.15348
7b4094e5-6b09-4f34-9004-4514289bcb61	35029	95.32004	99.30952
7b442f42-686e-4fae-ad55-4c297d536902	31072	90.70654	97.92108
7b4758a5-98ea-429e-8296-2cebb769cd11	33344	90.47674	97.75972
7b4a7daa-4a6c-4c43-9f1c-3843b3297539	36865	91.20071	97.27686
7b4c142f-dff3-4db7-8d7f-28722d753355	40402	94.61237	98.75104
7b518b99-2154-4192-a082-deb8de2df8ec	36363	96.47483	99.03122
7b53e413-8f6e-46ea-92b9-7f16f60b2a32	36965	94.65374	98.88213
7b5973cf-12cd-407c-843b-0b1f2f1fc8de	36328	90.15156	98.27469
7b5c0052-04be-401e-a283-0f66aca4bdf8	26051	81.76269	94.69901
7b5c624d-3ca0-47a1-a7b3-f9015a02b82a	43173	94.87993	98.84177
7b5c68b1-585b-450c-9669-949c1d8e1ca3	23259	94.70146	98.44181
7b5ff0ad-fbed-4558-bd64-e9bc482e4fb2	35762	75.40422	92.26607
7b63d56b-db71-4f9c-9ab9-977ac4d8ced4	33886	82.23137	91.36584
7b6b87bb-e6f5-4ab1-a6de-37ddd4a19269	37788	95.37727	98.75884
7b762569-6420-4a72-92c3-f09e8077ffae	23851	92.65210	99.09947
7b7c4f87-8758-4c3c-884f-bb74035f9c9e	23995	91.32098	98.05451
7b7de50a-8bb7-48ac-97cc-0d50a7fbfced	22460	93.61878	98.62814
7b82cd24-31c5-4f8d-9f80-fbf416acbede	31229	87.64898	97.83476
7b847778-93f1-4170-86ab-556652248687	24359	90.86258	98.48737
7b871bc9-58f5-44d2-bb02-778d0695cd33	35299	90.52800	97.48415
7b879dc9-2682-4c06-81d0-3a296f9ae5ef	36944	89.33760	97.89563
7b89d614-54b4-400d-85bc-7cc7985599c1	40373	95.69738	98.99988
7b8b7959-fbfe-451a-8f3e-a79b6bf4bc6d	29674	93.40280	98.60070
7b8e2614-45e7-450a-b20d-98f9c9c28850	24654	78.45449	92.22477
7b99f368-25c2-4b0e-8d0e-d06189aec805	35866	90.55171	97.23037
7b9fd0f7-dd55-46fa-a885-5ab89b2ffe33	23456	89.87445	98.04391
7ba04ab0-f96e-4536-9d85-9f061fb75298	71355	90.58184	97.46126
7ba101d8-cc2d-4ee5-a288-b50d7102b53e	15134	95.56557	99.26068
7ba8caf3-9339-44c7-a6e4-931e51f99c34	38703	86.93638	97.15738
7baca8d1-97a4-40f5-8f7d-4a5f574bfac2	24623	92.36650	98.48302
7bae5e45-19f3-4696-a872-70116ab94123	23443	88.23861	96.15654
7bb194e1-9029-4579-abc5-ec5f6d6e2247	43566	88.25785	97.21949
7bb4c6fd-9dff-4d5b-9157-78ac9f3c42f3	23012	72.68209	90.39220
7bb85c30-bcd6-4752-9067-f04d5bdd3a1a	38995	95.75360	99.52184
7bbb9b0b-327e-497f-a0d2-00fc9d0ad24b	49528	92.29204	98.27898
7bbd26cb-500f-4ca7-8a98-e8fac06dd0f2	22271	86.53400	94.23902
7bc22d4d-5be1-4b10-a831-72be93649700	30426	94.08900	99.24128
7bc4e72e-3ca5-4f5a-b97c-fe2d34ca92a2	34816	95.44298	99.37352
7bca175e-91ca-4d9c-997d-0d147634e880	28472	93.34661	98.92931
7bca92aa-38d9-4787-a9fb-1e317e979d43	32118	95.17469	98.92845
7bcd440f-e242-40d6-9e10-343fdcb14893	29586	93.08574	98.87418
7bce08d1-0601-4afd-b0fa-488a68697c14	22454	95.87611	99.08342
7bdccbb4-10da-4ba1-aab5-833114655d10	35186	92.63638	97.97593
7beda3b7-3647-48a8-be5d-aad9826bdef1	37555	91.23331	98.62120
7befe6a3-2e76-4111-8b10-43743f44781f	21615	75.95764	94.84673
7bf04940-729a-4eab-8189-13702778d878	26317	94.37997	99.21724
7bf29c91-f424-4d26-a852-a411d23280c5	29376	90.50170	97.69824
7bf36270-6008-428f-84f1-059a96e441e2	50192	88.32344	97.48838
7bfde145-86a6-4d9e-b80e-cf90477eed06	24945	91.90022	97.39324
7c04ada4-e586-44bf-b607-1f2b9de86bbe	78076	95.80163	99.30612
7c0a8f43-a6b3-41f2-ae8e-f6d5a3027ea9	55679	82.41067	93.31693
7c11aeda-f395-41b5-896c-518ef59ba0b4	31445	90.92258	98.69234
7c16b4d4-af5e-47c3-80ba-97e4f71a8449	27575	95.72311	99.28494
7c178fc5-c0cf-4e9f-8600-d53e139740ce	31044	91.68067	98.21660
7c1856b2-9879-4ede-aae2-40a051cb0f69	30271	95.13752	99.02273
7c266984-994f-4c24-9bb6-2eb6e0e8bd1b	23813	95.53498	99.11885
7c29922d-7ce7-44e3-89ac-21b36825f077	25695	89.36549	97.12812
7c299e6d-14e8-43ee-9fa3-f941623b3b00	25594	86.47908	97.41972
7c2a898a-0778-4328-a010-acfdbee4f12d	45117	80.68953	96.72804
7c301e93-e17b-42a0-adcb-404230714b11	42197	85.78566	96.13592
7c3836c0-b79b-4144-bdb5-053ad5c0f73b	53323	89.21275	98.56357
7c396ac4-2a08-4fe5-90dc-34658fb36229	27372	84.05425	96.63283
7c433d7f-04b4-4e49-91fa-b53acabeb5fc	37104	94.27485	99.20167
7c48966e-5fb2-46b9-a519-7c173a2a2b92	34227	89.51457	97.30594
7c5386ef-4494-4550-994c-2a281674afe2	39190	92.02739	98.52352
7c53d97e-80e4-4a27-9a36-6363c5f31713	32054	91.10636	98.01128
7c57a8bd-3c7a-46e8-b439-ac92e4ede104	60703	94.42391	99.29413
7c58bb91-3bd2-43df-8417-553b39c24eaf	23547	94.11765	98.72944
7c5b0d7f-c3e5-4bcc-9c00-2eeff0b962d3	37338	94.66579	99.20124
7c5d4301-a2e7-45d2-87b6-3c42ce4416dd	22686	93.06701	98.58565
7c6091ca-9ee5-4b64-967a-e6bf7fe53cdc	26591	89.16362	96.96171
7c6ef4a7-9468-4f48-95a6-a852d8a737c6	34510	90.84800	97.46979
7c7194dd-69ea-497a-9f4f-f61f9fc653e6	28008	95.24043	98.89176
7c73b25e-05d6-4fec-a9a6-db972e48365c	31205	86.67901	97.20843
7c752fc4-7bac-4537-b386-d32baadbb1ba	30264	89.59700	95.96072
7c7e4702-236d-4f6d-9a36-909cce9de57c	32936	90.31826	97.57089
7c8e380a-5ee2-43a7-b4dc-3f503894c1cf	63571	93.25939	98.84183
7c94b730-b8a0-446e-95c7-433c3c953d56	26024	91.96057	98.15452
7c9d7156-3d26-4d4d-95ea-25fdecc9a83a	33779	83.89886	95.77517
7c9db4d9-5686-46a3-90ed-fef3774f7d44	27637	77.86968	92.87739
7ca04e54-eb2a-4193-9e98-755be1fa7024	23188	90.41735	96.17545
7ca74b60-736c-46da-a3a5-f82a878b1ad6	56726	92.32796	98.81042
7cac2e5d-d28d-4bc6-88f4-2af8f027fe8c	23792	95.77640	99.13040
7cadfd64-d50b-4026-9bc8-bdee056ca76d	30031	72.66486	94.64879
7cb1bd6b-279f-4e07-9f30-dffb7b692ccc	23714	91.10323	98.29142
7cb7f217-abc8-49f2-b1fb-8af00381d25c	36039	82.60231	95.83389
7cbb15ce-61e8-43c4-be61-f6e22c06ccd1	30086	91.17029	97.41592
7cbcd581-45e4-4d3e-9139-af76b68a0b4e	39815	89.21790	96.19677
7cbd415b-4bd3-481e-a1a4-d7d63989bc02	23003	95.69593	99.27254
7cc20a36-86a1-484e-8a5e-f01e122177ca	22133	91.89998	98.95408
7cc347ff-df8e-4853-ae13-8fbd3643bc5c	43633	86.21412	96.70598
7cc34d44-6722-4595-bb86-f26d58e2c6e7	24702	91.82392	97.55778
7cc3a0f5-4b28-4a33-8442-4e704012c356	29337	90.44444	97.54593
7cc49205-c3e2-4fc8-8d4a-c1113e27e75e	27433	83.09326	95.82661
7cc7ab60-2abb-4f77-8c65-852d04354c80	27220	91.68585	98.07428
7cd07cc5-06e4-4936-8ade-29ae5adac94e	34565	90.04353	95.98564
7cd26b19-0e2e-498f-b5d4-e2ecb04b4fb6	26831	90.42080	98.31778
7cd2b22e-3f72-489f-bda9-be45ea88edb9	26880	94.36373	99.32565
7ce0a1c4-58fc-418d-bc52-ccc2cc78c636	28560	84.47187	96.64525
7ce6e62f-07ca-4d98-8174-348e83230a41	36784	89.28047	96.24157
7cf9e945-6a7c-4805-97f3-6dab1642add7	32731	93.57874	98.12438
7cfe066f-b695-4c7e-ad21-1f8e5bfd905a	45081	87.33481	98.04511
7d0d8c96-853c-46da-a75f-fd1b20cd9c54	63164	92.87325	98.79982
7d0f629d-0bb8-482e-b905-008627e575c5	28696	95.46978	98.88747
7d159156-87ae-4e34-8bf7-ed4b6614f576	25980	87.04280	99.96524
7d162fdd-e782-408b-8b29-66e8dd5e30bf	28440	95.74461	99.37566
7d177334-3af1-4544-b0c2-9a6fc0704717	22795	83.34637	96.68285
7d1d9491-4976-43a2-89d3-a26f05c3e496	21160	80.37988	95.01872
7d21b197-8458-479f-89ef-334fbb75f406	28590	94.22723	98.21933
7d26047f-2082-42f7-994e-04721fddf9ba	23910	94.57705	99.27467
7d2ecc99-81ad-4b55-9d92-7d57990dbc00	38556	94.04015	98.89591
7d313d53-5638-411b-b8f2-8e26b9390b11	25358	93.64805	98.43866
7d3250dc-75d1-4f97-b7a9-f0f94aba8573	41311	92.50159	98.87778
7d34677b-5ed8-4dcd-ac01-16d6078a9b91	34275	93.40543	99.51926
7d3c203f-c912-45c9-9660-8dfd1c15b41c	44351	95.38974	98.62447
7d4267d4-e5f1-4f76-86b7-4ad228142213	23710	93.05453	98.23219
7d4b68c7-3e82-4a52-b8c2-a27c8077f6f3	34570	94.56439	98.46980
7d500042-ed6e-4661-b884-918543b49b5f	40756	90.60563	99.52259
7d562899-c42c-4b02-9e77-9c687af45113	23413	90.65306	97.77098
7d6dca18-4f19-4790-b529-81205a75c1f5	23964	87.56045	96.14703
7d6f563a-f1a7-4b9e-8768-1986ea0a8a01	63524	94.50301	98.71647
7d73866e-a3bf-4f87-a804-5ec8333d59eb	58690	94.77842	98.91330
7d810cd8-af24-448b-8a6d-f3e7131dc4f9	80755	94.52138	99.05095
7d8299eb-335c-4860-b492-40d3a03a84ad	39166	87.19533	96.42769
7d836fbd-13fb-4cdf-b696-a14d5c42d848	26284	92.66826	98.28608
7d868098-76d1-44a7-9599-6d1b706f26bf	30586	81.63444	94.96403
7d8899b7-ae30-4daf-9671-3165166b25f8	47696	90.79684	97.81640
7d8a01d9-566c-4de8-b7b5-d5336e20ba96	47719	94.17285	99.09713
7d91a5aa-1586-4185-8dd4-e79ab2aab317	28036	88.37287	95.43265
7d936fed-05c3-4355-9dc9-742c63c49f9c	27336	94.70928	99.13467
7d991fe6-bf22-4968-9d2c-0567fcdac50a	31146	94.75125	98.90169
7d99256e-1ae7-4e96-b31f-0ba6aaff5798	33983	95.73579	99.33439
7d9b6a6b-8ccc-4427-9802-bae387bcd98f	31612	94.84827	98.85252
7da00a21-ef62-470b-9f5c-5d52163295dd	34845	92.66563	98.15646
7da8cc9f-9e4b-403a-8aad-b074ef7f9fb9	29797	88.11180	97.14632
7dafd0ba-9bd6-47e8-9986-1aee6a1a1626	32500	94.22284	98.89265
7dbad17b-ebbf-4c54-8194-d73de572cb40	26125	93.15889	98.58787
7dc24ed7-725c-4223-9944-d3faf45453f5	24586	95.23448	99.06909
7dc2b4bc-5b41-4bb2-93cc-7ee172244090	30124	88.14862	98.02009
7dd1b464-77b6-4c2a-8e91-b05712ca9eb5	56735	76.45523	93.84886
7dd2410b-f90e-4120-a1a4-22d680094325	23183	94.23101	99.00193
7dd387f9-4d28-4e75-af2a-fadb50555d00	35247	91.45853	98.39084
7de526d6-73f5-4dce-9840-ecf3c4e8f16c	24176	94.08865	98.60458
7de7763d-7f63-4833-a636-d031dc3d35e2	29785	95.72393	98.70104
7de8260e-5531-4e98-9e95-d7044e90c304	36829	94.49607	98.82201
7dec5ed4-ad91-48cf-a51d-a180af0c1e0c	15453	85.88243	98.80853
7df6794f-3d5c-4076-8e51-fd186c27f899	36497	89.93778	96.39342
7df86d08-d7a3-4940-81c5-f12f4fb83794	27351	92.99165	97.79842
7e046a6a-1dcc-4570-aada-99a6e925f37f	48067	95.29700	98.91741
7e074f94-d790-45c7-9933-9293f978d866	22058	89.79627	96.48599
7e0a34d8-c473-447e-b332-57040c519baa	26260	95.83599	99.05803
7e1c0f90-9789-446a-b6e5-ebe8e7c7d92a	68717	71.36835	90.68733
7e1c962d-bd02-43f8-925c-e0d1bccb70fa	38453	78.47817	94.55502
7e2142f4-73e8-458d-b3be-80d5a7d7e0f9	57750	86.79836	96.77262
7e253bc0-e2e8-4dea-97bf-46a99b43ff3c	55804	73.90087	93.25646
7e2575cd-1e8e-4b1d-bc4d-ba6afb7a76a8	29433	94.89024	98.84485
7e2c1991-a4af-4d7b-9c4b-d8387b10a0ee	70270	90.88886	96.11261
7e2d1646-0849-475d-a844-b5d958a8a989	45258	91.57666	98.19581
7e2eb35f-e335-4bd3-8b21-b9147fcad766	35008	91.56870	98.33211
7e32331b-e8c1-4f7c-b2a4-71f08c970ea7	30983	94.82317	98.75691
7e3234cb-77f1-4dc3-86ae-8411256eb149	32873	93.40968	98.32669
7e362df8-e3db-4738-b486-fb6ec76706dc	24276	90.48302	98.44030
7e3837c2-94c4-420d-83b6-a7285c40e384	29101	95.26106	98.85860
7e3a8d35-26d1-456f-9f2a-c3b7b245b5ac	22453	78.83044	93.02084
7e41a4c7-c058-4b8b-90cf-ba5036632a15	29344	89.55331	97.09861
7e4b4690-739b-43fb-a931-8dd729bfc9cc	40845	89.71365	97.90866
7e4be4cc-e76e-493f-8ea2-bc8845a5a01c	29489	90.89808	94.71888
7e4f4474-bc89-45bb-8c54-8c61cf94b0e4	25622	90.16911	98.02205
7e564f3a-b1a5-4d0b-a7f9-440681076773	26016	95.48304	99.02271
7e5711a8-ff72-438d-8de5-6ab9b8839b97	50909	86.93829	98.47376
7e585bfe-181e-4441-8588-69b18ef1aa14	28143	82.95809	94.16980
7e588243-ed0b-42dc-8dc4-4e7b4299d4db	40968	95.07525	99.22597
7e5ae7eb-42e8-4816-a048-07f9713f2aa3	69826	91.45343	98.41691
7e5d5d8b-e24e-42a7-ba6e-efa8c8a502bc	33787	89.81481	97.87593
7e5f5d05-a261-443d-a15c-4cd9bebd0f41	36156	89.01122	99.00895
7e60e5bb-e68a-4134-a314-5ced6f762c21	32338	85.76792	97.55145
7e64585e-d4cd-493e-8b7c-b60555471fd0	27593	95.35480	99.20323
7e65f898-7b9e-4e54-8caf-5863d70c98d5	25073	91.92352	96.99791
7e685398-0b46-468e-8397-344df95f149e	51748	88.50484	97.06785
7e6873ab-b91b-4f32-a94c-988791f8b8ef	32329	95.13343	98.95632
7e6a0d24-0a77-424b-8616-baf20c54dd94	49582	90.62658	98.22659
7e72d846-cc4f-44c5-a3de-cf74e1e2ee04	45176	93.47981	98.89281
7e7b087d-99ad-47b7-802d-af03a1e7ee6f	24238	80.86529	94.10522
7e7f0164-7c2f-437d-b947-0fe0afc97e3c	35331	95.45999	99.27626
7e877dc6-e5de-4a90-b85b-1c0d24ceb4d4	39332	92.86208	98.60061
7e87a45c-46f2-4da0-b7fa-6f9e8f71340c	28745	95.29741	98.96096
7e8d3a65-980e-4a12-9703-9abc4877cbbb	34347	90.53676	97.87015
7e8e6934-a941-4cb1-b6a7-7ef9890ea384	59465	90.65608	98.31951
7e941a1e-c8b1-4717-93b1-aa7a4a92732a	28214	87.96609	97.75003
7e9bd8f8-ea14-43b2-9c3d-8394133a0d40	33858	88.33834	96.40430
7e9f77ac-f039-4f5c-8696-a43ab1f64b61	58034	84.27987	95.39095
7ea29538-1ad9-4d3a-b479-2ec0e2980216	54234	96.35552	99.11234
7eaa3961-572c-4a11-8b8f-81182b36f388	45776	93.40481	99.36680
7eaa40f6-cc21-402a-88b5-6d585a974dc6	37023	89.80038	98.33582
7eae0a2a-00ee-4612-97d4-e76bcaebaba3	46434	84.35238	95.60505
7eb9ba03-685b-45fa-b2a2-60068e090f1a	23394	94.77730	98.42958
7ebedb79-921d-4adf-aedd-5c7fffff81e3	30570	93.14111	98.93783
7ec14df7-0bd8-4119-b41d-138fa2bfe738	25880	95.54880	99.03259
7ec54eb6-a3e7-4b59-ad85-3273605f6f6b	26076	82.84647	94.08653
7eca1d45-75c3-4d35-b72d-a1dc6eacb5b5	22487	88.04399	97.38684
7ecb2754-e321-4541-8b84-25349e79b4aa	52506	84.23087	97.51702
7ecb815a-453e-4a98-a0a6-399dda823ac0	25854	88.90316	96.60096
7ed202e8-5094-4e04-8002-c85d4c040f0d	44431	94.27545	98.75674
7ed4443f-8a8a-40ab-81d5-152625ec5242	30604	81.15613	93.95742
7ed550e7-1e7f-4991-a9eb-ed7a1484f16f	28683	95.02647	98.85284
7ed78b37-0918-414c-8712-3a1f5c05d110	34245	82.51573	96.36908
7edb5021-5e56-4c2e-9ee9-00e285e5cfa3	30961	90.46220	97.42327
7edc655a-0a7c-4c81-8199-ce1cfd5ce5b2	40154	95.42415	99.35549
7edede02-b510-4209-9172-e832f477cc04	45417	89.31500	98.31938
7ee10dde-8854-43a4-8890-a752e7a41182	22217	92.08413	98.40028
7ee1da02-3062-45fa-98ae-98690f131bc6	27065	75.66367	91.00504
7ee8553e-8065-4aaf-b78d-9fc42433823c	67887	88.02736	97.07175
7eeb8b20-46f7-447d-9712-417e38bcd246	34211	88.75995	97.86110
7eec64dd-ad3d-4e59-80dd-cce6ad87afba	23591	81.32535	96.63924
7efcf3bb-2268-4b5e-9d41-2978c337fade	22053	95.21523	98.87049
7eff85f2-74cf-42b3-8bba-e238a5fc0f3b	44849	89.67799	96.08748
7efff30e-6f48-4d22-8bbd-20b32ed9a337	31307	92.65025	98.99702
7f015038-4615-4bf2-b6a8-db5259975bb4	33602	94.12040	99.48907
7f03f4ec-12d9-48a9-9244-a2443bd177f8	43704	95.09106	98.66793
7f077bf1-b68a-4f12-b3e7-01add7714211	28798	91.25742	97.94958
7f14e43b-0df6-46b3-9913-45496305ea1c	58055	95.19888	98.95208
7f166a5f-30be-475f-b9a4-ac3880048748	9235	91.74634	98.68835
7f16e98f-9bfd-4da8-8ccb-d06cbce0a75b	29813	91.05302	97.24975
7f1b2f0e-d9cb-4f35-8581-ff2856910a8b	42285	94.10558	98.67624
7f1de94f-d9e5-4885-bef9-95cb81a3738d	24531	91.87665	98.23229
7f21ece0-a045-4739-bb0d-267046304e1d	24011	95.40385	99.33596
7f25e564-56a1-42df-b2d7-07fee7d1b51a	73316	91.15544	98.18584
7f26e5a8-4f09-414a-9ec7-635daacccedf	37164	95.13635	98.87590
7f286235-4d02-44b9-a325-0a377aa45fca	23084	86.50742	96.10993
7f32c636-b3d6-482e-8929-d8e997a38013	49995	95.05627	98.71425
7f336061-49f9-42c2-a44f-3b6b712f1356	51976	93.70985	99.03455
7f35743a-72b2-460a-b391-802e47feefd4	58089	87.86927	96.55971
7f410c6b-d735-41c2-b837-46af4674fe92	69070	88.80268	96.36320
7f474089-b70b-458f-b232-c9c0c2ce783a	41343	90.42490	96.07021
7f4978f1-0554-46a1-a83d-dfbd1f8a7970	36491	85.17399	97.18321
7f4a1afb-d799-45a8-a163-4835aeeacc11	26699	84.90765	88.57799
7f53f835-ce6a-4869-9701-ce3250198271	46207	91.28038	97.61371
7f58c21a-fb87-4efd-a17c-027d25003941	66676	94.44216	99.21471
7f619a7d-7356-4557-88f4-3d9ed9501518	47938	95.41119	98.91495
7f6cd06e-a2f7-45d5-9c97-e79cfe893381	36930	94.24024	98.84030
7f6ef5dc-6205-4676-a1f7-76776267b01d	19120	89.98740	97.71440
7f75f744-b12f-464b-bb85-f811f4603c50	22435	87.65932	97.64737
7f7de7f1-8467-44b5-b999-c598cf4f1a24	29224	88.60541	97.24189
7f89be7f-c70e-4a7f-b498-14fd28eea758	34651	96.05196	98.71517
7f8baa20-be92-4e70-a406-da0852f6184d	26397	80.18195	96.46229
7f94e025-a51c-4f4b-b341-e9ea0cd4d84a	28747	92.65364	97.84428
7f958047-3d84-475c-b1c9-b869a50cd6f9	32463	95.25222	99.30100
7f9a9bd6-01ba-41f8-aeca-cf47fcd61be1	32289	91.25205	97.59701
7f9c5232-6c13-4015-8ad1-1a3ab10dc824	44604	79.70009	95.58644
7f9d918a-2a30-477e-a4d2-e2f308f0f42e	34364	70.57750	89.37512
7fa28a1e-2761-453e-b4ca-b55d343a0691	34650	84.19503	94.57721
7fabb4e4-1e81-44de-9b1e-5d2131de03fa	67858	86.79981	97.17884
7fadaf1e-742c-4ef7-8acf-10a3525cdcc0	62617	88.68448	97.14006
7fb291ab-8c26-485c-adf9-c93baf4616f1	26769	93.06234	98.99110
7fbd6c99-c813-4dec-8736-6d6048fa2585	43586	94.36906	98.41205
7fc0bfaf-7ef8-4590-9ae3-020c1a564749	67731	72.36814	96.74674
7fc1ee68-f0cf-404b-b6cf-56e07d34e83c	22719	91.05543	98.37861
7fd9bd4b-d719-4d44-ae07-699ec705b76b	28278	85.82353	93.15390
7fdcbd64-a77c-4e48-a052-a87dde1ef962	49701	96.12786	99.19244
7fde5b00-cc09-4f61-bf1e-06c9ea24abcd	60552	90.57047	97.16420
7fe62be8-a2bc-444f-996c-ed10d4222df3	41011	95.12586	98.99862
7feca259-a410-4230-8cad-1520944cc728	27947	94.10470	98.56410
7fefe3dc-dc73-476e-ade7-b7f095013503	26883	94.15317	98.79456
7ffc1021-e504-408a-8673-1d27b22cc58e	51209	88.38376	98.04046
7ffd9919-24f4-4f74-a9c7-cc3d5287a9ce	33488	92.79013	98.56591
8002fd9c-1619-4cd4-83d4-1a29bda07959	53596	95.15518	99.05005
80046d93-9ecd-47ba-af87-d91997e693ff	24832	90.45699	97.78770
80057b56-3437-4118-90a4-65a33db1aea7	42382	93.36444	98.72803
800c2cf2-b14e-4cf7-a1a8-f582ceabc5fc	29101	93.81934	98.38633
800e8978-1415-4dcb-9813-df2c381a3b94	34113	94.01753	99.01102
801492e6-2112-439b-8f24-e293d369dff0	32490	87.21283	95.90278
8014c171-3b7b-4db0-9f30-278a1c47d83e	22897	94.26471	98.88142
8019fdc9-05d5-4a06-b883-f47c1f930f81	33383	95.84045	98.98948
8020d5d3-386a-4e00-bbfb-eae4d011915d	26992	78.91648	95.40773
8021fcf2-d701-4e06-b510-8b66c411c768	33938	88.08300	97.03935
8022328a-c304-4953-8df0-300f2713860d	37125	93.44847	98.43522
8025b00d-1da7-4f9f-b32a-d35460b40d37	31080	71.31615	89.71521
80293ee4-3923-43ba-b37c-c6c82a9343a4	25144	89.23607	96.80650
802abf52-7af2-4057-bded-3f1d789469fc	23641	95.37110	99.22928
80388cbe-2e51-495a-b40b-7ad71b3aecbe	31608	93.82010	98.80915
803d3720-fb4f-4809-a8a3-66058b9178af	23207	90.50465	97.77515
803ea5b8-1727-4d91-a2c3-3d2a26bd0cc0	29928	96.39114	99.21226
80439773-2a68-4ecc-8d75-f3629bd9af4f	29368	79.99192	94.07753
8044e065-15c5-404f-9ad7-e64f8bba6990	23363	89.08691	97.05477
8048bea6-fef4-47dd-b8f4-3db0c373e72f	37928	93.95508	98.76820
804fd91b-f5e3-4ea1-b76a-a77199fde9b0	33273	91.49604	98.15532
80517193-a47b-4031-bfb5-7a835d8521e4	9102	90.77522	97.16920
80520eeb-41ed-47ff-a6f4-0241509ae369	40294	94.39520	98.94926
8055f0c5-a4b1-4f30-941b-245039d49786	21234	86.27737	95.85772
80590b51-80eb-4ca0-9a23-283f4f9e1702	44712	94.75858	98.64318
80595661-01d1-4dd4-9a87-f3d4539ce9dc	30098	95.09897	99.52918
80626cb4-b5c2-48f7-bac7-3201ec45a674	23523	95.49719	99.18737
80696993-4070-4889-af56-4887977d1e4c	22845	77.97600	92.83151
806bfb5a-f8cd-4932-ba6a-ca30d445f279	53486	95.36019	99.09641
806f44d1-23dd-4b5d-9783-279de1af08a1	44996	87.98157	97.29888
80704af9-d551-4a06-a8a4-42eeb8e93b1e	23583	95.66109	99.65661
80711246-8ba6-4311-9778-4a8f2d07195a	81239	95.87952	98.92139
807398cf-9c8f-4d1d-a7b7-bbba2aca25c9	48705	79.64678	94.68166
8075f206-5e2d-43a0-a5a0-e5772f1216c9	23055	79.75433	87.41432
80795d1c-d3be-4b63-b14d-4f7f6bfe275e	26516	94.18510	98.91866
807b6e20-4c2d-4297-baf1-1c3870bb2673	26486	89.16832	97.68053
8082dbe2-1626-477f-9a38-d335aa937272	29857	88.97701	97.92763
8082fb10-d41d-43bf-b7ed-798d4e8ba587	25703	94.50428	99.15215
808423f0-5ef8-494d-a975-30d9d5805a7c	23714	92.76901	98.70249
80854e80-2624-4e75-9e32-09d53bd8fbbf	58637	94.92289	98.62206
808711ca-9043-4aa0-9788-1b2014f8b37a	25170	89.71973	96.32203
808e4039-7497-4613-966f-96a63ae28cb0	72366	90.46238	98.46290
809070e6-e13c-4f41-9809-656d610bbfb7	25837	93.76245	98.17454
8090a875-0db7-415b-a9e6-baf542e83a5d	31450	89.48195	96.72606
80924653-cd17-47d0-acda-c243910fde8e	26325	87.57179	97.95552
80979043-ebfc-4e9e-8fcd-a61a490eca13	56708	96.07309	99.14729
8098b938-56a1-4fec-b608-dcf262ea0526	48524	90.08147	97.67672
809c26d0-d9eb-42fb-b862-11447293aa6f	38876	78.59973	97.16154
809f0100-2972-40fe-9444-b1e0bc8518d5	54562	94.98841	99.19137
809f9947-3497-469e-bff5-ddd588cc697b	35684	92.95184	98.35377
80a13310-4b53-4f27-acc1-ab39e89c62b8	44420	94.80108	98.75067
80a80762-096d-4f43-98d7-5b791a0cf208	25710	94.62821	99.16438
80ab21be-c574-48d3-8464-9f3683ebc2ec	40940	79.21820	94.82062
80ad18be-9ad5-47a2-93dc-1ffd72df8164	26000	92.27378	98.20657
80b05f6b-ba64-4044-a373-f91820f17cb7	33901	94.21007	98.43695
80b5186d-8b86-42e6-b9c7-5eeaf205c010	24900	89.56572	97.57497
80b8ca5c-369a-424a-a09f-358d640465ac	53019	90.96244	98.16463
80bf5677-74c0-4361-9700-58362be17018	29128	75.54028	95.20121
80c1ca62-3462-40bd-bf95-39fabd04cf29	60044	92.60443	99.41177
80c64313-0aef-439d-8ecd-8a9a812ef61e	29347	88.61549	96.59511
80c7aee4-5acb-47f4-9bdc-d4d24904b6f7	24439	89.09831	96.30993
80c88def-ca50-4b8a-b7ee-68d4d9406861	43043	87.70616	98.23373
80c969b4-1655-45ef-bbca-fd8d720a7da4	41383	97.53845	99.37686
80ca8919-d726-4562-9929-b5b1a7486be6	29241	77.77253	97.07450
80ce7f90-df19-48dc-b415-d8c4472c984b	25482	81.32383	95.80282
80e0a0d3-13ef-45ff-8d80-ab0beef7ca2b	61088	95.13369	98.88176
80e0eb1d-8952-4c29-82af-bd30645ecfd5	29281	90.98056	97.74456
80e64eb6-a557-4a76-95c8-ffda07376b64	53781	92.18818	98.66338
80e975da-fa0a-449a-bccd-12d534dfd02a	33265	87.65078	96.36173
80eefc85-6573-4cb1-8d8c-2b5460c95a71	41274	95.86625	99.39445
80f61a3b-16c7-46a3-be22-ab11e7a1c467	26825	94.93689	98.82758
81007570-07ce-45dc-8b3b-359beb3e8b8d	59474	93.51625	98.21768
810da959-69f5-4bcf-a5ee-c30d763d8dc8	35146	91.99319	97.87008
8112893e-9f33-4f95-880e-c24eda30ef7d	70224	91.78903	98.45884
81150e86-281e-46d0-82c6-4e29b5e5e53d	47159	94.81781	98.56799
811623a5-e3ac-4d21-b40d-6b4f1ea494e9	32758	76.60064	94.56311
81182570-756f-482c-96c3-12ad2aa04eed	34284	94.27071	98.81441
811829ad-99f8-4f5a-9057-b8985d170577	34583	91.31514	97.97113
811f1289-d885-4d4b-a00d-988a584443f6	26114	95.15088	98.80862
8120659e-6b66-4e8d-b445-8e897c91259b	29396	95.17597	99.29558
8128c31a-3520-4633-ab99-c5f2fee1a289	22659	92.90993	98.79729
812a58f5-5f31-416e-9634-0077efc22266	40555	95.09570	98.76269
812e767a-3a01-4260-8f6c-71213ebd5b29	38229	87.99375	96.80146
8136dd3c-e7e1-4b35-8bd4-aae9e52c64de	23702	91.13690	99.36916
81387cb3-f1c2-40f4-b299-22eaf72b48cb	30143	86.96653	97.70888
8140b1f6-f073-4e88-8023-03be79c8c546	30539	88.43874	97.91305
8146bd66-02c4-40dd-bfba-9fecf0c2695c	28095	91.18586	98.05108
81492e47-c43f-41e9-adbf-808f0d88d37f	38833	92.06877	98.62309
814d646d-f9b9-4eea-aa1b-eda6e4282a3f	32759	87.00580	97.30882
8154ae3f-c4d3-4ebc-ac62-27f7e02a787b	22625	88.14717	98.56461
8155c58e-d84c-40f9-a92e-5003abb7839e	37928	72.43073	92.37576
815c739f-bda4-4a6c-8c36-b813842fe5e4	66243	89.32990	98.09069
815f244c-547d-4820-ac68-b433e62bb023	24528	88.98656	97.45594
8164e99f-1a5e-43e4-bb0a-47afe29c6851	27378	95.01525	99.07448
8174796a-43f6-49d8-b469-94c9a6b0ae2c	35083	80.12534	94.56340
81764be0-8f2b-4b5f-8683-d3d573d9b667	37397	94.85052	98.81643
817ad941-2576-475d-8bb7-380b8ac589c9	27236	87.62687	97.85129
817c9897-8702-4965-8a52-49ad0e6cbe4a	25187	87.95974	97.37505
817f5c40-7766-4086-bce2-918528c6b518	27745	89.39404	98.23989
8184abe9-f09a-4aa9-ae6a-1bf4ff79da3d	23621	85.82469	97.10689
818d0b44-b0a9-4277-9570-d93c59157367	23594	91.70763	97.28713
818dd32e-aa66-4b04-af88-4a6f5f9239e1	29572	94.37151	98.75448
81967a3b-7c12-4aab-8d93-7c4d2b97def1	42858	95.91340	99.09883
819dc007-c0d9-43d0-8bb8-8d9fe405940c	42459	91.03186	98.08605
819f4c92-4e9e-4560-be20-e31348906b6b	23967	95.09828	99.02595
81afa2c8-57d8-4904-842e-246c9fd375b8	35129	92.98755	98.38307
81afcca4-cb7b-4d6d-a472-15d49db447f7	68212	95.50434	99.16173
81b14ed7-f344-4905-a77c-741e615a0a5e	24246	94.71150	98.93565
81bb2ea2-64bb-470e-83ed-661aa6902809	34200	84.13756	89.85205
81c2c1b9-113f-4257-8b5f-fdbd65d67b69	43406	94.91499	98.94941
81c814ea-06a4-4d25-95b5-e1bc09e417df	9563	88.14418	97.06631
81c9cfe5-2a4c-48ee-9478-f9573693f6b1	90408	93.74555	98.88018
81da3ed9-354a-489e-a18b-8ad78fb5a41c	47496	92.58966	97.64360
81e27e42-6faf-4842-8dcb-76b087d2a831	39228	95.28347	99.04873
81e9a64e-2ce5-46c1-9664-1376cfdbe791	30542	93.83446	98.63679
81ecedcd-8f05-41eb-916f-807593a58913	30443	92.06299	98.63899
81ee319b-e9d0-4da8-a26f-14706954f0d8	26952	93.07681	97.96179
81eed002-f11f-451d-9023-ba5886b4f77d	28991	96.54128	99.23117
81f16601-f542-4ba9-b475-de121ef04d03	24882	91.63815	98.53823
81f40468-6e6b-4a3f-86ec-64900a280681	23833	85.92430	95.95266
81f6c9bf-db4b-4dbb-af33-c51ed85182c2	52330	95.31783	99.04089
81f79118-2b51-446e-bbcd-a2f37517f691	66606	92.31317	98.06498
81f88171-03f6-4486-8f8d-29d92ab8ac6f	46495	91.11685	99.07571
8202f6a6-385f-426d-a24f-d2c7f7ed0b0d	26341	81.20011	93.75313
82056561-4407-4389-88fd-ff1dcbab40ca	45845	88.42742	97.26799
82059482-8fda-4266-9d1c-38750851db30	28459	95.64857	98.97468
8207f21e-ab15-4fcf-b650-f61e1d74020f	40412	92.28036	98.52478
82097115-fe44-4d02-b61d-10791272f5c3	81224	94.66885	98.77195
8210c5eb-6011-407f-adda-93822d5b226f	35902	96.07198	99.13609
821f21f6-0aff-4005-9f67-c507160b5af0	34631	84.16374	93.23770
8223190f-4c3d-4556-828d-5ee6e585b5f1	24862	93.29791	99.00380
823a9d2e-9002-426a-98f9-958fc835c49b	28254	94.43732	99.07534
823e7870-8f6f-451c-b921-9518b0500991	22520	89.46637	96.53689
823ebbbe-0bbb-419c-a988-5fb9c59ffa77	63606	95.85654	99.31219
8244348d-105f-41aa-b86d-8def1e93f341	30411	94.73854	98.71695
8249e3d7-a4f3-410e-9ff3-25913904e935	34982	93.02064	96.70528
824d1bab-afb1-42c2-a021-1d59ef36ab8f	25112	91.35964	98.02058
824fa486-9512-4782-b42b-d109f8223a29	27631	86.47177	95.89576
8255e933-ad7d-4cec-a995-b2116b1f35ca	40969	93.94705	99.03571
8257c046-d278-4c02-a4b4-8900ce573884	28332	91.78667	97.34413
82591135-2892-4580-a4c3-0c6703efe794	24156	95.69433	99.04973
82595b54-64b6-4b8e-aa77-89ca47fda046	31153	93.85566	99.07269
825a32dd-2670-47b9-8920-5de453461a71	35424	95.34360	99.26700
825a71a3-6569-416a-9c23-4c8b083bff65	26794	87.57963	96.13031
8260b179-4f4a-4492-aab1-8edf69cc57bf	24356	86.14288	95.93499
82625671-7b79-48a5-bf86-fd0e26bb5cf5	39623	91.10526	97.30308
826a4242-4e79-4c23-8e2a-a5e9f5bc5c25	24903	87.31509	97.77918
826d9434-20ff-42a9-ad8e-8e9ab887a9d9	44120	93.12361	98.73088
826fb1cd-e0fe-4075-adb1-eb272dd1717d	32626	95.60330	99.24379
82848466-ccc3-4d0b-a3bb-868281bca53b	31973	91.68552	98.37933
82876a16-96dc-407e-8f54-8f8d38c0a593	31733	87.27048	98.44761
8287bfb9-e655-410c-a5ce-0f6df7acf78e	35753	94.91288	99.10546
828cbab4-f5fd-475c-94fd-d3c7eaef2f4a	43880	94.73602	99.00551
828d24e5-5321-431b-a59b-22833a23534e	53440	89.60933	96.73558
8290098b-fbb8-4444-bcf8-646434e7e440	24914	95.19064	99.00741
82906c4f-0f28-4768-8196-f3ac03a56856	78471	92.55124	98.55171
8291794e-be8c-448e-b202-0ce7dbc46208	24128	90.87344	96.68666
8297547c-9fcc-403f-832c-9ad0dc6f1f67	24958	87.57602	98.11536
82992993-b95a-46e6-b281-5ae4cbc8e28d	42537	89.62547	96.98748
829ef431-6d08-472c-9410-6cf5f2c25336	22954	93.66682	99.40849
82abd919-dc2e-4887-b0e6-64dc8466a0db	45612	92.96432	98.65032
82abf0b6-988d-4db5-942d-d3bcff790b1a	28598	88.95077	97.08546
82ae14a4-4c50-4c31-99ba-48d7448bc822	34681	94.62725	99.18620
82b4376a-e09f-4d6e-9cd7-075be6799faa	26673	77.45665	91.84766
82b55b12-7dcd-416e-a888-4504ae30ad89	44209	93.56632	98.88371
82b8b64c-37f5-4ae3-ba7f-42d420e1eb27	26884	87.75742	97.15437
82bbb695-8ea3-4e42-9a73-157c8fc8c3ad	26080	95.23630	98.76553
82be40db-8820-42f8-92ba-fe4b2be0e1c0	32181	93.31739	98.59895
82be6c59-8a96-40f7-ac81-948e06286393	46874	95.05480	99.29126
82c02843-086d-4840-997f-09479a89fbfc	21922	81.99288	94.03777
82c24e27-b8c0-40bb-bed9-effbd176044c	27486	88.97942	97.66994
82d8dd02-02c6-47cc-a5be-7c6b4512a4e5	54017	95.02900	98.74595
82dd4aa8-0f28-4eac-86ed-2da0d05c7a4b	24029	95.50658	98.77903
82e121e1-0cee-4a2c-bf34-056283431eb8	22864	91.03949	97.90333
82e262c1-a165-4fb2-8b10-abb04d58a09a	59444	92.52889	99.07050
82e60fe1-0b40-45ea-8e3b-1532e7c3c2bb	45021	96.20223	99.21813
82e6c205-8a65-4994-999d-1d5498e53a81	52521	90.94212	98.43988
82ecfa83-95d4-46a4-9ad5-cbba284e532c	24005	92.99690	99.39749
82ee056e-d74c-406c-9c42-e2e7af24154f	23076	95.56039	99.03917
82f156cc-0e07-4faa-a37f-4cade7d30b25	22912	90.36552	98.74437
82f66822-873d-4a32-987e-4f487be52e7e	24015	95.98736	99.13447
82faba2d-eecf-409a-b2b3-99d6bcebe468	37544	90.82112	97.56504
82fd086b-9203-4857-89b6-ea9c4432db0c	37508	95.17443	98.64021
830216be-be9c-45d9-b453-10b7bd8c8df7	27033	94.06159	99.17939
830466ee-e42d-4a03-b6ee-8bc07595e8c6	61445	92.58213	98.29870
830ad681-80aa-4042-84ca-102020ea1ce6	22458	96.32624	99.04834
83105c24-f066-483c-92cb-67a8ebe517f2	43607	91.13474	98.13428
8312273c-b3ac-4610-95f0-76ba4417551e	33764	94.96238	98.96883
8314f272-7d48-4d7a-958e-7c4392bec987	25116	85.39500	94.87209
8319c337-0f88-4fba-8926-bea54cabf0a0	53207	90.14810	97.35347
831b50c9-594a-44c8-9752-6b229112f387	21687	78.92904	93.61767
83238ec0-39a2-48fc-a64d-e3bc21c4295c	31842	83.95632	94.93009
832a3be7-946b-40b5-a55a-9f5ab7f56572	45039	95.67378	99.24482
832c673e-40c6-4451-b022-d1b3d8ef815c	24940	85.01381	95.25398
83313087-889f-4558-9cc2-76510b4a2f44	29647	81.57388	94.21578
83373d69-cbf1-4d58-818f-4633fba4d327	21983	80.87312	95.29540
833765e6-5f0e-42f7-8a2e-d07e80ec788a	30037	83.25607	95.70452
83398c9a-fd2d-49a7-93af-8e355f8efe5c	41594	87.29774	97.51905
833a3521-03b3-409e-a513-0c3765d453da	31209	92.14406	98.56270
833cf9ef-218f-4ef3-b6e5-10de8b9cfdbe	59499	95.59443	99.22024
833f75ac-370d-4333-b780-dc9420e6cf17	51399	86.24232	96.78180
83423f45-5ab4-4722-813d-8a82a2d826c5	22808	91.58192	97.74164
83439e63-7862-4faa-bde9-c9fe9b85268d	26060	95.52919	98.80572
83497972-7d6b-4c8f-b9f0-1ef806c9b7bd	33503	92.09496	98.85550
8349db14-2785-4145-bf59-db4b232f1e1b	33198	92.18366	97.03788
834b153c-077e-4f15-98c5-7c0eff10b8ae	23369	90.05208	97.43139
834d2f36-4010-483f-b11b-31525f382410	43544	92.50000	98.51145
8353ea50-2ce2-4c39-87aa-c7d4e9e14034	41954	92.52946	98.10079
8357887e-7cd1-43f5-9c79-a5495a94b23d	41309	82.65831	94.80378
835b1794-80d9-4cec-a5f2-a6368cc039f9	30267	95.38232	98.83451
835bb2d7-f5e5-45d5-b211-0f8c35cce104	45910	95.82370	98.99337
835f4e85-58be-4944-a983-35fd4d59429e	60923	93.39175	98.15143
8363acf2-6c07-4d2a-a1f0-1fdc272648be	27802	95.08033	98.68730
8367e393-869e-4a33-8989-9ceb044e2ff8	33680	95.10695	99.18543
836ffcf9-2f35-45ac-8e81-bb4435a51e98	34551	86.48780	95.47445
83724ba7-6a12-4337-a9b4-d37bf3a3f20d	23981	91.43822	97.86013
83782953-1856-446b-9c1b-239b406117db	25354	88.77543	95.64806
8378ec73-3545-434e-9a72-434ead6d6711	26903	95.49059	99.07657
837a5ee6-ccb6-43bd-8dfd-5c746c68da04	45210	91.48387	98.36737
837c6b88-9c7c-47f3-9e4b-33a4e188990c	5104	88.49005	95.65564
837f02f4-2a86-49f3-b31d-df7bf4679146	34860	96.22892	99.07988
83859557-e6df-426c-96d4-82f27093254f	35706	95.78759	99.28102
838eecfa-9e25-49e5-b975-0db31accd3e3	29870	85.49258	94.56290
838fb014-2f51-4e68-a674-f16604640aef	36725	91.16665	97.34410
83904491-b9f2-4cb2-9ee9-0b5034ad10df	22494	96.35485	99.26480
83a446c7-444e-43ad-b88c-42652c40616e	56772	94.75761	99.55921
83a65421-713a-43b5-9a26-e6d7641d5648	22070	87.60469	96.98080
83acca0a-7bb1-492f-b9a3-3070f12796fc	22986	95.52994	99.28906
83ad3ff6-1daa-4d87-98d5-710634ddf87d	34729	94.49278	98.58558
83b94336-586f-418e-91f8-e1799cc74c7e	61857	89.38752	97.49854
83ba6ef7-1b93-47ba-8eb1-7c5f656554c0	22889	82.20160	95.92602
83c14544-2b6e-40f3-9b66-1adfc2c6c83a	43636	94.42700	99.12684
83c7b4e5-8a0e-4b39-8bb3-4d3a73577bd7	46191	84.84499	96.12456
83ca8211-c2c0-4c87-b6af-dbc23596f89c	30500	94.67224	99.09432
83cb06cd-d99b-4a4b-836f-f66191010864	32865	90.00783	97.12686
83cd9243-89cf-413b-8795-5f962ea4b51e	26128	94.60573	98.92918
83ce0a2b-3849-47a2-bddc-ba8fbb89a9de	22690	94.95591	98.75093
83ce3415-75e4-4de5-be41-8b1e98f7895f	46753	93.91054	98.78444
83d2e176-ab79-4479-98db-72e7db392d9f	33531	80.99928	94.20767
83d86e52-b847-4947-b21d-59d589ec8489	31302	93.18351	98.47969
83e060d7-6930-4d51-b59b-b36154a256dd	67994	94.64340	98.93206
83e59b86-adc4-4b7e-b231-7411f0b263b5	45508	89.50521	98.14831
83e66f37-4372-433b-afe1-df5d91feeba9	65241	92.79553	98.62429
83ff4f37-1492-4c30-b8a4-ade52bc3848f	45425	91.24159	98.19213
840abd54-5dca-4d2d-a955-bc06d588e07c	51071	86.30856	97.85522
841574a6-9992-4030-a602-dadd810fdc60	46660	95.17045	99.11484
841c9c55-5c92-4a10-bf5f-02ff57c21988	31754	95.91995	99.18511
84241c08-c91d-458b-86d4-f93c3a151d02	47197	86.97250	96.88580
8424dd6f-011a-403b-94e7-f3d0f0bb9cab	44256	79.49356	93.60998
8426781f-d0d0-4b42-a8e1-806da4d5bb8d	38318	87.35338	97.89387
8429553a-24b9-4329-9f3c-b6d069b84efb	29859	91.19472	98.98567
843229f9-0244-4ef5-80c4-1d6c0c5a0e2a	53042	95.75899	99.50561
843e19df-2f7d-49e7-b5b7-2b53a3972569	39440	80.21423	95.89730
843e7796-4ced-47f9-8786-324dc5455aba	41858	95.40265	98.95552
843ef9e4-0c5e-43bb-aabf-6e8ff7094d5b	23396	93.17026	98.65442
84416c5d-b9b3-48b1-aebe-e21bd74ee6aa	43141	90.54611	98.04221
84433ff1-ed8d-43cf-9eff-8c5884423acc	46695	95.74584	99.10551
8444112a-7333-4445-85fc-40cba7627b8c	33126	95.34215	99.12728
844653b5-49e2-4d15-ba42-3b07db5d396f	63338	89.61279	98.38835
84483c43-5896-495f-8dd8-83d49873251e	56913	90.93259	97.76654
844c32f0-66f7-4fa8-b129-bc6d467a0454	38658	93.66824	98.51139
8458ed4d-84cb-4134-b8af-774c4f7fd409	38985	88.93403	98.21153
845b3df9-c048-47ad-937b-6d760bb09128	46845	89.43652	96.05214
845f20f6-65a8-4033-91dd-8aa8963eb798	33647	94.06421	98.91240
84632ad7-5437-452a-acd3-cbf25fcbdcc8	24421	83.80909	95.27001
84671c35-0146-4144-a0d0-c0081efc14f0	22739	93.40121	98.88161
846f2aa4-1043-451e-bf92-dc62d72ca00f	62172	90.52651	96.62879
846ff7bb-144c-441a-bdc5-07c5db1d5501	36010	89.84512	97.86753
847933f3-b698-44ba-bae7-22edbf9b6313	23725	92.05168	98.74295
847a3b3c-a03f-4da6-9a44-31e73962771c	21404	94.92121	98.60169
847ac346-2089-4bc9-abe4-e85128247f4b	30119	87.24125	96.88700
847b1f3a-224a-4bbf-9ce0-1e881cfb55d4	22471	94.52150	98.87363
847df113-5b0f-4024-ad1b-07b9181ec34d	23032	89.62154	97.93080
847f66a3-73a4-4553-8585-8d471fce7bff	22318	93.01806	99.33446
847f8205-d67a-433f-a9dc-e9f9ab0db759	25994	91.51827	98.74619
848621c8-ecbb-4cec-bedf-b40d77dc22ff	40030	86.59575	97.20749
848ad117-83fa-4952-86fe-b990a342cabc	29356	89.04154	97.19878
848d1b54-bf54-41d7-a936-21fb73d9576f	32555	89.97276	98.52232
848da744-08a5-4889-ade7-85254943690f	23822	94.29510	98.95465
848f910a-c4f9-4f2f-a21f-8aa0afb5e615	24920	89.16081	98.51967
849b3abe-e8c2-4d2d-a14a-a8490d4a1830	22543	94.93512	98.49601
84a5fa72-4508-4eb1-a668-42ec41ebbed4	43566	90.49945	97.92047
84a9c234-9544-4840-8a50-c003677ba462	37187	95.25145	99.37333
84abdf6b-b8f3-4a46-bf1a-36092959b41e	24736	87.74333	97.25495
84ae02f3-7a98-4756-bceb-ffe410883f15	46087	96.44475	99.06554
84ae2cc7-4d98-4a7c-bb96-9dff8be8f78b	23519	94.72273	99.60899
84b49e1b-76c2-4a33-b10c-a77c924c7273	22632	95.45948	99.01672
84b5398f-38cd-4a2e-ac86-c2be0a948697	22360	81.74600	94.41590
84ba6b54-45dc-450a-928d-47638dee1e1a	23226	91.61786	97.80680
84bb5b97-914d-46af-aa54-7a0620e68fdd	28623	88.24601	96.95642
84c06513-c97d-4ba2-b66c-0d2574688c5b	26179	94.68081	98.87249
84c4011b-2061-425e-b9d6-bf48b51b7ccd	27418	93.95548	98.70739
84c6a038-6fce-42fc-9ea2-ff6e45281a3f	22422	91.93653	98.70956
84d06520-9801-42c0-a27d-18f9b71f6f14	24047	88.30252	92.86213
84d58480-f690-4404-beaa-57375ef5ef23	25073	91.58029	97.77560
84dbffb2-441a-4aa4-b198-23fa043fa620	39892	95.97433	99.33385
84df1ebf-a1d9-4767-b1bb-9077519c4aba	23100	89.56358	98.15178
84e47531-6968-4791-a81c-e80f8b454b82	36671	89.68827	97.98372
84e5853b-9c3e-44f7-9797-a646137c5ab2	25895	92.09424	98.51578
84e72486-ec21-4a8d-a7cd-a8958d9e69a0	65230	93.98078	98.82060
84eeefe0-fcc6-4e39-ada5-58e08da99555	57465	90.13906	97.62318
84f24f64-bbc0-4db2-a8a7-5c4002ac0f0b	42140	94.35320	99.41156
84f36115-1eaf-4221-bca4-a77f77175eb3	37089	93.87067	98.89112
84f7ec8e-ee65-44ca-bf06-8f4db3937aa2	35513	81.46815	97.13392
84f9b930-82d4-44d1-9309-786115896a72	29302	86.76933	97.81569
84f9ebec-0c1d-4ac1-acb3-e5b3d7dcfa9a	26139	90.46746	97.28397
84fade52-6b74-4121-ad35-f4bff55d5d09	22957	96.00840	99.00532
84fbd757-cbf9-47a7-a9ff-5de4d6fb33c2	32636	94.48788	98.84032
84fef86a-7d46-484b-86c8-304cc582813e	31606	95.02949	99.07594
8505931c-39fb-466b-920f-bd3e507bfe1e	26208	85.22063	94.27467
8506f2b0-b704-4ffa-b027-c97b8bf0db3f	30416	94.63912	98.80479
8509236a-3168-449a-ac47-bcfae1660446	27740	90.53003	97.21030
85105052-49d4-4a82-80e4-18372b2d377d	42930	95.67934	98.94234
85159bdc-51a6-4d37-8788-ead82e2ae435	27923	88.54160	97.27572
851ab146-effc-4366-9c7a-03030bfe0508	26332	85.96849	96.36551
8525d612-7d5a-4355-879a-c7f684dadd67	71060	93.35115	98.11738
8526241f-ea23-4696-93c0-f8fa7bb76174	43968	92.33029	98.73799
8526610d-f639-49a5-a52c-545b097abca2	33075	94.54276	99.17939
852aa90b-e12e-49d2-99a1-7d2c79f20b90	59038	80.31630	96.02515
852e1dc9-c18b-4400-abf0-a939b862fe48	24873	91.59590	96.40760
852fda24-2cb8-4f17-88a5-9447bb7f92e0	42060	94.43785	99.23433
853adcf4-6b41-44b6-8903-35efb7d4f898	81221	92.22194	98.67800
853d14f0-ebbe-4792-b4d6-86075b4814c0	32809	95.96977	99.11882
853fedfb-a861-4319-9436-4187fa7c9497	60655	87.56490	96.97940
8543aeec-85c9-4147-aae4-b0478c401830	31567	76.90471	90.16520
854942ad-ec83-44c6-acf4-99f7234bf4dc	25965	89.45665	97.25847
85496c2e-823a-43c8-8cdd-fa70ac17a4dc	45829	95.56037	99.26231
8549d18e-3b65-49ad-b439-10c31339194b	22674	94.55976	99.03125
854f0554-6fbc-4512-810a-4e78ea26b292	33251	86.77691	95.69130
8550df4d-56ec-48bf-87c7-34520927b84f	38204	89.77156	94.13492
8553a657-058e-408d-8aa4-666bdd559cf6	28813	73.54867	92.84824
8558e316-dfa5-48aa-9617-b403a1ee4017	5090	82.56663	95.22100
8562785b-dfd9-41a7-a8fe-ceec0100b678	26437	94.99498	99.25075
8564033d-b81e-489e-a113-437f06fb3869	31686	84.14024	96.05904
856677d2-d9bf-4073-be86-245063cb24bd	40200	84.61466	96.98557
856cfa85-79a5-4890-8622-38028e8df008	31788	87.90673	96.43933
856d90d4-7cfc-4971-8cd2-fc2522e2c3a9	29511	89.66584	96.45458
856f85cb-051f-4350-b80f-5b55ab534b23	14675	94.07719	98.68056
8570c509-bf2c-46c8-bcb8-8e52f8b3f052	38250	93.82879	97.55412
8571e2ea-19dc-4a10-be2d-43af823e7eda	34506	92.69372	97.79451
857743bd-8eb5-4fd3-b59b-2b10f8836b0c	24967	88.46154	94.32675
85779633-8dcb-4b9a-b6ed-5542955b7ebf	24302	94.79217	99.87630
858018c6-543c-4fcb-94ca-c00b14be9849	71297	95.28243	99.33470
85877e16-baf7-460a-a36a-9e0fa657481d	39612	92.07712	98.46326
858b94da-5f3f-4eb5-be8e-24fbd6486423	27492	95.69519	99.39455
858f059b-01de-480f-a7ec-ccbf02d8ebcf	39528	91.15534	97.95533
859554de-3186-4a19-b98f-3ba05e3960ce	25525	90.62150	96.65666
859e6dcc-9429-432b-be91-bad32988e16b	31592	94.63926	98.61068
85a30a90-8666-4055-9303-385179f45e7c	24255	91.39454	98.75061
85a98ad3-b9b5-4830-8eea-a04d3e6d5c66	35328	90.58340	98.08201
85b5d4c7-9e4b-495d-b5b5-8d1422f5cba8	52998	95.68918	98.96583
85b9c064-f0a7-4c71-86b3-fb4e0c1d4a9d	27026	92.96237	99.00313
85ba54f1-6d42-45e8-8ade-fe67f5081fb7	26004	94.69167	99.25259
85bca226-912a-4680-9a10-71c168e767e9	22379	88.17673	97.91566
85be7d10-42ef-4e81-b5c5-125ab5598017	25062	82.92847	90.75029
85bf7487-e660-44f4-932e-d512eaee0bb0	23129	92.56757	96.40766
85c143f2-5e93-4a03-a17a-49ba07ceec06	49851	93.47906	98.12902
85c2af12-2b78-4b98-8af4-7789473f86a8	38010	73.58322	87.25921
85c2da89-f84a-4a85-a354-140881d19e84	24117	93.94013	98.75154
85cc7173-33dd-4771-8e4d-e1cf6fc8cc0e	22628	96.74978	99.49698
85d4c14f-d941-44a5-ad05-f7756aa59312	23509	92.73209	98.67711
85da03bd-0902-43eb-9ab1-1881278d6f1d	33402	77.73929	90.71174
85db0a92-8d88-4c01-9fe3-c307768ce4b7	30198	94.86664	98.67955
85df0545-b7f3-4761-b12d-5976041e049d	23967	92.64418	98.99751
85e0af4e-37ec-436c-84ed-c5f738753f35	26015	85.35556	94.87161
85e4afcf-33d3-4474-9326-09cfa345c672	22135	86.39058	96.70074
85e52c06-465c-43bc-85da-4d4975bfb8eb	33214	95.00694	99.18578
85e8bae4-8524-4d71-af9f-97e3bbe3146f	53417	81.25523	97.01262
85ed54d9-5ea6-41d8-93a6-f1085f89219e	48669	92.70715	98.23483
85eddf5d-f1d9-4087-9c73-4b8ad77d490a	39087	95.50904	99.45694
85f13b03-560f-483d-9ec6-af95a78e0c77	27508	92.71013	98.06648
85fc5f13-6fde-4fa4-8ec2-ceaaa864adcb	33679	88.34295	96.73237
86021508-62fd-45a6-b1f4-bba4ae477b56	29162	96.31444	99.05313
86029f8e-35c7-4f30-b1aa-c3025823874b	41351	85.66693	97.43911
860703c4-3464-4a84-b7fd-f868c474f444	27008	90.26994	98.08597
8607fcd7-63a8-449b-a2ee-4935573fedbd	22905	89.41330	98.07279
860cf92c-ab24-4c82-8dac-288e979733ce	25463	92.53566	98.60917
8612c062-1b6e-49f0-9756-721847f3c0e8	36218	94.07498	99.32659
86169250-1323-442e-8b48-35b55f24a0ce	25398	80.52056	94.41892
8617c40b-53ff-411a-8ef5-5569d283f211	87996	94.73919	99.37160
861b3884-c6f5-4288-bcdd-c2d53cab1668	39327	96.02674	99.13871
8633095d-f343-4211-94e0-af8dc846cebd	32066	94.04076	98.21034
86342d44-6a7c-4312-9d99-c44e676fa542	41251	89.24433	97.99614
8635cb13-43b0-453f-97e4-6138f3281b59	26221	92.54483	97.24259
86391bbc-0dae-4c89-a571-2d7ffce50ded	29832	95.84972	99.38552
863b539a-96a2-42f8-9c55-abd8a6fa9c9b	48909	95.26372	99.21362
863b91b5-fb20-419e-b861-6f91dc0d944c	28854	94.29267	98.26726
863df90d-abc1-4539-b2e3-e773f9564b63	66027	76.56729	91.75486
86405716-036b-4823-bb08-98c46c45b1e4	48110	85.86375	98.24759
8640cade-5944-4ff6-8c99-f6c21dc56b77	38474	95.01108	98.97912
864e5ec3-4c5a-4202-8edd-6a443b58537e	22442	83.34231	95.73382
8651d7a9-5480-46c7-916e-fbb19d220ceb	30767	82.01732	94.89941
86525398-e389-4904-97dc-c74d84df817a	24434	86.95350	96.81202
8658809c-593b-4dde-8d48-75cea8805752	28951	95.00779	99.03279
865f0a35-9266-4626-8029-a4214c11e9a8	40319	92.48873	99.59416
865f9357-d56c-4f63-8542-08524c6c6dae	24558	94.73179	99.11325
8660b4ab-edad-4c58-b4c3-f568a953a0e7	34567	87.98467	97.70467
866ac8dd-7240-40e0-8bb2-1739ef6a7de2	78296	81.20109	93.11984
866c35fa-cb47-4629-a932-086b1f0fcf55	22870	96.30190	99.54146
86743d01-277a-4c14-8ee3-ba390fed91de	41003	94.86231	98.84339
86760c57-ae68-4b8b-8454-5728894f1e27	76008	93.32952	97.25736
8676d59b-fc77-430b-9fe1-0c39ba3ea07a	30855	89.87574	97.45126
867d5277-9f3f-4a06-9c59-49a7d7e8ca92	48821	93.27179	98.32352
86875039-8b3a-4fae-a6c0-74cddc676a2b	33654	83.26624	93.90223
868d9ece-1884-4411-960f-edd523fe3f5c	26170	85.83204	97.35141
86908fa4-9b26-419e-b55f-8f113da7a446	30244	94.60659	98.94461
869843d2-fde2-422b-82b1-d3c8aaeede71	26699	90.23920	96.86329
869eb92f-7607-455a-be49-07d51722872d	23507	90.32258	96.26038
86a0f241-3f02-4d91-a35a-7904da1c4b8d	27388	79.38392	88.49569
86a2ff4f-0042-40af-9ae9-c73b41784bd3	31332	86.65116	97.08304
86a4807f-32e5-4c11-b071-6ba4f811085f	23027	87.28090	96.82540
86abc5c1-b997-4240-b897-98f4d30588cc	7510	89.38356	96.91230
86b434a9-3daa-4f29-8f15-86bcb94ec15d	23985	86.89339	93.92652
86b7344c-69e3-4c4b-80c2-21fc4e6e8d1c	26083	84.56112	94.91841
86b79ac8-da23-4a03-be41-f6f7dd4cebe6	31699	94.89595	99.35903
86bb4f58-57f3-4670-a909-37ce84dfa942	66915	89.03078	97.58772
86be173d-5723-4e23-a9c6-cd0d69555181	73926	93.75049	98.66132
86c3b3fe-62b1-4423-acb7-69d57ff781df	22179	90.60289	98.08988
86c8d135-04dd-4679-9faa-73e0229ae346	62385	89.61687	96.46640
86c95045-06f9-4fdf-ac65-1a1d9b672d6f	32418	94.85447	98.76038
86c98247-70dd-465c-b42c-7f57045aca42	36539	92.70709	98.08345
86ceb6e5-de39-4f23-a3f2-70b68879598a	24692	95.23696	99.54691
86d5123e-0598-486c-8075-9b021dda1b90	36926	87.98373	97.42009
86d9f64f-8d05-4845-ac01-4c400cbbda6a	30511	80.79314	91.03457
86dd688f-0fbb-4f1c-a1f2-9ebe025c0e55	22274	95.45434	99.05425
86dfa333-26f2-4c08-a98a-dd14b6da63a3	22263	95.25615	98.75356
86e088cf-3096-4380-9ac6-aad06609c69c	33508	83.82108	95.87472
86e3a44c-cc03-40f4-82e5-421d5e029964	29877	85.36486	96.61336
86e57a41-9292-44ec-a36c-c51da2cba2b7	23890	84.96596	96.49472
86ea80fc-1816-480c-96e4-9a92b555bfab	43222	85.33336	97.53117
86ec8678-9d28-4296-b6be-257b39180386	42766	89.97393	97.99389
86eee9e9-f7f8-421f-9d9e-040a3f24f478	31705	95.12944	99.14675
86f3748f-e5b1-4d40-9a57-70006b28a339	28489	90.19561	98.07400
86f6f99a-a8e5-48a9-9e2e-b09be7cce7e8	23326	90.19219	97.85762
86fd9673-d391-4221-ac58-2472d3a2a4ba	41407	79.55013	95.13195
86fe3a04-90c4-405e-b25f-6dca3b629c57	82624	92.27468	99.04454
870046a1-aaf8-41d5-bbaa-4e200763dcef	34149	93.88078	99.28259
87090452-d2f6-476f-8dea-33373ab004bf	53284	83.42201	95.93467
870a79ac-15cf-4d52-b54c-622523ac854d	39950	79.81523	94.73597
8712e629-b1ea-4f31-896d-c92b7b21cd54	48802	83.87214	96.44536
87180ed0-e8c8-4a05-bed6-80a77038c0c9	60299	89.77853	97.45550
8719eecc-1b18-45be-b2d7-d4f98ec858d3	22255	92.36114	99.45250
871b21c0-00f1-456f-9a51-8cf1e9c3044b	35477	94.44934	98.59343
871fd492-251a-415a-b50c-8f602890df8c	35316	93.41278	98.51723
8722e2a3-b9af-4e05-94cf-8d4e0d589883	22840	83.65047	94.48230
872ecbeb-aba2-4d1b-ad11-afec63dae3bb	32559	79.02926	93.65675
873230e3-48d0-49fd-ae8e-0d55e3b4c373	43237	92.69208	98.67091
87338d3b-64ff-49fd-af4d-492bd1fce494	26219	88.35151	96.10533
87382086-3774-464a-b3dd-43174593863c	74393	93.84545	98.82705
873c6cb9-be7d-4d8f-abe3-137bd153e998	29414	94.69062	98.84751
8741086a-a825-46a9-860c-e6fe5e05fb03	61982	90.40432	98.34547
874154b3-9706-44d3-93a4-d35fccc9d4f4	64449	93.99147	98.76445
874f76df-e17e-4a6f-b7ab-f7b4ff7256cc	23536	90.93201	99.03631
87541a0e-d543-4c85-8f92-61e0ae359241	32660	95.92021	99.02862
8758a7f8-4ec7-460d-8888-ff4beec2ff06	23792	90.91493	96.87640
875ed5f7-b4d7-490c-b595-6bba66038a25	37123	95.05278	99.21538
87614c27-2c88-4236-be26-5e31b8e823c3	40249	93.77975	99.42094
87669957-5435-43b6-a89f-d9f2cdb42192	27962	92.15072	98.79121
87706e2a-5f98-490c-a5ab-329ba7ea1851	35669	95.96135	99.20834
8772d089-2ffe-4518-bef3-0bc0e0e6288b	27653	94.11451	99.28715
8772e4a9-c84e-42ae-89bc-1a13d66a9d93	43747	86.03845	97.12277
8776f79b-beef-476b-82d9-bdbac97949b8	37130	91.13194	97.72541
877b3db6-0fb1-4d64-9509-ea4108f894ed	26677	94.96643	98.65381
877cbf44-f9f9-45ca-9100-bdaf4bcab5d8	26843	95.90742	99.49082
877d55f7-ca58-4e26-ad6d-e1c8add8a19e	30672	94.60357	98.88806
877df5c8-55bb-4b61-a7e4-ab936c3b3acd	36734	92.30749	98.05306
87812b6d-7988-42b9-8cb8-7040b5f6e12f	38471	87.95862	97.75304
878b530d-9cb6-4eea-a95a-70970504be49	26679	86.44181	96.22389
878be9b0-f6a9-4e89-9a7d-161bf817c3e8	21444	91.46545	98.11980
878eea43-7f0b-4ff8-aa69-d07ef0509406	37022	95.23481	99.07678
878eecfc-442f-4e8b-b816-3a6d4131c741	20064	83.48014	94.62320
8792d1ab-48c9-4dc6-9038-fe7e5aac99e5	21974	88.59521	96.43959
879309bb-b8ff-45b6-a958-cd2925f367e5	30312	94.04789	98.77834
8793f68a-9995-4753-86c0-912e24bbdc42	26018	93.20290	98.93560
879904ff-9bd7-469e-8c29-3d79bc8a8956	31492	92.66592	98.99366
8799d352-d089-4e48-9910-e82ec7fab9da	25188	95.15703	98.69910
87a43f85-acaa-4d3a-b8dc-29486eedcc0b	34675	92.25597	97.68197
87a7599f-ae6d-4402-bdbb-0f44b07b3f26	46162	90.37587	97.10252
87ac8584-ea3a-4114-8dff-7af7e69bb338	31403	88.72044	96.75309
87afe94e-096f-4de1-b67a-2e8fcce9aa03	25345	95.13725	98.93113
87b6b682-b39a-4e2f-b5aa-5915e5072a17	24705	95.35504	99.10265
87b8cc98-aad3-4037-a78d-04a0c6265c9e	33905	84.93577	94.65850
87b96a32-f4e9-48d1-967f-7a41b2a07939	25124	93.56424	98.47664
87bab88d-20df-4196-b23d-63f3a338f803	23887	90.68429	98.50128
87baf0be-4139-4f13-b3ee-46415152703b	39445	91.25212	99.15577
87c0fd1b-8e35-46ff-9ab9-75f45333bb12	32240	93.61847	99.37844
87c35a41-d254-4a2c-9bfc-a7d5e1b9bf9b	28883	95.37135	98.84702
87c3a0a0-050e-4f3f-922f-2a8d49d2807b	18727	90.05262	96.21524
87ca339d-2bc4-445b-9797-5d76ee6c101b	39311	90.38438	98.26584
87cfbfd1-d257-4882-a267-077504a78ac9	22464	89.76133	97.77739
87d19636-c08c-4ee3-9083-dbd3b987794c	61970	95.41687	99.04462
87d37db5-c463-420f-b8aa-9e58ee1ef54f	31012	94.71010	98.74824
87d625a3-81ca-4356-bc57-4d5e93ae0b46	37055	94.00063	98.84495
87de4b41-9a43-4b81-bf9f-af3c24bbcd82	34411	89.93392	98.59953
87e1cfc9-8673-4d34-8f3e-e697d6ae6531	59371	91.59553	98.71315
87e4b4be-925a-4449-a571-b4b5a5e1ecd8	24023	86.22004	97.03677
87e60303-1b93-41b1-b119-7d41c960ece6	42214	90.55892	97.52506
87f3d17d-f3a3-422a-a639-2e17ec39ecf9	30740	83.55968	96.31471
87f5776b-2cd0-4b1e-8fa6-595ddb791c5b	33163	95.02056	99.16092
87f72b22-869a-4524-8fd6-f7081f6ac311	29203	90.04907	96.98867
87feaaff-fdec-4adc-b047-c8f64ca71f50	31683	79.69028	84.97362
880af0b1-6697-4207-a1bb-363f8d908d51	48011	95.32305	99.58047
880d416e-1d13-464a-aec3-04398957349d	54045	94.78397	99.64550
8816540c-f4a5-42ef-a4bc-345c718c94d4	31375	83.70874	96.48863
8826e114-44a1-434d-9201-bf7edeeaf455	34220	79.32982	93.46663
8827bd7e-3110-4994-b4c9-9c4edddc4c4b	39857	95.69895	99.63426
8830af71-15f0-44d3-ae8c-035f35f8de09	24171	95.89650	99.16872
8831287f-5ac0-49dc-8d6b-d311690d2abf	23307	92.67081	98.43187
883224ae-6586-4c50-b7c9-cdd314d64414	26563	87.55552	95.21918
883674a1-e728-4551-8b73-40fb1b0b2526	38467	89.75076	96.90537
8837baf9-d283-4ac6-b58f-f8b665ec8f23	39845	89.61613	97.87716
8838c555-3e85-4c3c-ba1a-bc816bba9142	28317	88.50698	96.43601
8838f132-40bb-4691-98fe-41cf6bb73e30	29287	90.00296	98.43929
8839e32b-e21b-4fd4-a5a3-1757b3a2bc58	25778	94.61769	98.86154
8840cd6c-9abb-481a-8d9e-059412b36465	50417	93.82778	98.97907
8840df9d-fb89-4e62-9d1a-7a6d44017dca	28989	88.89766	97.39139
8842d3be-bd34-4f79-bf48-9a9ef064de63	33974	91.22259	98.06259
88442cb6-4239-4fd6-8e0b-15435b69c2ae	24770	95.76787	99.12471
88498901-6a41-4288-aec5-5265e9bd3e78	34807	93.70867	97.99921
8855f1d7-8c64-442d-8b3a-9fb56befab08	61771	91.35625	97.51589
8858e374-bc3a-4ce5-972b-a31989374474	23783	89.06746	97.55656
885a4767-fe0e-4489-a7e0-e746464987be	55643	89.42864	96.95526
885c08f1-f563-43d2-8e6e-5aa64b15d897	59962	92.68807	98.83619
885ca71b-ae31-4350-a7a6-5551988c5978	70061	95.55552	99.06438
88625a2f-8273-4059-a002-b3c49faff769	27405	92.05979	98.41607
88679910-7fce-4407-a442-57c2b6ac4237	27518	93.79870	98.99293
88689a78-97b0-4b47-ba97-7f680dc675a1	38391	93.50610	98.66361
886ba039-cc3c-4215-a8de-5d6f81ffe20c	15675	95.73382	99.31869
886da64f-c7b1-4476-bde6-b9f312319dfc	52919	95.33576	99.20957
886fd697-3b07-41cb-92b4-a09ecec663b9	37579	87.40913	98.16007
8875478c-c0ea-4072-84b9-9dee27f49edf	52350	92.89824	98.22535
887d2d0b-8585-4071-995b-41ba2f0d50bb	48021	91.02923	98.50418
888432e9-9e68-4eb6-b2fd-589e1f79b1a3	33447	91.39471	98.27612
888c7620-fc32-43a5-80f6-36974859c80b	26340	88.50871	97.75482
888f4792-2f7a-479c-808d-d0f9a931bb12	52632	90.71888	98.40839
88906cf9-4854-472a-b3cd-fcdf4cbc6f99	38236	90.88681	98.37195
88938f4b-0e04-4429-acd1-fc88290e6fcf	19672	94.27848	98.42401
8896c215-13c2-47a2-b620-611b0702992d	32403	79.81169	95.97764
88a0facb-1a4d-4aaf-b475-eca6ef285689	31601	83.19125	95.98063
88a10bb6-feef-4fd0-aa8f-4b2f9b00957c	27717	90.98158	97.78982
88a3cb5e-3b9e-41aa-94b8-f7e43f9e655d	53552	85.92106	97.76290
88b12a9b-a1e3-4eab-9fb9-e5caadcb1d85	28249	88.14620	97.30794
88b2418b-1415-40d0-b89f-7c4ad1768821	13135	94.12898	98.18318
88b75f3b-00f8-4a03-8203-55b7d3dd66d8	24206	89.05928	98.02934
88b8b7be-a3df-4d42-ba79-ddd13e123fa9	22583	81.38165	94.96970
88badd3c-04dc-49d7-84b3-38d9d1161db2	33255	94.52817	98.77827
88cc3b00-a63a-49e1-abbb-413e9145d62e	31391	95.03217	99.62457
88cdcbca-8cb7-49ef-8855-02962560d95f	50240	88.53187	98.18602
88d4f274-e1ef-4227-bc0d-08658d4c3421	33542	79.15849	95.09213
88d9f323-27d8-41b2-9533-d73f58161880	25836	94.33998	98.23478
88dd19bd-c4f4-479e-b0ed-1dd981f93e59	23834	91.12906	97.91796
88de36b3-32db-4b3d-85c1-c5a7daf4723f	33114	91.27262	99.89408
88df7c05-0832-41f7-9eb1-9e9d1f8f0715	26070	95.01659	99.05786
88ee40df-58f8-46c4-b95f-d8ac6b8eb199	33291	89.91111	97.72921
88ee8fa0-7c34-47d0-a048-d64b284166f4	23533	74.48840	92.04819
88fd2cda-eec2-4ceb-b262-91c58bc2d6bd	53236	83.48173	96.71934
8900ed22-60ac-4350-ba9a-0af19d6b7656	31523	95.16841	98.76276
89014d11-dce5-4ded-a7d7-059b1fd8e89c	25530	84.70958	95.65937
8901dcaf-4995-4002-8446-4ecce394d655	55431	92.68242	98.24617
8903f555-555f-41e3-b8b9-cffd5d274d5e	51931	90.13455	96.91514
89076c05-6fd0-45e0-b97d-50e659ffface	25030	89.04229	96.88203
8907ffbb-91f8-4bb5-b399-d50ec478f7c6	55421	93.03764	99.25213
890ba4f7-8b21-4c6a-88ab-b4a12c6030a2	26844	88.09549	96.90647
890bb3a2-978b-43b3-bd00-a86a27df9f91	28734	93.62616	99.15152
8912398d-ad08-49f9-860f-3e3891ff7819	29091	84.38034	96.33348
89158371-2b44-4804-aefb-6b5f272f6b9d	24533	93.48057	97.12573
891a1746-ce31-44b5-ae6f-8b1582fb2166	48040	92.33262	98.25838
89247974-ab14-4c92-a683-e4b7ba1299e8	21696	83.45181	91.28561
892a7ba1-602b-408a-9ab7-3d827660889e	58386	96.09349	99.26419
892cca0c-0ef8-4203-861c-79271fa0f773	29139	93.70364	98.94461
8931eeb5-0999-49e1-8b55-4d97f2a9c0d6	76922	94.41711	98.95949
8933177b-ef36-4185-b92c-96e525d39912	18878	90.96830	96.84882
89339d88-c0a3-4687-9ee7-0b630c3cec8e	53544	94.32287	98.67855
8935d357-2e04-46a9-9517-7c1887be8181	36180	92.48324	98.44598
89361be6-2ce1-4339-899d-4a690c79922e	23357	86.42907	97.97121
89370744-865b-411d-b7f6-31c5bc5fcbd3	23398	95.26617	99.37780
8939ebb4-f14f-42ac-9ec8-1fb9cb643a67	28047	86.16586	96.49492
893f970a-e78b-4541-b79d-2211843c6ccf	24794	95.62833	99.34877
89462c46-6b76-44e5-9d38-dac5c57da96c	25160	90.33689	95.63940
894e7730-5f52-4f91-a976-784344fda706	43651	94.38741	98.93061
895a28f0-5657-4c96-9c89-1b0ea5951f67	51937	95.20849	99.68282
895b9405-25f1-4347-8733-8beee00cf9d8	35140	94.13057	98.94172
895dabb1-172f-4b8c-acc6-de39842d8239	36312	88.20131	98.24671
8961c1ea-7a84-4e28-9d9b-c858e603cc68	25661	76.65749	92.18581
896756ed-0b5e-463b-9d6d-b089cb0203b7	24244	86.82611	97.39211
896a4b80-9ce0-48af-9d41-b8b0e9a8de17	40168	95.18723	99.12472
8970d7e0-c64f-409a-b0ce-a48028708930	30943	93.72634	98.85330
897376c1-fa55-43ee-bc5b-aee5ec6f3d6d	31994	93.30090	98.39719
897d8163-091b-4387-b026-f231c60cc5fb	24551	95.61030	99.42321
897fcaa4-d3ef-4284-8ddd-7c18541fb13d	33363	89.01348	96.64693
898ad0dd-7aa3-4374-bb2a-954386678b29	22087	88.19946	97.72071
898c7265-8adf-47da-a6d4-35b8dc6726ae	27245	89.19363	96.99493
898f7f0d-d519-4909-b6dd-c1a90690c925	23079	92.03238	98.69144
8993afb3-6db4-4750-a319-cc17e6b254a0	56391	91.55326	98.44755
899715e6-cdbe-4bee-bff4-557a2530df54	22382	78.31350	95.75833
899f3db8-07d6-40fd-b654-9a74d1f9cab2	39877	93.63821	98.85946
89a3d4a9-8bd2-47da-9d75-f5675dce7671	25272	94.67616	98.62960
89aface5-bb4a-4e3d-bf2f-18e131e99eae	39321	84.66790	96.18468
89b4d8ab-644d-419e-93f4-3304408572a5	24273	92.88181	98.70283
89bb3210-6630-4a4d-ba32-e47236d1a1db	26196	88.69188	96.51589
89c35092-82da-49fd-bc95-9cf784101ff8	37875	93.79358	99.08180
89ceb775-eec3-498d-9028-c57eb04733fd	22808	91.18704	98.24933
89d496f7-9061-4129-aaaa-8824869a1d06	26270	95.11562	98.71809
89d9cf86-4a45-4dc5-92ff-06d12505ab23	46808	93.79688	98.87876
89dd18f5-0141-45d0-8d68-e9284ea3f0c3	10467	93.47519	98.22575
89dd6cf3-2dd7-48c7-9180-604fabaf58f7	36288	91.32459	98.99368
89ed55ae-d3b2-41c8-a911-e5498b0fd589	60852	94.55101	99.18081
89f5259e-09d2-4ab9-a34a-1659dde7767f	49125	85.53017	96.07493
89f5805a-09e0-42a3-a20d-e9869fa84860	26539	95.89082	99.32755
89f59f59-2614-4fd5-9f8b-6736d5807db6	26748	92.72641	98.46779
89f79f8a-d56a-4000-a959-70d62b2ac267	30374	91.66877	97.30207
8a00e84e-a8c7-49ec-8883-8e884ce86176	36253	93.51693	98.63410
8a02211b-d564-4930-af73-5cfdb0d074f6	25408	89.03987	96.57647
8a0bf4bd-3504-450d-9ff5-31dfe5e0cae9	22068	81.71187	95.52563
8a139491-1ee2-44bf-8779-c9c751177df9	28801	96.29350	99.15676
8a162781-b726-4521-8708-55313f5b7819	23753	92.12175	98.11024
8a1acfa2-68d3-40b6-95a7-4c5d57a5d723	22691	86.44992	96.45372
8a1b89cb-261c-42f5-ab49-4796716b80a4	24877	77.81842	92.75259
8a211112-b21a-43b0-990d-6f7dd4bd7a37	53485	85.91825	97.07305
8a23561b-4fe2-4d99-8e83-1063113a743f	50542	92.91290	98.64625
8a24a4f2-123f-4f99-bd8f-643e2ac87800	37412	95.91563	99.11067
8a2d4102-68ea-4eb2-bcc3-5e8d11df1101	38056	90.68386	99.22618
8a32baea-da86-4ac1-bba4-973825d3f67e	61138	92.63430	98.46012
8a37fb7a-5884-4306-9d01-a5e5bff1c617	25765	95.49371	98.94891
8a3a1b19-6ffb-4c76-aaf9-ebec335ce674	26671	93.24467	98.04819
8a3ae728-9b8e-4331-8ab2-14b409a0aca5	36630	85.10264	97.76642
8a3dba0d-038a-468e-b145-c7c35ff038c8	56146	94.71434	99.02314
8a3e3aef-df7f-4272-b2bd-01823de7fee4	27511	82.01499	95.48003
8a3ec0d7-0396-4da6-abe7-d69636bbc827	2541	95.26253	99.00239
8a3ff1ca-05fe-4de3-9925-970262116061	54440	94.97789	98.71422
8a4840fe-cd61-4437-a4a1-10e964c5e524	25463	90.36822	95.50282
8a4f6c0e-8b0a-46b0-b736-f1b46373f2ae	33466	73.50279	91.45742
8a5052f2-3b4e-459c-8b89-37b6bc08e3be	43508	94.58263	99.58255
8a53a56b-eee1-496f-8a2e-0c248533a8cd	47323	94.20484	98.52904
8a61adbd-ff13-4b23-98a9-7dddd9d1bbc3	36485	80.92566	94.96502
8a657d3b-c5b1-442c-9122-0899a4cf134f	58566	74.19326	91.01468
8a67946e-b74f-4c42-b1ff-ed494b4dc30f	39604	96.09515	99.19988
8a68e278-743d-4a0c-85ca-e4214797de2d	74995	90.22850	97.08909
8a6a3cdd-aab1-450d-8209-0025feef5859	32342	90.74609	96.99985
8a6b1076-419f-4968-968d-d406529febdd	83337	84.08009	96.25702
8a6c06ec-da4e-4b55-a0fb-d490ca3a72f0	27604	91.74664	97.55604
8a6e55eb-fcc2-4e5b-b4ef-d9ce1c28162b	28261	81.32612	94.04238
8a6e7f82-96ad-4ef3-9c85-82611ca65d1c	40553	92.14008	98.91490
8a6f80a1-ddeb-48f3-84d2-f938ef8139aa	22345	92.47260	99.06921
8a71a7ac-92eb-4518-9123-b45290c64621	43496	90.21529	97.82785
8a71ed67-cb6a-4ede-8ee9-aea2ee85e109	66883	89.02797	97.70609
8a728ec1-0447-4199-8586-933ab9b6c13f	36096	94.88304	98.57960
8a774d7b-62ab-416d-bbd2-91607746ff0f	27279	88.92563	96.78062
8a7868e8-a3a1-4657-b853-ad175477af8c	43088	94.41146	98.63551
8a7b4859-0457-4f5d-b74f-3050bc453592	29560	90.11704	98.15561
8a7d5339-28b4-4b9b-ad0c-7538f5d895ce	25301	94.06557	98.86707
8a8a1fef-f4fa-44fb-b545-841f1ad96983	29895	95.22732	98.85968
8a8dd83c-53a3-456f-a0b9-f6863633c36a	42869	94.34250	98.87695
8a926152-e324-40de-9475-b60a11bd8364	49076	89.71079	98.69010
8a92a178-dc5f-40e9-910f-17cd1a35e4d1	33664	84.95548	96.78582
8a940c22-91a8-43d4-a59f-8ba09a1e0a38	23083	86.46159	97.65861
8a944523-aeec-4e95-a835-1342bde50df2	22649	95.51338	99.01290
8a96c449-71ca-4f97-8ac5-f8fa27682a67	23319	95.50695	99.15102
8a9df5e0-2fab-4301-b01d-17c180cebf0d	39246	90.32698	96.97210
8a9e924c-e567-49e3-84e3-16a4239017bf	26324	90.55429	98.57223
8aa56fc7-6f2c-414e-a54b-8fb1b5bc1b55	39224	90.14088	98.11155
8ab46893-c2fc-4082-b506-d3744e5e4f38	23004	90.56974	97.73474
8ab7c7f9-b5ab-4d98-bdaa-134ab52dc364	22444	90.80588	98.07869
8abaa53f-0042-4e16-968a-b79673f63ede	22642	96.25076	99.37905
8abc9299-8530-4f51-a979-5ae5cb5d9824	41481	89.66430	97.50777
8abf55f8-7724-41a9-bb6e-8672d77e6295	37578	88.97242	96.61021
8ac53e02-f701-4948-9053-5b99fb97645a	29861	90.47742	97.86080
8ace3c86-f982-4855-a5d8-84af3dac4046	40092	87.18653	96.66537
8ad32752-41c5-4e05-89e8-daf7a3e5f50a	29271	95.22294	98.88227
8ad6e05e-743b-4c18-b441-82bb90c7ac21	46389	83.48760	96.27173
8ad917b1-0b4d-406e-8db6-9983cb24676c	22130	94.87032	98.74143
8ada1a6b-e097-44b1-8d03-2651623e775c	24914	88.89437	96.19616
8adb439b-75f1-45eb-b7a7-55a98704b128	22457	84.85501	92.89806
8ae05d98-15e3-41ce-8c20-7fb3564d0540	22996	89.59417	97.53344
8ae298e2-3fc1-4d16-9f08-5ae974257c15	38741	87.36750	96.30276
8aeca904-482b-4482-8115-bf6957509733	36011	81.72932	98.26997
8af35753-d411-4266-99d3-41aa8af96b46	22827	89.00347	96.25997
8af4a0bc-c21c-4063-a016-0792efff25cd	39080	75.67121	89.90038
8af9df41-87e4-4f1c-a316-5c0c4cfc32ba	56676	83.72832	95.58756
8afb1189-f285-4e62-bc48-33e6c7c5e08c	22794	93.76098	98.83478
8afc7328-cf3c-43f0-bec5-68e5c5591cc2	35408	95.19524	98.89716
8aff1b16-9fa0-4caf-81b2-de4b8e6e359f	25383	90.79022	97.87588
8affa9eb-2fba-4180-9e6c-91a4614558f7	32787	92.75693	98.31981
8b00a508-cb09-4823-865f-e2f20b649464	27511	93.19114	98.27085
8b021e74-2f31-4620-842b-a76991dbf009	44500	88.34549	97.92227
8b0431eb-b990-4136-a8ef-30f332727b42	41957	94.41611	98.68511
8b06a245-c13c-4ea0-be41-38bc18a1ef34	40568	85.90439	97.21496
8b0b3193-eefe-4484-bb7a-8e36557e226c	3823	90.57565	97.48052
8b0c6d54-7d83-4894-b4bb-94fffa30f0a4	42897	94.86242	98.91134
8b0f90df-d79a-408c-96c7-0b261f0a6d0d	28413	93.51804	98.73506
8b11cfb3-b6fe-4410-a07c-9dcb7280e359	26364	90.71803	98.83437
8b127847-4fdb-4e59-a5fa-1dbb969eb1eb	25226	93.06652	98.35148
8b12c9f7-c772-4c58-938a-d7dc94591acb	58176	91.90337	98.87288
8b13b760-4c65-4c64-b59f-9fd2e14354ba	56134	82.31148	95.50730
8b24e6b5-170b-4a62-8fbf-10f90e43fc83	29436	94.20834	98.98949
8b250dd2-e5d4-472f-b231-e65e2041f6f0	48098	94.54823	99.07768
8b2986b2-06be-49dd-bb3c-1270adf9f34a	32336	92.85607	98.40994
8b2dbb26-8755-4ff7-a816-ec662cafad4a	22184	89.58660	98.90199
8b3539ec-d454-4462-a179-5216762655a9	50365	90.65353	97.19708
8b365d24-5695-4ca4-8353-4f328bb83f87	23726	89.86244	97.50134
8b3a4920-1fb5-42f2-a71d-d2ef9fd6f2d1	27898	93.91399	98.39793
8b431030-e261-4473-bcba-c1754b096069	48035	92.66087	98.34690
8b46dc65-7600-4100-8ae0-13b7987dae2f	23291	87.31421	95.64179
8b49c511-99d4-4f5e-bd26-bb03267d0bf7	27439	92.99060	98.24083
8b49ef48-37d3-480c-a194-91a14895abc1	28959	86.63622	97.65538
8b50f956-3932-42bd-a25b-558e840e09b3	52718	79.48953	94.28279
8b522772-a777-46a0-9d2e-747345df8ed0	31164	75.31514	92.12720
8b562957-e348-4860-8f02-02050ccfbf75	56251	92.95303	99.16675
8b5ba8a0-4b09-4a32-9a80-dc8eb2bacaa4	33208	88.35475	95.86141
8b5dbe1a-3adf-44b2-80c1-a07ee3b7bc37	28364	95.36768	99.06156
8b5e5ec2-9bba-49be-88b6-61a1d98961bb	27071	93.61364	99.18057
8b5eaeef-2457-4e30-bab4-dc58b4c376c1	37890	91.24264	98.08496
8b6318e8-45a2-4e49-9182-e5c1082574e3	22198	94.63600	98.78049
8b638c92-ab7e-4fdb-8a89-048dd183633f	31686	95.98731	99.44345
8b648914-ae0d-4735-af34-c9cf989205fb	34893	70.81404	94.68549
8b64bec0-780b-46b8-b426-fb1ad2743493	21804	79.59954	92.29625
8b6860d1-a036-44a0-91b2-18be639286fc	30365	91.30601	98.42405
8b75fe36-8191-4f9e-9eb1-6173837c76a2	30665	94.90360	98.95186
8b76e40d-ffdf-4b66-b464-0c94e639242d	19683	95.71836	99.13976
8b774d60-014d-4902-b7d1-4fc8ec4caa57	27400	93.95324	98.89601
8b7ead0d-9de8-4e4a-aa92-2df9616162dd	36739	89.61133	96.85782
8b86b43a-d0bd-452d-bb75-0f340a72258c	27821	82.48131	96.13170
8b88385e-894c-41c7-a37b-425bae7d1a0a	37680	95.21389	99.12752
8b8fbcf5-f976-49a5-8429-8c550e97542e	39347	90.30344	97.48920
8b90256e-6c03-4c5d-ae60-d8a10a750e2a	51104	88.29013	97.42611
8b91c6d2-35a0-4253-a5a4-e97e575c5e55	24144	94.13082	99.70994
8b92404f-0152-4b04-8373-2ee7b19f8f3a	24210	91.44155	97.89055
8b9723e1-ceff-4874-8450-7010a51219eb	42878	95.49975	99.30453
8b9dc315-4df3-4653-85cc-3ab6f25958da	32266	94.83814	99.34515
8ba3a084-160f-41c5-a79f-43ddc9ad5eca	37528	93.96855	98.99992
8ba5e1a1-242d-4928-88b9-cc0ce1d497ed	30410	87.00344	95.24692
8baa7ada-15eb-4a28-a14c-1185f5c660ae	21698	85.48436	97.18702
8bacb181-a95c-40df-b45b-cabd25fc3c9b	22800	84.25509	96.07436
8bb1c26a-9b17-4487-8d48-1c682fedcf32	27747	84.21353	95.09443
8bb29adc-5ee3-4832-9a83-70a3d1af0f09	45281	85.28718	98.61758
8bb2fbba-472c-4948-a30c-416c3c2ba7ab	17551	94.91877	99.20531
8bb311cd-fa65-4514-a022-2021bb58845d	40040	93.74665	98.63304
8bb58049-e79a-4030-9ae8-55053f8a1dfe	38366	92.85967	98.47004
8bbd94a1-1430-4067-b3c4-434a0cb158d5	31174	85.71730	96.38330
8bc11252-1b9d-4745-8f14-01f45b2ced8e	30430	90.69157	98.00684
8bc13154-406e-4c08-930b-86255d3830ad	26550	93.55870	98.83877
8bc24b82-3ee0-4d91-a82f-572b8abc17bf	32408	79.11539	94.92813
8bc4952d-b84c-44d9-acb2-808030d118ad	37730	88.67657	95.69185
8bc55f08-9a67-49cb-b9d7-ce4abafb0e2d	33136	96.19648	99.05290
8bcbcd09-dd52-4bab-ace7-7b2b94995969	28655	90.45076	96.17611
8bcda448-e563-4ccf-b5d9-6a50ad439d52	4456	94.09387	98.04856
8bcf3199-4909-4b30-af49-7b681a401a7f	31244	85.91459	92.05899
8bd8c752-64cf-490c-bfc2-57ed9cb65538	31985	95.96923	99.03778
8bdc95f6-9165-4d5a-a5d6-abcf7faac95d	37691	89.57746	96.70968
8bdd003f-6cdb-47a6-a29b-f78f646b2222	24246	90.01740	97.77481
8bdeb0e9-13b2-4661-a9a2-5d9129a82194	27733	92.68689	99.51040
8bdf1c37-dc80-4810-8938-1b8d27b6aaf9	25025	95.22159	99.49739
8be220de-1979-478e-9d23-a7d52712e0b4	46199	89.24268	97.06824
8be45802-f446-467d-9743-9ad8062592f4	52274	91.44034	98.69096
8be550ae-7da4-49a2-aa83-3575a5154465	37869	88.75949	97.84935
8bee5aab-ab08-499c-9739-c10c2fd3d44a	46553	94.45529	98.77564
8bf003b4-3286-4670-98f1-e7147b601a3a	23375	87.96871	96.84928
8bf372ab-ed89-4d9b-898e-83338d62d0bb	50904	96.07938	99.20170
8bf45eee-d185-4cde-b7c0-a79b42394ac8	30869	95.41270	98.70800
8bf75548-9627-4f46-b9bd-8da91ba048ca	26996	95.81813	99.28434
8bfb27dc-60af-4da5-93ea-16e417d6dcf0	57358	95.13425	99.04724
8bfbff35-ec4d-4266-9d53-61b0aff7ff62	36218	89.54053	96.94742
8bfc25cf-4f95-4dd9-b6da-da4e8741228e	22475	86.86340	94.74686
8c02724c-d3c2-43bf-8c33-78f8f3160e6d	17085	95.66970	99.39359
8c03ac89-d7aa-4c78-bef0-f50cf0bd6e4d	70596	94.01296	98.57383
8c0bf76c-85f0-47ec-92ce-f33d22ed80b3	29696	95.82602	98.95103
8c0cb6d4-46e4-49fc-bd92-89ee018f04ed	40620	95.82636	99.32363
8c0fa9a2-8bf7-444f-a1b0-0681a8dd6845	33099	90.80520	97.44422
8c15cbfd-cadd-4c17-a383-784190db5c93	25997	93.30960	98.58491
8c16d342-fe70-48fe-88b8-32fd822cdf71	51939	80.28878	95.97688
8c184a14-8a5a-4fd9-bb8f-3c74adc9f385	34512	75.52667	89.63505
8c187d15-e0a2-44fb-9a36-b91fab19617c	28636	84.29130	94.06609
8c1a9d4f-0ad3-4630-b11c-b87e290617d7	62935	88.30484	97.54266
8c1e0541-c8a4-4d5e-aa55-7c1a9d12a500	27840	82.82798	94.80049
8c248481-073c-408e-9f95-ed755f2194fa	27782	95.45632	99.29772
8c27861e-072b-4fdc-b505-64a9b81dbf06	23153	85.15353	96.05680
8c2a659f-1224-41a6-a3f6-40d3c81e2587	22392	78.15252	93.81978
8c2c13f8-ec52-47d3-8afe-4ad24a8d7283	96539	95.86243	99.23571
8c2e9b0e-144f-436f-a791-6530df9e214e	51151	95.84428	98.75851
8c31ec62-df1e-481e-b421-c94dd0d1499f	53349	90.82883	98.51437
8c353bce-1169-4ab4-afc3-47618c069dad	27966	94.42225	98.87955
8c436814-e52b-4988-97a7-2af09ba3609f	30457	95.77643	99.38150
8c4597ea-d538-4430-80f2-78f10f19c3c1	34721	88.40416	97.89593
8c4c3b6c-31b8-4248-969e-dd9227da9766	34637	94.80774	99.63673
8c5e0cce-b2e2-48c9-873d-f04049e486a4	24779	95.24017	99.09642
8c62653c-e10b-4b96-9724-d9a76ba3681f	53044	92.62684	98.99970
8c640266-ab27-49e6-be42-1f3f89928357	26264	95.94706	99.16667
8c66c2f1-9627-4e4c-8d82-ef43d151949d	38571	87.07264	97.18526
8c6e8b53-3ae7-4049-ac9f-7837e4fb3bee	35392	94.58814	99.29962
8c6fc389-d318-4b98-b4c1-1cf62ac2754b	29875	89.89601	97.66893
8c727203-ea51-4f7d-918a-173307176186	47400	90.19737	96.17284
8c731765-a17f-4f9c-8541-68ad17e77a7a	31862	87.62947	96.25288
8c747163-5a4e-4931-9a17-2ff72c581914	22781	94.58083	99.33911
8c7a7375-5fa6-4f37-b362-41a78cccb191	27903	88.74574	97.12089
8c7c8148-da7e-4504-b432-4e4918f5594c	42063	96.13226	98.97704
8c7f161b-bbf4-4489-81b6-77a2d6316060	26552	89.59395	98.81370
8c857853-bcf6-4a14-875f-6d488989012b	25129	79.15337	94.13535
8c89f05c-fed2-4b09-ac8d-7a83a9b97345	48230	94.39707	98.77936
8c8bf89b-0542-4776-9f51-331475961951	34221	93.83915	98.54888
8c8c395e-b72a-4e89-afa0-a8a56765885c	24292	90.16976	95.93979
8c94d3d4-8de8-42e2-81f6-ad1b0390dbf1	22155	88.19507	97.52033
8c971709-4700-4e25-af42-480bc070a171	63968	93.20446	98.49162
8c9841d0-1910-4929-94a8-7e19a5e46e34	27948	94.25558	99.59611
8c98a159-2810-48ab-895d-7cd4359ec888	29975	93.55119	97.22304
8c9b230e-29c7-4bea-a44d-29c2038ae489	42398	91.14184	95.34407
8c9fbde5-3446-44a6-9867-e2eb2c9cd39d	24944	89.03102	98.06385
8ca506e5-77f2-40fa-88a7-660e88a4ddf6	25836	93.92002	98.66631
8ca75d18-0fe7-48a8-88d2-9934b9ab40a0	35298	92.31699	98.38538
8ca86da6-2272-4b9c-b184-7daaf8ef0c5e	33472	89.46975	98.49777
8ca9e6b0-5d8b-4891-84b7-98c2e708f764	30057	74.50464	91.81525
8cb15a6f-6075-45fd-822a-bdf1f22ebc7e	49454	94.46507	99.60063
8cb2e120-ffd3-41f7-bfea-ee95a89c8239	40302	85.99047	96.93271
8cb42630-62d4-490e-a13d-48a2937d8bb3	35495	87.87536	98.10928
8cbe9f33-c9af-4773-a95e-10f2528efefe	35421	91.21234	97.73569
8cc303d6-d8f4-4fb2-b744-bcc886c545ca	22354	92.61904	96.63960
8cc50a1d-19fb-46c6-9821-92f9a7018dbf	56081	90.13420	97.38652
8ce61960-fe0b-4f95-9044-ad074ba27b52	57008	92.39758	98.22097
8ce78ecc-ec90-47a3-91db-80a2bf79b1e7	27536	85.86930	96.65890
8ce79b82-c8b3-432b-b46d-3a90566828f1	22729	92.90538	98.34463
8ce85c3a-f392-49c9-bcc8-dac480787d3f	26726	84.03308	96.97422
8cea48d5-edd6-4b00-b0de-2084792cc7f5	28980	93.69267	97.11758
8ceb9137-3e7f-4e4e-a3b2-a730e0637f29	27037	89.51004	98.37143
8cf0fffe-b502-42d0-accf-e75a090b1d59	29492	86.73008	95.84257
8cf316e2-6495-411b-8c40-ebc067592e44	28870	93.26100	98.47412
8cf79f07-81ee-46da-80a3-b55b7d846e00	27057	96.30143	99.16099
8cfda1ea-62b7-439d-8d58-e94deaf7f918	40761	86.09066	95.07301
8d0c7971-aada-4c67-9662-fb2a694091be	22582	93.23263	99.31528
8d0cb792-dc0c-4d0d-86aa-8eefe5877183	61248	94.79267	99.43273
8d0daca2-fb41-4d78-a501-63c838ea75d4	54582	93.70837	99.06916
8d0de0b5-6fd2-42d8-98f2-34b50f9fd5e6	35958	92.65395	98.97951
8d10d842-a911-4c91-8c9b-35ae16a600da	27420	86.71410	94.89555
8d10f6b4-df72-4d46-abfc-d0f8d7b31923	23475	95.79716	99.18592
8d18562a-3986-47f7-abdc-a94b358575d9	25216	88.75795	96.25191
8d1abf90-abb0-41e6-bc0a-77fc5d3973fd	30889	95.40500	99.15044
8d1be094-d1f0-4fa3-9a56-27c3c1960c76	41794	93.28942	99.05896
8d1bf4ef-0f3f-49e8-ba32-c27cc50792aa	24154	95.18754	98.99667
8d1c4a12-2f69-4700-8967-79e9c19f4953	81028	87.33841	97.46489
8d1f5c96-b763-49fc-a589-7598acd6115e	76134	95.14275	99.23801
8d2567cf-e766-4185-bd43-36138fb6e873	8052	88.70313	97.65281
8d2972d0-eb91-4c12-af4c-2e13d13bc41f	27846	87.93144	96.16956
8d2a74f1-73f1-456f-9a67-729afcc07d51	27798	79.41603	95.07741
8d2b8c2d-c1c9-456b-aaf7-e15e76c060ac	22080	95.48963	99.30493
8d2d6195-06ba-4512-a9cc-9730295506b8	51265	90.31554	97.67269
8d316b3f-cbd8-4a93-89dd-bdcd097c301f	73889	93.75256	99.00341
8d3275c5-a701-4b0c-8356-1d54d0436fcd	28640	94.46282	98.61336
8d33e59d-5bd0-460b-8286-a1d573be041a	31614	86.63050	97.34609
8d33e8fb-d63b-48a9-ab3f-6d40948e482f	22923	88.38159	97.91247
8d376b24-66f1-4bd2-840b-840edaafc8aa	46686	84.54734	95.81028
8d39fbe6-d68c-41db-97de-d0bcb6d26dc5	25466	93.77064	99.04026
8d434843-ec59-4347-bb93-ceab673b80c8	23394	89.02233	95.03101
8d46dd0c-9b81-4e72-b51b-67df36f9b89e	14302	94.62572	98.91644
8d48105d-f7cc-4069-8237-8fccdb86fc98	23823	92.49389	98.28214
8d494192-a304-4581-bdea-bcf2d75aac1a	43209	95.69572	99.26581
8d494359-41bc-47f9-ac8b-a14e073a62fa	27967	82.93755	93.76389
8d4c42ea-b2a3-48c2-9cd7-353a5d4709c9	30546	87.64187	96.50640
8d4edd9e-bd9d-48b1-a00e-2fe037c0198d	30189	80.66659	94.18783
8d50c6f6-9ae8-4361-8360-fccb6b80d7f3	39832	89.68086	98.40940
8d538be9-f5a4-437e-b05f-7eaf5db83c06	29413	93.21911	98.39067
8d559a10-cd8e-4d9c-a60e-158e8b65f7d8	23849	87.85611	97.74916
8d56e143-be3a-4860-aa0e-3504b8406ca7	30866	91.14970	97.98523
8d5a63c5-29e5-4206-b270-fb3a84b4043c	38659	94.37433	99.07812
8d6309f2-1093-4662-b71e-3753b1c0602c	20531	93.28419	98.98990
8d654265-8716-4efe-ae4d-829c19dab148	22583	89.53543	97.50834
8d76b317-9e5b-408d-af6c-d6add069ebda	23021	95.97659	99.71281
8d7f9e82-fa46-4f3b-816e-c5b29c16893c	58277	95.45623	99.01821
8d7fa34e-9ba8-4ee3-bcf4-44d6bf8eaeaa	54897	84.96157	94.46589
8d861d5b-8d69-40b5-9eae-4821fdd509c7	23351	74.81703	91.86557
8d899da4-0fb5-4a6c-9058-ff42d9ac2ac8	22818	95.93580	98.99456
8d8b41da-2489-45cc-bf67-a6ff8be057a0	74508	93.83829	98.48507
8d94f272-6039-4a81-a105-0e9a307eb8a6	23751	80.85287	94.63342
8d9a06fb-e43e-4c33-b1d9-3cac5ff4e580	42587	92.32468	98.45730
8d9afbd9-d754-4802-99c2-02d77a03e785	36550	95.61139	99.12250
8d9d276f-ca14-4def-8dcf-d57d72ccabc4	28735	94.44048	99.12068
8d9f7073-ec78-47c2-afd8-11072b92c356	40639	94.89872	98.89317
8da730c3-920b-4c4c-afa6-efbf4027f795	30777	90.79885	97.94120
8da94a5e-9faa-449d-be4a-86cbca32220c	35273	94.33554	98.99302
8dad187a-e726-4714-90d0-bc940f0d17fd	24132	91.61840	98.58618
8daf5d14-814a-43ab-9136-3534533f725b	25651	91.05376	98.02839
8db35cb2-6644-4a06-8b15-5276cabfcea4	42426	87.28026	96.95811
8db39ee9-0bde-4592-bf4e-0677e373c514	24964	95.41198	98.89114
8db7a281-af69-4910-848b-87cce5e822ee	29164	84.69129	96.20651
8db84ceb-dd2d-4773-80e7-ddbcf3af422f	32186	93.96604	99.23037
8dba58cc-ae5f-4d5f-bd07-19e34066408d	27080	89.80883	97.64583
8dbefbb4-95f1-4f5a-b68e-b2611f75c0e8	29179	95.14687	98.87904
8dcd2e80-0bf8-47b2-a663-c94bc70653b9	46424	95.35317	99.44651
8dd19e46-a802-48e9-98f7-13ed5f23ba27	35008	88.41413	98.13310
8dd1f8f1-6df8-450d-825e-0e4c29a0b23f	39932	89.01622	97.56151
8dd39a51-5b33-4105-afd1-e3d0267ef92f	26472	92.50867	99.05324
8dd8098a-aac5-49b7-9ce4-11e8c0d6a99c	22272	91.03895	96.73382
8dd83ad7-e376-47d6-ba3c-d0ca4da97776	33233	94.08940	98.95211
8ddae0dc-116e-45ec-9fd8-b20fb4b2e661	25138	97.06821	99.39709
8ddb9494-0c5a-4bc3-b54a-c6f2a2ea57f5	30630	90.78054	97.34217
8de161f7-547b-4a60-ae76-5117f5cb9b97	39035	94.88475	99.26115
8de25141-0980-4370-92d2-fc61a54fae2b	63133	91.18581	98.20466
8de52ab5-c933-48ea-9578-1b4d12510e74	55014	91.87740	97.62581
8df61343-c8ee-4a22-a465-78fff13a1fa8	50561	87.47598	97.91064
8df9cbdb-557a-4962-b396-70a063347914	36470	81.78123	92.67820
8dfd8462-b57c-465f-b17d-98ed8e94d100	23082	93.39439	99.66696
8e0bca19-b675-4e85-9275-5185cbb491fb	24475	95.81255	98.95262
8e15e00f-d31a-4b6b-b5f8-7dc68c3640dc	24002	88.70608	97.99754
8e1874dd-4bd3-4df6-9db3-6a5b07400e23	23788	88.78295	97.19067
8e1a0d60-2b74-4675-bfef-a47e69e343cc	28964	95.08696	98.70822
8e1d20d6-02ea-42db-b586-f0e5b69b1611	25894	87.03845	96.01252
8e266c89-3350-4965-a03c-790212790573	27987	93.05197	99.10854
8e27f8f0-b0b1-4c29-9032-c528fd0df4ef	51122	95.43021	98.89186
8e2a7fef-12b8-420a-be18-667680fe5e9f	36631	95.42140	99.09448
8e2d402b-d467-4dad-b52a-0e5330738fee	40827	94.93267	98.89053
8e3038be-d357-4375-bef2-51c30c5b420a	58239	92.15003	96.00350
8e4162d0-cf80-4c14-a11e-9df6236b5038	32585	93.71406	98.53164
8e4229c7-0f66-4dbc-ae02-da1c81f88661	25452	96.36900	99.30724
8e438b0a-e27f-4729-851a-47ff6540045e	26218	92.28459	98.63303
8e45b6a1-45b7-441f-a4d5-bbc68461b3f9	58171	94.07092	98.55468
8e4995d9-e052-4104-b7c4-d9703b89fb20	45823	95.74715	99.51926
8e5304fa-13e9-46a3-b056-1672a39da4c6	20781	86.07956	94.75849
8e537f08-6d86-4370-819d-350242beb7c4	34762	87.56280	97.91472
8e53d45e-9fa6-437c-899b-bd7cf35b735a	25586	93.01979	99.08713
8e5826a1-dd26-44fd-9a99-12ed9131d88e	38490	94.63754	99.09710
8e5daca8-8aa0-4f9d-a1f9-ae230724e3fe	44795	94.14417	98.73703
8e61af39-4410-484a-a635-d0deba817d67	43349	91.24058	98.54696
8e65e2c9-e801-4334-b9f8-14a232d70e0d	65554	94.20647	98.91920
8e68439c-4b59-4788-8782-1a4350a42ad8	25144	95.24182	99.14175
8e69f1cc-3a95-4047-bd9d-2870351901f7	25348	85.79111	96.68417
8e6f205a-bb60-4bcd-a01c-554d09cd6eb1	38361	84.35780	96.15926
8e762bfa-0a10-4b1a-8559-eea1bdf3bdd9	26301	95.63443	99.11150
8e7787ac-c637-41d1-b59a-dd305f37dd59	26749	95.65425	98.84729
8e7c1774-9b33-4df3-9333-16804241dece	23228	87.21048	96.01612
8e813148-b2b3-4eb3-9cc4-4534eb667794	32254	93.33313	98.25338
8e82787e-7dab-47a4-b9eb-f3c5431f5448	52323	92.76177	98.43797
8e92f82f-7457-4be4-8b56-cabc4efc5b83	23461	91.15008	96.82605
8e93dd82-1820-498a-b9f3-22d36cdfa59d	61134	83.30453	95.81600
8e95181d-0c47-4697-ac16-7a2b244536f8	71931	92.49144	97.70301
8ea65ce3-58a6-4d62-81af-2cbda9880624	50338	93.73379	98.50056
8ea98557-e747-4caf-92d6-a46e5a2eb0f2	61992	93.81451	98.38241
8eaa6d8d-0659-4b6c-86fb-7128fe5fe081	34121	93.82935	99.11200
8eae83c7-38cb-4c6a-8440-7bd72c43fee4	23698	93.53471	98.47853
8eb14fac-7f23-4bc8-b9eb-a3ab390b0712	48975	89.03067	98.00510
8eb2aa22-19d8-423f-8785-ab277d05d814	35674	94.06715	98.64206
8eb70ca3-e601-4930-afef-642c6d425702	28267	94.71257	98.92601
8ebf646b-2d20-4fc5-b31c-5443bd2ddc92	31910	93.89236	99.43082
8ec5b2b1-e2c0-4521-9299-3543bcc1c57c	23822	93.86130	98.97449
8ec777b7-9066-4d5f-826f-9f76f2092a2e	20426	84.66934	96.36786
8ee41e0d-7b50-4636-b13e-444ea2de0750	22584	88.89498	97.10958
8eed4e4f-c9de-4403-8c65-99c108a1ea7d	33995	94.95646	98.90626
8eed83e7-e8e9-4dd0-a3c3-ddcf7087d5d2	25443	93.26526	98.28275
8ef006ca-46a2-4e4f-8282-a55748830d37	46101	93.04087	98.69403
8ef0c01c-d522-46a2-95bc-dbca342e6500	23711	95.16310	99.26190
8ef459da-4d0b-41b1-8a76-b347185b6fa6	44841	80.56517	94.96243
8f0069f7-cd8e-4acc-a108-1ec6e4578ced	27094	87.62658	97.52957
8f02a53a-f23b-40f8-88de-ae3a0743a477	37522	94.15583	99.68322
8f04ce77-2ef2-4331-b34a-9dcd8eff0e5a	22381	93.77880	98.24090
8f0da0b8-317e-4c9c-b0ab-3c7c477c1bd3	26382	95.16231	98.98781
8f107f0c-31b9-4501-a515-4a58e35be537	24150	90.74096	98.18909
8f13a026-1382-4f4e-b957-660aeef8afce	76415	89.24723	95.89403
8f13a7ae-3966-492a-afe2-ac66950d7cd3	45984	94.97913	98.82229
8f1ceba3-17a3-4dd4-9e22-f30cc648d286	24318	90.95932	99.13154
8f1e1848-d37d-4a6b-848b-a660adc78a6a	15470	89.03743	97.61814
8f1f65a8-a1df-49ac-97e7-d264ff1e5dbf	24083	85.94304	93.21256
8f2c6184-382b-4dc7-9782-9739b073d690	62877	91.20114	96.57129
8f30f71e-9329-43b2-9343-d7477f0bbf9a	47538	87.95969	97.10492
8f372623-8028-4b52-b02b-1dd72031c001	30664	95.51366	99.28530
8f3f4d6a-b8a3-49a1-b30c-cc1d198d333d	62891	94.77702	99.36062
8f408b01-0a26-4347-813b-b4a37ccb5443	27200	90.81232	97.94872
8f40b7d8-54cb-42ab-bf76-d364d0a9184a	68361	93.32291	98.45562
8f462fea-3487-4be2-9695-242e7623066a	25510	94.38614	99.67076
8f464e0b-6cfc-4295-a604-965ee8158000	46079	91.22226	97.55896
8f46c595-fcc6-42f2-b1d6-6d96f45053b4	43281	90.08248	98.93558
8f4e7cf8-1c50-4588-aee8-ba9f5dbad5f6	25507	96.01996	99.40188
8f519b70-6c1d-4486-9a6f-9211bfd25211	22302	78.03508	93.98076
8f51d919-58bb-4b17-befb-adf9e609e780	30934	89.61976	97.38063
8f6076c2-6843-4d31-bcfe-29a9a9167896	58194	92.82336	98.17816
8f84d1d7-bac0-429b-968b-3dd3daff07d8	23070	87.46475	96.34703
8f8d6944-6ea1-4cab-835a-86d5f12dd970	26207	92.33869	98.20731
8f8df467-91dc-4470-bea7-069e1275cdc9	49697	94.00880	99.39305
8f8f195a-6b9a-484c-b33f-cfa58811096d	35099	94.87860	99.13661
8f915588-bb86-412c-b884-1224305cb2c9	31883	88.90475	96.64642
8f92c939-c4e2-460c-b528-8a38767bc550	35840	92.94351	98.55508
8f932b71-94e1-411e-99d5-a1d036da7fbc	27024	93.40432	99.13469
8f94c0e7-956e-444f-a239-172375e341f1	34752	95.47663	99.00357
8f94de5d-a859-4f80-a96e-08740cd754c0	22746	81.93905	93.30834
8fa44005-3e5e-4a65-a454-bfb190966c4d	30477	89.55064	97.37458
8fa71980-1298-468d-a942-baad85c593db	48014	87.49975	97.67001
8fa792d4-e15a-4a9b-9ad5-9c99bf3651a4	45093	72.52198	89.84001
8faacf22-0cc5-4795-81c0-3171ecc62b99	46810	82.46549	91.39844
8fabbdca-1d51-47dc-b2f3-8b655fed3a5d	34648	88.60951	97.26984
8fb686d7-6b27-4ad5-a2de-e72474ba247c	22954	93.69431	98.97028
8fbda506-03b0-4fb0-8bbc-0fa978d94698	32974	91.72599	97.54086
8fbe5544-55a0-48ab-b882-f5288e8b2433	57891	94.87288	98.83071
8fc22629-aec6-40dc-89a1-c5b4f88dda5a	25499	93.98626	99.10331
8fc86265-7ace-437c-baa6-06eb0288ab55	29586	93.31442	97.41203
8fc9982c-5748-4aa8-b674-b7781f12f755	26242	88.13417	97.99206
8fcfa2d3-5cf9-41fa-8d52-ae872429459c	27417	93.76090	98.75018
8fd1d671-e8fb-479c-813f-bd0abcd4065d	24405	81.24833	96.70940
8fd54252-d907-44a2-b75f-d511d3409a01	41764	89.54411	97.50842
8fd59ae4-1aff-4351-8a43-938a20690658	30203	93.23522	98.82878
8fd75c43-6b7e-4d4f-be27-09274c2a3ca6	31087	95.25672	98.82079
8fdcb432-b04d-4895-96e2-efac5f128474	42723	87.68448	97.96392
8fe02758-3d25-4f0c-bb25-0ef1679fd096	41764	95.38302	99.04454
8fe51dbc-7e27-4e5c-b722-45bfa4de19da	30079	90.41209	97.41150
8fec2500-f862-469e-b987-3fe325738cf9	25423	89.60231	98.72924
8ffec67b-7063-47b4-af2b-ab0eed468688	55556	95.22827	98.85227
9002ff92-8b6f-41b5-a11a-73e17fb61289	31722	95.41063	99.05161
9003bb62-7a68-4dd1-b6c3-3e55c3172cff	48254	90.02893	97.80001
9006601e-67c6-48f6-bcab-cef7c7661bf8	22232	87.59730	98.02142
90120326-42fd-420f-83eb-5b897e5aa5ba	31893	93.74848	98.25964
901552d7-bd89-4193-882f-6f1d3462e710	31437	95.93189	99.61562
9015f2ab-15e4-437d-bdcd-05ab318fd57f	23132	91.93094	98.96620
9019f3f4-9338-4c45-b024-64c5fa233362	24050	87.99218	96.06350
901a14ee-cc5c-4431-a4d1-78ac5e2670e9	68859	90.36258	97.95613
901a9874-8cef-46a3-88d9-c24588d61d63	41650	94.45200	98.61925
901abc0f-9d8c-47ba-8cf5-9c55052d50bc	42801	93.14082	97.72618
901d8a76-c3e2-443b-9fbc-43a694537c22	24702	95.35254	99.15067
901e3eff-e112-4c56-9d8e-088619ff0004	27299	94.69341	98.89942
901f8268-d8c2-4a55-8a04-78c4ff16397f	35998	95.69293	99.15795
901fb2ab-bad2-40af-a956-820348feea21	27193	94.63938	99.01037
90201e39-36d0-4b03-bdd7-491d46138560	26332	93.06814	98.42918
90230ce4-b74d-48e8-905b-bc5a2a9714f5	34070	95.03309	98.90289
9027091d-b420-4866-886b-770660730085	29738	96.71962	99.47698
90287e81-1a3a-49d0-93f5-876fff771e4c	28105	94.69906	98.99350
902d1990-9a98-4e4e-9cb2-d3c2d872da98	30596	95.10377	99.06746
903b943d-fb21-4d58-9a47-268daba9c4e7	23560	95.67290	99.04661
903c8de9-a953-429d-8a48-50c01384ed07	22255	94.27299	98.99026
903ccb93-add4-4ee6-9678-dedd942a5dbc	31501	90.62711	98.57255
9047c0ba-b6a3-4ac3-9f4e-0161bcf09bfc	55578	74.84524	89.11224
904816c4-35ce-49f8-8f63-96ebc588a038	49257	91.58739	98.69319
904be17f-16ba-4d76-a63a-38dcb1868794	70071	91.58518	98.46937
90509f67-11e2-4b19-b661-ec709d93fa19	29940	92.11181	98.23696
9056167f-fae0-4d32-b1fe-1f408f448d2c	56874	91.00249	97.97823
9057c7aa-f45c-46a7-af29-b9536af3858b	22186	89.48304	98.07274
905832d0-76dc-42d9-bf99-e1ff2f145d23	53529	95.21699	99.04543
905907f2-2250-421d-bec9-5890ec1eea64	31160	96.35983	99.46237
905bc439-9e71-40e4-b3c0-5ce54af8acc7	28190	90.07324	97.64428
905c4435-f601-45ee-a70a-4d14bb4fbba8	25139	95.06524	98.71265
905f34c9-e76c-4e89-8904-48719c8c4241	32281	94.13810	98.68252
905fbea3-499f-4f4c-87e5-fc37964f84be	22687	93.74408	98.58731
906cfab5-c88d-4ef2-951a-766740365d21	35342	85.12221	94.65815
906d8c8d-ad6f-40c2-b33a-bf082a67c94e	26110	94.46306	99.36994
90794f82-83ac-4b74-bb05-7d057e9704c3	36031	90.29020	97.75910
907a2924-28c0-4552-af9e-45a838522c6c	22276	85.11880	96.17622
907d1a0a-c1a9-4ab4-8188-ed2d075bbd24	22135	94.73614	99.02586
908243ac-37cb-4762-849b-02bbb1020dff	31756	85.29298	97.36794
9083f9e2-692c-4ba3-850a-227134800853	29321	94.23480	98.55444
9086efdd-f18c-45cc-b607-5a0ce45282af	23507	89.95589	97.68072
9086f0e1-9db7-4492-acc7-cc944366afd5	25539	93.77827	99.11156
9088cf21-c8de-4f30-9b13-5af688469964	35191	70.35276	90.60248
9089d0cd-0251-4654-b1e2-bb123b4b82ed	22401	92.86335	98.65098
908d319d-33f5-4ff9-847d-4207c29703e5	46721	94.47959	99.02123
9090faf4-62d8-4b7c-b233-883d23413a3b	23243	94.69486	99.00021
90983093-be9a-414f-a383-e0b691a176d0	37094	94.36698	99.16939
9098a9a8-3f28-4da4-aff5-354de8e978cb	34498	91.75530	97.51757
909e69f8-34d4-4bbd-aba8-32a5e6073283	27956	89.54978	98.12564
90a23546-56bd-4bb7-aebc-e33c805b105e	39545	83.81389	95.68679
90a7ee74-2aba-48fc-8dfd-ec4388be41bd	78342	87.50348	96.85268
90b15d85-d141-469d-90ed-770075fb9de5	32232	92.64852	98.63102
90b2a941-8d18-4a4b-a0c6-0dded1bc7a83	23209	95.49397	98.95223
90c1922d-b74f-4036-807c-b6ab9a941c76	31511	94.08705	98.49848
90c74652-bf29-43c1-b51f-aefc2dedfaab	18041	95.32212	99.10257
90c79775-9b5d-4a3e-afc2-a9bf99fa7f54	45012	93.50371	98.99317
90d0e8ec-238c-4957-917a-37b15e56d89f	52147	87.25529	97.52099
90d617df-a4b3-4ef1-b14a-31530864cf51	10636	88.85920	97.32075
90d63ade-e9b7-4471-b90f-9b5f3325470e	35609	93.06028	98.01560
90df5815-56ea-4e82-a8f1-65fe630459ec	27974	95.67801	99.04850
90e54caa-2749-4dcb-b02b-8f6478da6f88	36947	94.18784	98.84282
90e58a38-423a-4dc5-99d4-ee2b35b08d79	23804	84.16233	95.68267
90eddda6-21bd-4932-b19c-923511d17996	23974	91.48242	96.23272
90f00967-b27b-47fc-861f-c65997df0c29	33098	91.87712	98.16683
90f203c7-c669-4aea-bcb1-8928b6373646	22899	79.69024	94.48528
90f3ec6c-bb27-45f5-bc9f-ff9e14264875	22078	90.14078	97.01077
90f7f5dc-3f77-4377-87c2-1688256ba22b	25300	81.52808	91.59089
90f85b22-fec9-4d89-96f1-eadb949c1a93	31055	86.80328	96.37219
90fa3d94-0898-4504-9c67-bf76744fca49	31572	93.04114	98.96590
91028e21-0192-41d8-903c-d45371b7d787	26361	90.52755	98.30559
910f54b6-6124-43ae-8049-d587bd1f8f6e	23717	95.85117	99.33619
911f9fc1-936f-4ce0-8ac2-80f109fdbc71	29222	90.17373	97.90637
912028b8-736f-4430-995c-b84c317dcadc	57776	96.74468	99.23803
912bf312-f57d-483b-b9ce-a576bd0a64d3	23505	95.73127	99.55353
913295e9-c002-43da-abcc-531beb28bbd3	22221	66.34563	77.15732
9136bb72-c866-4c83-99ae-13f9878f857b	38992	94.23789	98.74397
91381d38-eb14-4d8b-88bf-97d16b9f756b	34657	73.49206	90.70799
91395d3f-0282-43fd-8c8f-6762ae4b04db	24467	83.05207	95.90235
913abbed-6d11-4b69-9b8e-50d16e0ba0ce	30612	95.62253	99.25502
913d85d0-142d-45b5-9fb2-40c8d83a60cb	24582	86.40034	96.23005
9147fcec-4523-48aa-9a4a-97bc4151c219	37905	94.17077	98.89159
9151268b-cfe8-4ddb-89e3-e31fe290145e	21272	82.16699	95.68124
9154a51c-7b7d-47fc-b57f-9fabc1965cc4	45926	85.87079	91.65649
915afacb-e0fa-4cae-a2e7-c72b9ed9d106	21958	92.86698	98.94209
915d1eb0-b249-4608-abb6-658466e01baa	28829	80.26295	94.68271
915d2ab2-c267-4ea2-902f-fe8aab4b7178	22503	96.36475	99.23847
91603834-4d22-4922-a6df-1069c7ebc686	46781	95.03510	99.08144
9164826f-9cd3-4dd6-b1bf-ed070cced9c3	51825	79.25420	94.74272
9168a45a-b27b-4151-a33c-5e7f561dc221	28509	91.06853	98.42127
916fc94d-6b17-4b56-b54f-38f0b95da1cb	39623	91.06552	98.13611
9174ecfd-5519-4183-ba50-544a12de2eb7	43951	95.10744	99.31857
9181ea28-225b-4910-8ad8-ef4b46539d67	35960	93.77080	98.46048
918478d1-6c0c-49bf-abd0-b270326aac76	56939	91.13421	97.86736
918a5ee7-e8a9-4ddb-90fb-b2071d22c440	28114	87.20143	97.09683
918b6ac8-793f-4a52-adb5-2a89c11ee25c	77609	88.69486	97.99654
91908e79-6cc5-44f9-a778-10ad1052c485	33840	93.36601	98.77302
919445a3-6f2c-4b5b-a00c-97ad8605c7fc	34954	91.35744	98.35228
919736b7-e57f-4a74-b726-63d92b2336be	37227	94.14868	98.89309
919759df-0c28-4553-bc27-10e68140a138	29062	86.29483	96.78508
9199af5b-a530-48d3-950b-cd685138c48f	35708	95.46490	98.87363
919a30f0-121c-41fc-9fbb-28c16f974e3a	31359	85.25568	92.98178
919b4aec-d6b3-42e0-8201-e0a025a33ccf	29560	92.21350	97.38450
919e7834-9c77-48ec-9170-40115ad67bf0	22646	87.91591	98.57199
919ed320-1ed9-4a47-bf12-1263e2bc7c9f	50825	83.23360	93.44320
91a2ecbc-f6da-4ee4-8a23-36a860b61e98	34068	85.34803	97.24456
91a56029-0ae1-46b2-ae5c-7f39479c6712	23643	91.09935	96.62806
91ab148d-4f75-4ffd-a999-16d1843a5c02	24428	77.70851	93.32056
91b2a999-9da4-4317-8ed6-364879746bad	78829	86.79587	92.78737
91b2cbe0-20bd-47df-8938-2c66d00b20e0	37624	89.46954	96.96178
91b33d07-1366-4e9d-8672-482e09da7c07	62471	86.72260	98.43104
91b4400d-e5b6-4d95-aad4-265d82a47146	35466	84.17889	97.07440
91b5d197-0c1a-4a5c-b877-acda085561b5	44220	90.92529	97.47940
91b9c5ba-9ee5-4b9e-8f64-cece3f8ff1f4	25772	95.96091	99.43457
91bb1011-37a0-44ba-8c03-1ac4cd6f8c7d	31428	86.51226	94.12912
91bf55e2-21f0-4117-8a10-165fb7870ad3	71636	95.62364	98.99970
91cd8fb4-6292-4fa4-a5df-a4b235fae02c	31201	92.81013	97.99975
91d49bf2-a01f-44ba-bdac-d86c3bf0c6b4	25909	94.63219	98.86338
91e33814-14e4-4424-8e8d-78b782e4570a	40995	95.86592	99.10874
91e3e4ad-004b-483d-a234-40ca669dfb71	23013	94.95716	98.77235
91e6f2c1-50de-4980-b21e-580f1c1117b2	29364	90.72033	98.13363
91e9887e-f3b2-4580-b25d-6c5c3f30d206	32313	92.73427	98.39375
91f3bb4c-0911-4440-908c-8395fa60da7f	26501	82.96252	96.88291
91f82b6e-dbe1-4cee-8743-4d60d3f999b1	63734	94.50649	99.01848
91f873ba-c067-4eb4-a531-e60c1cbf4087	31492	94.08591	97.78166
91fb74bb-2387-4e71-baf3-0de18df92bd3	22080	83.51064	95.85042
91fd7ca4-bed9-4ef4-a71a-467ca6534c93	30706	94.71584	99.08444
92005530-13de-462b-8727-4f2dc097dd14	52657	87.96463	98.29234
9205b527-5d06-4b18-a688-ee66959f319d	39824	90.04404	96.98042
92069776-16c7-454b-9691-77ce10370ce4	38100	93.61838	99.11373
920ab702-1da2-4661-bf6a-a137fc4f35ec	45936	90.31292	98.09450
920e8f35-fd25-4d00-92b1-aeb914e43b9d	34084	84.06220	96.07782
920efeab-2a19-4577-b0e5-e49073ad82dc	22572	92.13989	99.22265
9219ff3a-eeb5-4c4f-b75c-9eedd80d62c1	32896	91.39514	97.75937
921d43a0-5c1c-4e6f-bf26-79a6b9455cf3	25542	93.15173	98.33759
921f8f51-6f1d-41a0-84ff-4f493856a315	32358	87.57735	96.07190
9221b738-fa91-46cd-9c09-28fefeba5858	62089	90.49356	97.59209
92250d34-06ce-4d14-b9fa-785635e161e9	29072	88.99382	98.38014
9226fab8-a835-4b06-930a-8e842092eb10	32316	83.59304	94.69339
92277cbd-0e25-4a61-8a8f-26876bb07097	40587	82.93840	92.30506
9230e845-a679-4fa1-a9f7-715ff2bb972c	23795	93.07464	99.57586
923d8f42-4684-451c-8a74-632fd1b68a60	41386	94.35171	98.35730
9246a239-e8d5-4729-a633-c8feefa67373	26804	92.25067	98.26743
92480f49-3ef7-46de-9063-57fe9d26a76a	31711	95.05818	98.88729
924ddaa0-99e0-427c-9dfc-fdf370e15414	34597	93.68519	99.32362
924eae09-adbc-4197-9ec3-e298bad59069	34459	91.75960	97.02811
92536414-ea3a-4e6c-8a42-8ee1e11f4381	32267	95.35018	99.14683
925bc7d0-14ba-4ca1-881a-c671ee125f59	41479	83.67069	95.64102
925c2c7b-d4f1-4c48-9ea7-989094b6fcef	22185	89.17708	97.34092
925d7629-7ee8-406f-b469-e43ea313f73e	63787	85.66710	95.61243
9260c7af-f4e1-4455-8a38-b1147bdac84d	29100	80.11795	92.55750
92632f5a-d393-4ecb-8a33-3206191d4079	27314	79.78198	93.44915
926621a6-8031-47cc-a7eb-69fecce62453	29900	84.01658	94.40466
926c5380-c83b-4818-bf2a-28babb7f22cb	68228	90.42641	97.09319
9275c092-98b0-4f37-b720-86abae854a10	23791	91.99102	98.59535
928603ea-2b45-44ad-a026-9bbf85e1b224	49957	94.86787	99.13507
9293c053-4345-4800-af8e-7805d55d4724	53913	73.78377	89.12648
9294e66b-9751-4bd7-ac98-d00ab2bfd556	36829	82.02684	94.35780
929abf4d-4f8d-4a8b-810e-e0c32a0537a4	37930	93.96211	98.40358
929ca70a-a948-499d-b05a-36aba6276c03	55370	75.27681	90.08762
92a33077-c937-472d-be05-504e47fa504c	25718	94.30135	99.49110
92a7bf12-30cc-4136-8c9f-65767fc749a2	45180	93.36109	98.82577
92aaba64-4d84-4427-8023-21ad057fe403	35848	87.16869	97.31509
92accf4e-29ab-42ac-90a0-89ad4143c012	49171	89.82001	98.28618
92adb7c8-a2de-456a-88b1-1afaa9b7fc16	27380	94.36273	98.66652
92b6a6d9-3242-4ff9-8a78-c562b452b33a	59824	75.13808	92.69197
92bed70c-e41b-4d73-b2b0-3ecaec0d1c1a	29450	94.37847	99.11925
92c8e458-d099-48c4-8b32-cc7437ebd0b3	25591	84.54960	92.76138
92cb6d68-c519-41c3-a50b-590fa2becde9	24915	94.47019	98.77486
92cc3cc7-1bd0-4bea-960c-aed4fdef4deb	24331	92.22169	98.48897
92d7ea8f-9d09-4887-9c62-36baa16e3675	42590	72.38565	96.07638
92d8f5a9-7383-41ca-a4eb-728d44097e8c	35893	94.58138	99.31786
92e49319-0fc6-4e89-9263-8a9aeac2bf08	48686	88.60478	95.72650
92f4df94-dc35-4561-8986-0c9709ecfc5e	33944	91.67537	97.04829
92fe89af-5da6-45ca-8d00-4c3d853703a0	37726	91.84113	98.21536
92ffc733-bde8-4d69-9210-719c406e02bf	58279	95.12129	99.30894
9301ad80-036b-4c3f-859a-970889cf1d2b	23205	95.54934	99.15116
930413ba-f895-4917-bf21-c4c02bf75e1b	46349	82.78040	94.98685
9307b26a-a94d-4021-b70e-37ae3120b64d	26893	88.50272	97.60084
9309a548-a6e8-478d-b6f5-59938af5dbfb	41342	77.72007	91.92836
9309b768-73d6-4e0f-8bb5-b65d569992d8	26632	86.01055	96.45818
930eef09-3ce8-4742-b2e6-83692e29c0d7	24113	81.80939	95.87385
930f7eaf-8a05-4b7d-aead-f24c94540f37	12430	88.92744	98.12322
9315b994-ed00-45b1-92cc-869d0e38064f	30718	95.39718	98.76245
93163277-90f7-4472-950b-97954d805ec6	32648	86.16698	95.47615
931c4a3b-272f-4221-b149-baa122cd22f1	58453	94.02940	99.10175
931d49e6-64f1-447c-a8b5-5f13280d1aca	26696	89.58070	98.84681
93201d8e-3a64-4d2c-ab93-74610198fd8d	29257	93.29281	99.25850
93267360-c9c3-40d1-a6f9-afb4a25982cf	49981	83.58463	94.95518
9326aa3b-6537-43b4-96db-62b81eeaf918	22857	84.10132	97.01066
932a4a1b-5f35-4923-8dae-e0e4d7d43ab1	35997	88.99522	97.02622
933c7c74-6abd-44c2-99f9-eac81a53c2c5	41417	88.43107	96.57283
933d8acb-e84a-409c-8730-431fffc089e7	23866	79.89866	92.85547
93403575-3966-41ef-b877-10f77a8edd76	52812	91.68541	98.20853
934a4f2c-f524-4052-927e-6257d7f2fadf	45387	91.08557	98.47016
934e5181-45b0-47a6-8e87-45ec135774be	47060	90.58402	98.19596
9356640b-48bb-427d-88a4-31be13c0ca14	38671	89.35605	98.22338
9358e645-02ce-4999-a9e3-6d74b433c531	27398	90.14438	98.83325
936005d4-9a71-49fe-b364-e7fdedd6771e	36828	90.97186	97.68488
936188b8-4ad7-408d-bd6c-592e046526cf	32549	72.41425	89.97304
9362c2e6-9e0a-4269-a41f-a1bf87c84a31	25649	95.90982	99.24707
9366ce06-9730-46db-a017-dde0176c2ca0	48138	94.62985	98.57078
936b42f6-bcdd-40d6-9f88-c40e6d70f0fa	31653	91.75434	98.09180
936c6b0a-07ba-4eeb-a202-fbe93c7a45ed	111981	94.65265	98.64953
9371afda-8110-4127-b3be-5516f59e28ab	24796	82.60548	93.54961
93720c30-d357-4247-95e6-13fceb9ba0cb	27653	89.64303	97.27096
93728bca-496b-4c68-b445-c25611c23f79	29105	92.37914	98.95052
937950e2-dfdf-4480-a6c9-9ee4d784cdfb	10442	96.02230	99.30317
938358e1-ca6b-4c1f-a89d-28dc19678282	84288	94.08488	98.75091
93853cd6-aaa5-485c-bc65-3ce4898cf42d	34811	91.50105	98.22353
93859392-def1-4af1-984a-9f747640afb1	24359	95.10309	98.77116
93897fed-87c2-4bc0-ab8f-4310c9dcf17c	36399	91.50073	95.65859
93932b2d-7e75-4b81-baab-020c2daaf56a	30904	86.29786	96.47040
939547ea-0b3b-422e-abd2-3fe434105045	31246	87.90101	97.97427
9396049a-ff1b-4083-91fd-6dea48d11657	34028	95.34502	98.75211
93998d4a-7534-4645-981a-3bf0cc148aa6	24073	81.78299	97.38985
939cf2e1-0469-4956-b8e3-f8e9a0013936	51182	92.38662	98.11835
939e2ef6-0e28-4d5e-beaa-bd3414f80c9f	23220	91.01133	97.38680
93a2061f-5236-45af-9d38-fd8a6a502223	36220	94.52377	98.98367
93a2ac0b-c264-47e8-a737-a59eba5fbe8b	36509	94.98163	98.90152
93a39839-f57e-4efa-8651-16ccd35bc9d5	22490	95.13516	99.13355
93ae1a99-9ae7-4452-bb06-3d3d4144921f	32109	91.30527	99.20107
93b50d3a-e84e-4364-9426-03383d9798ca	23607	95.62403	99.28261
93c256ea-7678-4804-a8e8-a6c077ea228f	50460	96.75649	99.72881
93c380d0-30f3-4c67-88a1-377e3f70ae5e	32416	83.54668	97.31920
93c46f22-8e40-4683-a846-668a0f8fb730	19838	96.22212	98.58608
93c96b68-967d-401a-9806-9d4ccb02b672	34004	86.79960	95.82873
93cae1a9-54c8-41ad-b62f-6f80366f9c5b	35909	89.69031	98.33590
93cde9f8-8102-4ae8-805a-a79c8f017968	47767	90.10656	96.88916
93ce3dab-99fc-42ae-90cf-da0dc398295d	22989	95.79857	99.06191
93d872cb-8c20-417b-8ad3-6a8c5461cf0f	43734	90.49142	99.37137
93dcf6e1-b022-4d5e-99cb-578799b84be0	48239	89.09475	97.30129
93df18a8-d5e0-46af-b856-3811dbbd5f25	24055	88.17850	94.63524
93e06e46-dc0a-456c-8e55-2bb35d3b51cd	25335	80.55165	93.97882
93e24d25-0006-4697-b28c-98ef1c782b5b	24183	85.95291	97.57097
93e39aef-f4af-4986-a4e5-524d2e3a36be	24011	93.12718	98.32806
93e5c1b1-4c05-4ec0-b621-52b602799a97	30297	95.22178	98.68073
93e70fd0-c9b0-4c9a-a085-d68ac4bdb3db	35273	91.44534	97.77524
93ec0279-79a8-415a-b940-bc197db13691	27983	87.31723	94.99047
93f0c032-abbb-43bc-a44e-f8e29c28fa5a	26461	90.29702	97.23769
93f1f73d-eb78-484c-b8e1-22586ec26aae	20808	85.31017	96.82332
93f34487-d1a6-4178-a84e-053070eeaa0d	24945	95.42733	98.97683
93f35cd3-6aa9-4f85-8d00-09c2294f58e9	39541	94.90743	99.22541
93f8a873-6eef-435e-b9b3-6bb5e99c5575	26950	95.07802	99.00527
93fba9d8-7f90-479a-afd1-e4cf419e0503	37511	86.92574	97.24556
93fbe9f6-e336-4620-9ca1-59f4b91b387c	29053	96.17240	99.23211
940063a3-758f-45bf-99af-beb903c402cb	49237	86.48862	97.66203
94013fd4-f04e-4944-a4af-8bad440f7da1	30813	90.59964	98.25094
94017b3e-136c-4091-9ebc-9a4c59746c74	25795	92.28647	96.86499
94045488-59b0-4e7d-ac5a-2f3ab01fa459	28033	91.66060	98.82989
940bd82c-78da-4b8b-8d58-6a3351a543d2	24326	88.31700	97.88334
940c2320-cdf8-4ae6-9336-ea6daf29ba44	25106	91.26556	99.30495
940c5612-ee75-414b-bd72-1de46b51eac2	34416	93.33012	98.55243
9412d4aa-2152-4dae-8b21-f1330fe53dcb	47034	95.60203	99.05005
9419fa0e-8a98-4f84-bd09-0e917d7a4c39	28213	94.65821	98.80275
941ee5c7-4c8b-45a4-8dd7-c2b68a27f031	22454	87.85948	97.99335
941f4d4d-8d3c-4ef0-a846-e69ebf1a0224	34302	92.01221	98.57390
9420551f-9cfe-4a01-99d0-78808182786e	49575	94.26420	98.85344
942301b3-2da0-486b-84ef-1b09190f243e	27133	94.44746	99.39013
942317d5-7553-4afa-92a6-d4901f09f9a0	41744	95.86973	99.05398
9427f06a-a6b7-42d4-8fb4-810948926298	29989	93.94166	98.75169
94280b0f-7a0a-4753-87e2-09fcff6a5c53	22993	86.56785	97.86687
942d77b9-0d91-4282-a583-65bd1e72bc8c	26467	93.63271	98.60608
94344a10-6609-435e-a977-136fd54aa199	34377	87.62801	98.10203
94376d08-309f-4bc5-913d-a41e41958a5c	30621	94.42371	98.60515
9439cda2-c02b-4c74-bb09-792653e64bd2	24426	90.88788	98.52721
943a7237-299e-4cb3-8c95-e700830a2716	45849	92.98547	98.87973
943f1572-52d3-4a88-9471-af9abb065cdc	45066	95.02349	98.81717
944063da-3753-4641-8135-126b5cd1e496	32905	86.22483	96.84124
94433ea6-d13e-4ea0-aabd-c7f2f1082a63	30089	94.32550	98.93445
944f4014-1661-427e-b219-1f770ac1aa66	28558	88.32649	98.57192
94552d55-d5f4-4635-a43e-369c6529697d	40885	88.41005	98.95977
945567ec-a082-48c2-bda8-e8d7f441153e	24621	90.74874	97.24854
945756f1-f093-4499-8eb5-4b549dbc1733	29720	88.53360	97.67143
94598d59-3fa8-4a2b-984c-793c567c94e6	33397	94.80988	98.89549
945c1c0d-e3cb-46cb-ac91-5cb7f1926faa	30902	89.32882	95.74508
9464106a-706f-4960-83f9-462ef24d5993	30907	88.98535	94.37624
9466b5e1-85f2-45bd-a9e6-fb28d31455a5	49231	95.00855	98.84570
946c11d4-59d2-407e-b8a7-351bee495684	33080	93.66187	98.05145
946c4ecc-5813-4630-8112-f4e7f0d98672	23361	95.94310	98.85780
946cb1fc-0901-4616-b7c9-9c6e9e14f5b6	23600	88.89606	96.87114
946f5308-4280-4369-a469-5cee080a7adc	32007	90.62812	99.00784
94743112-bbd6-4d8c-a37c-4b64860fa93a	23766	86.01675	97.35413
9477f61f-4ef1-4df0-b09a-b84eaef6ad55	37321	94.35824	98.74844
947b8691-a6da-47c0-b45e-f2896c14604c	51695	90.52753	97.95605
947b8fb0-5590-45d9-80bf-10ea5c360900	41128	93.58764	98.88350
947f8d00-ce0f-461d-a74e-c5ef23c8fca4	35680	88.99132	98.61211
94814f97-def6-43e2-81f6-3849bbb8efb8	59078	88.52021	97.48946
94863259-f306-475e-b8bf-b1eceb8abc62	28381	89.63617	98.15849
94898095-2d30-4b6b-b6f5-335a70fb1383	32315	93.97619	98.82299
948fcfb2-3da7-4056-8e5c-7950573c8478	34209	92.93687	99.55946
94914576-ca2d-4bcf-8a19-27873714f54b	64550	92.47729	98.02613
94937304-eb54-466e-97bc-ccd643960778	44986	88.55146	96.34128
9495ae08-a213-49e2-ac91-e4163761a840	27604	79.14818	95.68686
949b3434-fd27-4d97-8a34-3ec0efed22d8	37004	85.87347	96.22956
94a024fd-5cc2-4006-9fac-0d1f092a96f8	40131	88.20480	97.92926
94a2730f-0a8d-4cba-bd4c-99966eec6c00	28078	81.71246	96.39403
94a5c872-7940-42bb-be7b-2e8a7d87e2e6	24363	94.86973	99.10674
94a8f11d-f735-459c-8fea-b427055870d1	51637	90.03544	96.23878
94ac3315-4cea-4b19-8a61-b0eb55af9e11	33481	89.31962	96.13304
94b4ea20-0765-45ff-bb3a-f2a16954c95b	38528	88.51296	98.78453
94b6a634-0d1d-4509-acb6-1579ee771fd4	28133	95.93245	99.30961
94b9817b-e7b2-4040-bd0f-ee87a13b57e9	27698	96.17193	99.39898
94bbdf11-01ef-4eef-8618-a309a5da0b47	40900	91.26894	97.77362
94bd571f-1cb2-4a80-b1ce-1bcecab174c6	81329	88.09300	98.16347
94c0d265-82b4-485d-a8e5-21134bd99144	36984	92.59454	98.47550
94c47773-18f5-45a1-97bd-6ac15d0c0a39	41204	96.13746	99.34293
94c4908f-ceba-44f4-9409-9a9f04278f74	36761	83.02327	94.98653
94c630d8-60fb-466c-b86c-7517578b203d	24848	83.25542	93.21701
94c9f529-aba5-486d-a317-756148fc3360	46286	82.50908	92.71582
94d3f9dd-49e4-4324-a9fe-955776e6c317	30208	90.02899	96.62947
94d911da-c988-4179-9970-922d2cbbeadb	35391	81.76651	87.81151
94db71ce-6532-4d58-b085-5ce1115a5bd2	74674	84.69672	96.35872
94e1032c-9192-433c-aec2-d9e3a30f2248	37633	92.26442	98.49583
94e15363-ff5b-43d0-9007-e91bc086e67b	25244	95.15394	99.13732
94e25fd5-e4c0-47bb-9602-9024099d5b8c	62384	89.91464	98.17245
94e376e1-46d0-4c19-b00c-cd63ea097a2e	57662	83.38087	96.96893
94eac8cd-8cd1-4b6a-82c0-85e2c1d992db	29438	94.59531	99.00516
94eeb4b9-4b0a-4d29-9216-dddadac0f3bc	87604	94.73585	98.53297
94f8c603-294d-4a49-98b8-c55e7276bab9	25819	89.00073	95.80521
94fa54bf-13de-40ea-846b-6509cf847f23	52497	86.95405	95.20774
94fe3e2f-e0f7-4b81-97ae-23176c3356b6	24024	86.67454	96.73909
94fec20c-8b7c-4413-86ca-8502fa0cda73	24862	94.97499	98.63074
94ffc554-4cfc-4e3d-bddb-6ed6b7e19bd4	33630	89.45178	97.27810
9505462b-98ae-4fb1-9ed9-7bca0c2418d8	32035	88.67653	95.73257
95054afc-c93d-4753-90c2-c70938821235	22547	91.71029	97.13816
95058608-d9f3-47de-b53e-0133e856eb64	38493	93.77517	98.59853
950b18e5-d9af-44be-9327-881c589266de	82325	93.82039	98.94254
9520582b-a796-43a8-b4a1-e11af60a4956	25081	91.86889	97.27351
952506eb-a5ed-4784-bf0c-8930eb61d18b	53309	93.79294	98.60663
952d9af9-9545-4fa9-b6cb-d4fbb879cfbf	16586	92.26003	98.48187
952fa6c9-4fa8-47f8-a7ea-709a591bd712	91390	95.46816	99.07986
953529d7-7046-4084-b4d2-3b33e7ec6da1	24792	91.23160	94.76570
9535535f-ff65-4c3f-820a-1dcfc56cface	39599	91.17028	97.31659
95364f80-52de-4eed-a9fb-e87ba85b14d6	24395	88.48768	97.95918
953b72e8-26b4-42fb-874b-07ef2b8c99e6	23326	93.79959	98.87148
953f86b3-c799-486b-8766-31a34fecb976	25465	89.27897	95.40213
954c45d8-113b-469f-ab41-2631539e17a0	76569	94.06842	98.88577
9551124e-c294-424a-b556-110cb8979c82	26247	93.62375	98.65288
95516b7a-9932-43ee-b675-2012dd54ca8a	29456	93.84569	98.83224
9556b4f1-ad77-4b5b-80e6-5184aeaba723	22518	92.07917	98.41061
955b1878-e29c-4668-9012-b58c24341993	46201	95.17694	98.97434
955f0b97-7022-4cad-81b6-d3ff1c3ff173	52558	95.84290	98.61508
9561b265-5d82-4645-b346-fa47e19e4b8e	4026	91.06280	98.68779
9562c3c4-3cce-4dd3-aef8-6dcf22969bdb	45488	82.87375	92.44880
95649ad7-2f1a-4f96-80fb-99d921114ab7	47177	88.82128	97.77192
9565fbbf-ceb3-4f88-a2fd-1738a3194243	25449	94.33564	98.57026
9574012e-2f01-442f-ab70-609e09b1b60f	24700	94.40248	99.31849
9574e975-eda4-4ae8-835a-0dc394f31420	23637	88.80809	98.72945
9582ad88-eec2-4bde-93b8-1efc37cc798b	60421	92.30868	98.12426
958475ed-7715-4f82-a8d6-e803b1b9067d	23514	93.48675	98.80651
958c1670-1d31-4691-853a-77b0f50df4db	42305	94.93721	98.92725
959463d0-f0af-450b-90a0-1b3fcdafe27f	50823	89.84542	97.81184
9597ea36-16d4-45a1-808e-377f29db13fb	32708	86.72149	97.40252
95a61ff3-04e1-4122-b161-9f13ed1c8efd	60803	82.54029	95.12654
95abf26a-166d-4f78-bd67-58823203bee6	35583	94.48728	98.46615
95b62627-4915-4fda-9de0-89d6cd3dd98d	26743	96.54740	99.12636
95baee44-1d73-41f1-b42c-7e900f921182	33421	94.18949	99.22628
95d15350-0ac5-4d88-92d1-124f085e316d	39383	90.25531	98.61508
95d58b3c-a7f6-4161-9299-a8f71b57e0e0	26837	88.46736	96.36449
95d653ba-de69-44c8-9271-235b7725b92d	29541	79.33079	94.00928
95d6d932-0fcc-4dba-b8e5-a012af12ade0	23167	95.95727	99.37586
95d865d3-4ecc-4b77-ba72-a64685e0fcf9	25983	89.92001	98.51852
95dd4541-ce4c-4882-83b7-a08b5966e90f	37350	91.33356	97.71363
95de009f-9a8c-4101-83ae-0bbdaaf31fc3	35874	90.62785	98.02832
95e26075-afeb-4413-93dc-43e07eb4c46e	50825	95.06316	98.97422
95e51629-b111-4a96-a6b9-a6c996d302a7	25154	95.86754	98.98942
95e738b8-f4ec-409b-a8ab-c45dac526017	46302	90.08969	97.35972
95ee5558-95c8-40a3-a5fd-4783ab9167a5	26275	91.32687	97.32209
95ef8adb-f071-4dad-99ab-c23a40e4edcd	34795	84.56065	97.14870
960338dd-7021-42ff-8483-4af4ab73289f	24630	82.84476	95.97245
9605077e-2802-43a5-9984-26d784442072	22297	95.60060	99.60117
960dba75-ec66-46d1-9835-db26d801b648	51622	94.60914	99.52310
9613bfc9-f3c3-4446-8cae-abd9e6eb70ec	16505	90.07268	96.70000
9615912b-196a-45d8-a1b9-b788f8ea2168	55403	90.33628	98.02278
961908e9-8ff6-4c23-a0fd-6828e0aea2f2	32901	94.35649	98.70380
9625d9fa-2187-46f9-832b-a781272c7fdf	52194	79.97604	93.62717
962c139e-894b-454d-8b42-dc71a06797c5	53860	91.00408	96.21936
962cf0db-f16e-4bb1-92d2-c9fb125fcaff	30739	87.64737	98.20645
9639521d-2ada-4ee1-91c3-250e9f7b72e8	2121	75.71246	91.62257
96472723-88e4-4dd7-ba50-7592cecc77af	24190	94.17857	98.88060
9649d470-d201-4f2f-8351-a898d73878f0	28241	93.82489	99.19585
964b6dd5-efe6-4526-844d-42d7373c6b2b	27180	91.76961	98.05716
964cd877-9379-414c-8b81-4117a7572cac	31782	93.85338	98.46928
964d91dd-cc32-4947-9286-af011d5c97da	76833	90.90443	97.70260
964fc772-c50f-45d3-9e7a-e215d1fc3c7e	54043	84.28544	95.41852
96584eb6-8db5-4c58-9892-601eba34ba1c	44159	94.64924	99.09869
9676a811-20c3-4554-849a-14f83533d8eb	19216	94.18260	99.54305
967b82ea-18e8-4b3c-92a2-7b072a9e6713	23246	95.97167	99.08873
967dd4eb-366d-47b0-87a3-28b99cbe8acf	33361	94.10452	99.24850
967e564b-c499-4ee2-a9a9-43768a6f8248	37862	88.20134	97.92624
9682b537-77f4-440c-89cd-eb1ae82e6c4c	48487	93.31416	98.94937
96838d29-53f2-48b8-be27-418cc18e7933	26174	94.40251	98.76609
9687da0f-055c-479d-8fcb-9d6a507fc7bd	57125	89.74878	97.60630
968c2426-5bf3-41e8-97c9-61b10e5be2cc	31468	94.77531	97.41823
968dd330-8de9-406e-a1e9-6a2507edf844	22777	95.03586	99.33911
968edebe-5c01-4f82-add0-b3bf74d99f51	39835	92.29304	99.18667
96939ba6-c754-4f65-826f-5689c74d730f	29863	93.78025	98.74366
96979108-de6b-426c-87e5-ebb487ba5c23	37640	91.81126	97.98220
96a76976-8629-46d9-9450-824a43f7a8c2	45772	94.92588	98.91984
96a86708-07e4-415b-8014-a7687b356a1a	27225	92.90459	98.34094
96a8f9b5-73df-4e9c-8f3c-6198322d2db7	31950	84.70167	94.09088
96ae1e1e-43ee-4555-a227-5bfb3de678cb	50982	95.14272	98.86127
96be8d32-675a-452f-9a74-e93dfd605d68	28760	93.44585	99.36606
96c26dcf-c3b2-4735-851f-97c19226f2af	43753	93.66569	98.57265
96c4c11b-73f3-4b88-810f-a629af5234c7	23051	87.70394	97.41306
96cb1bb7-5109-4886-85bf-9fe0d4664f11	24498	91.65156	98.32501
96ccef52-e880-4e37-85ee-2881e590ea22	42454	89.55173	97.86585
96d0cd73-7c6f-45c3-8555-4fd41b941c9d	1932	91.31783	97.57512
96d15d7b-fd5a-473c-b607-037bebd6d1f6	27560	89.98290	98.05908
96d4a81a-1491-45c4-b34a-fdebcc49d252	43712	92.34448	98.92327
96da354c-c248-452e-bba2-5e76c3e7ee12	38233	94.24350	98.93796
96e01c47-ed02-4edb-ac85-d86f980d8cce	52844	81.95740	94.88462
96e836b2-38b2-43a1-b92a-a450acaeda70	31005	87.38560	98.18449
96ea096e-b0a6-4e75-b429-5fa3dac1330b	26182	91.09772	97.18467
96ece797-2bad-4381-b76f-6f52f3741f9b	38326	85.81188	97.54553
96ef7626-717c-453a-b306-cc8768910f57	31097	90.68042	98.90906
96f0b695-261b-4f27-9313-5ead44f78d35	34064	89.34227	98.33980
96f124b6-d952-42ea-b363-480a644a03a4	22981	85.59865	97.29304
96f4e647-c058-4e74-aaf8-6fd4a8094f52	55084	91.90090	98.03233
96f57992-e818-40fc-8f5e-4fb343d2c836	39494	90.77999	98.96252
96fab3f7-2e16-4a30-b6db-58e0ca8b545f	66268	94.42534	98.39153
96fac385-caa0-4f96-98fb-57ef1755e4a3	51825	91.25323	97.77253
9706a78a-c61a-4f56-8fbf-3473ded19df1	27828	77.63077	93.45359
970c4b35-5459-4fcb-b836-476b988bd1be	26504	93.99221	98.28003
97117a7f-71e6-48d5-be9d-ee9393dcb5af	24517	90.78098	98.25535
9711bfa1-fcdc-4c20-ac6a-6c405a6c350f	49664	93.75831	98.04007
97123be7-01ec-4ccd-ad6a-3ac932c87421	21537	89.90093	98.22827
9717f767-4bf4-4af0-a004-2596431ceb02	31883	90.75143	97.45186
971857a4-65a4-422d-92a3-d47d1963ec2f	27040	88.32477	98.37490
9720dc12-b414-44b9-a73f-aaf226bbe214	52109	89.67945	95.84984
972191ec-9e47-4228-8c9d-5b71f729c85b	37447	89.29984	97.80389
9723e985-eb4b-4f77-809b-235b5cc04133	37348	96.13226	99.08008
9733fb9a-7111-4f47-a5c5-aab59e0f545e	27719	76.90721	91.96074
97451d11-3664-4ccf-982f-d3e47cf7726e	30793	93.35443	98.79816
9748637c-87a4-4ee9-a2fb-efd4b4a47ef6	53115	86.39953	96.22991
974a10d0-374e-4cab-afd2-4ff2ef073146	23912	85.91888	96.91958
974a84c6-3740-4ba9-bac6-058828d4acda	44742	94.10198	98.87553
974c1128-1c73-44a2-a8b2-6cdfd99ef9e5	22723	93.33762	98.33225
974d0135-8816-4496-b0cc-8dd8b3222463	33753	94.65095	98.85169
9754d7bf-07bf-43c0-8f47-bee520a1b216	32603	89.79191	97.05180
975787f9-d087-4ba5-a7f2-cf17e39a1119	31386	90.40209	98.35519
975b7a8c-42e1-4983-9c16-31ca2b3e6ed8	30803	95.87250	99.30832
975cba90-6600-49ca-9e1c-935eb7841425	62787	86.86116	97.71204
975efb2e-ae3e-4084-9aee-d0fefda9454e	48742	84.67723	95.62268
97608fbe-b0d1-4809-8a0f-9f488f969948	54745	93.82081	98.87313
976f82e7-6bff-4c1a-883e-4b817d5db9da	43267	91.88801	98.85497
97752e63-0ebb-4a77-a5cc-d0b517ef6cdf	26157	88.34712	98.70804
977aa475-9ad6-40bd-9c16-34b1acef3417	54084	94.54919	98.43613
977fbcde-60da-4752-9872-d77257afed50	29697	87.84299	96.38742
97845b0b-4d1d-464b-b5de-f3f1a825628e	26428	93.45729	98.76992
978595c8-4749-496e-b593-377b708a5e26	23822	94.05031	98.84278
9785cfdb-2091-4e8c-8b83-52d0e2e4988a	24211	86.69118	97.03450
97871c24-7e13-4006-895d-45ced7d59b9b	28391	82.07280	93.51509
978b06b6-eef3-43f9-a146-37271fa58dfa	41275	90.68282	97.72587
979111be-d174-4953-aff8-91018852995c	26845	94.78057	99.06625
9791e8a5-005e-4ead-ba56-cce29ac83fca	24772	89.97327	97.49260
97955309-fc1b-44e5-8494-d6f731049808	26175	94.95640	99.25765
979b53cd-e00b-416d-a968-19891caaa05c	48960	83.15534	94.49128
979c0559-2a21-4b9b-9448-398d6c9dc87b	22646	88.19515	98.25257
979e097f-c84b-4db0-ada7-0fba186c84a5	59443	90.66233	95.35661
979e6144-3cbf-444b-a316-500a812cff70	46662	94.86184	98.75959
97a0d5cb-2edb-4a08-a6a8-86f686e36776	2241	87.56965	95.15707
97a0df43-bc99-4298-9259-2a818f849f79	43762	89.83526	97.95923
97b07b33-8003-467f-970b-5f8349a22b23	39369	87.73158	96.34592
97b595ce-d4c3-45ca-b79d-384c5530eef0	24504	94.75702	98.67146
97bbe922-6775-4abe-9250-8204debb5605	34669	94.95979	99.21131
97ccfcaf-d4fc-489c-864f-11b8efcff1de	26610	86.80312	97.77532
97cdda66-6624-45e6-9889-eeb1cc3fe11e	45903	89.85586	98.17056
97d32f34-146d-4e38-a982-45f61288fb73	18269	92.55462	98.62569
97d5f3b9-325f-4375-956b-ffc232e9e4ae	68779	89.22981	97.55419
97d76fef-fb3a-4fe9-87b9-e690435b29cd	43080	82.95825	94.23874
97d9cd68-f0b3-4487-a5d3-8bbdafa07661	38289	94.62393	99.04068
97dac7d9-1dc5-496f-aef0-fb55ec345db3	35570	96.52335	99.15631
97dd64e2-0860-400b-a7b1-a2b47ced6591	22575	88.47248	98.04589
97deb046-0ccf-4bec-8f05-ed13ed7820af	25080	87.32631	98.57492
97e47f98-bd89-4ec3-900f-d64eb983a8a5	46745	83.00492	98.36315
97e51829-3c61-4025-9aed-a5fcc6642822	66658	94.73515	98.57576
97f0627e-3328-4538-8f0b-57890391923a	47858	85.65355	94.12043
97f60743-51c9-495e-924e-a26d01b93274	33408	92.52005	98.44618
97f70dec-c77a-40a0-84df-44f55c129cb4	28741	94.70773	98.88785
97f7a93f-05bb-4233-a7b6-fb8de3bbc30a	91031	90.95023	98.03812
97fb8ec7-6b06-424c-ab9b-b2390ebade66	26437	92.55831	98.18182
97fbc68d-8238-42f7-8e7e-686ea4530cb9	30749	87.62352	96.78388
98079767-88dc-4aef-a50e-e6e2b3e29e27	42646	89.53184	97.07077
9807ea7d-185a-49db-95ef-f4b808c93d3b	19853	95.06629	98.63587
980ebf71-3134-46d2-91ff-540076c6c244	38604	94.46653	98.68344
98105147-dfa3-423f-b8e5-02b85bf0dc2c	49991	83.98018	94.19669
982d4f51-d7f4-485c-bb0f-21b8f3b3833d	31099	85.17860	96.26903
9831df02-a7ef-4b68-a1ea-79af6253412e	25936	85.87103	97.08778
9834110c-093d-459f-a91f-cf4421fed0c2	61125	95.17426	99.42216
983a65f2-2bee-4508-894a-ff8b05bd6fed	24933	95.17977	98.96074
983f1732-1d08-4386-bb9d-6dcab2b1c71c	56403	92.25716	98.93195
983f2e1c-bad3-4be5-a2d1-116cccc05302	35781	95.22568	99.20269
9843656e-9f99-4269-bf69-240c17e3f17a	23147	95.84472	99.67171
9845bf7e-3af0-4493-ace7-9e83dfd64512	39511	90.00631	97.92598
9856320a-7370-41dd-8630-379eed926f6b	40125	95.68550	99.05756
9859f3ef-8ae3-4d5c-b74f-3fa269c7c6b7	33683	93.97779	98.88477
985cba89-f09e-4a15-834a-5c14c9be8b13	33954	79.90978	93.70295
985e7c61-501e-4d88-9be5-d503dfb794a3	39900	85.19627	93.90829
98624abb-b225-4c36-b4b4-05850b250da2	26898	89.55832	98.27624
986469a6-a57b-4398-9022-3df78c711efe	33333	90.36851	97.64323
9866dfa4-a9c9-4b01-94bd-518accee0c49	29156	94.54710	98.81365
9866f282-601f-4222-afa3-47d20b9d164a	32241	95.16977	98.79592
986722b7-6b8f-4571-a3be-3da2d3811b2c	42762	84.79666	95.87773
98685847-2854-49a1-aa99-5d16425aef57	34201	90.32032	97.61680
986ae31b-783c-492a-8cbb-c631eb54c6e8	36584	93.34696	98.33248
986b13bb-69b0-4411-9f59-7f6e1f06bdcf	28511	81.44164	94.42892
9872c5fe-3b05-47b9-bc2f-f23da3aa026c	23578	93.97355	99.24358
98773fb9-9110-4708-a4e1-91eff1cf15b4	29990	92.31216	98.16420
9877e217-b7a2-4fa2-9bff-12da58683727	22636	76.47483	94.70034
98799060-1ec4-441d-bef6-6d25c6befc7c	45523	78.62882	93.87544
987f3d0e-f174-4cfa-ad99-f3b58e4eb3d0	45506	94.25997	99.17478
98856c6e-d728-45b5-a8a4-2f3e89ee0628	24385	92.06154	98.07848
988591e4-7e62-49df-8fb4-e4fe601eaf19	56063	79.67321	94.60223
9887c93f-3933-4904-b395-cedaa191210a	36762	95.38367	99.34756
988ec398-09ef-41f1-88e7-af1b10b5ff7a	62197	90.69459	97.60336
989216ab-0bba-446f-9964-1f90aa15365e	24599	94.79686	99.02697
9896126c-a3b1-42e4-898a-2fd16c43f8d0	25543	85.70432	96.20631
989a289c-7950-4caa-a49b-6efb97911177	38016	95.02399	98.88605
989d1d3e-1f34-4ff5-a634-844d433f8411	38399	93.22798	98.47644
98aa119f-814e-490e-8bf3-898056b58dd2	28923	66.59316	78.10298
98aa76f3-a08b-4010-a694-82dd69e48968	45657	90.24529	97.77339
98ab79d5-170e-473d-957e-248b1059a35d	29319	92.66028	98.92916
98ae41c3-8a44-4fba-9160-1b71350a9325	22510	94.93864	98.57118
98afb7ac-b8aa-4f09-b2b7-d01ede529d89	27829	91.76647	98.85631
98b08ef0-24f6-46a9-b907-51fbc437fa52	35529	95.45895	99.38602
98b27a89-e10b-4cba-a6c0-5ee4498d5415	22863	94.67504	99.31140
98b42ee0-9d7b-4888-963d-1ab110ddf1b6	43735	95.73645	99.16633
98b48876-9749-43a6-8d73-da970c1ed537	46833	95.49723	98.92268
98ba38f3-807e-495e-8032-5634a26fbd3d	23026	94.77447	98.61601
98bf86d5-a18e-46fd-9f44-374d743f9ea6	32491	94.31046	99.32602
98bf8d8b-13b8-4ec1-95f6-386357efda31	27982	87.83042	97.97898
98c41a6e-3499-4752-8180-90d048c49987	22393	90.46713	98.83056
98c7f49b-1466-40a8-bc04-61e588dbaa35	32362	95.40254	99.45476
98c803d1-0b1d-46a2-a8b1-76b28dbd16e2	26447	91.06125	98.34951
98ccbaa4-6f64-4b15-b0e8-64783baf0236	28305	89.35729	98.48918
98ce1a42-94ea-44db-9cd2-d6bd174d3210	43827	93.41473	98.84754
98d674cf-f981-4bdc-8f5b-61b37fe78bf4	22532	91.51268	97.96551
98dcddbe-f4e6-4e33-ade0-0ec8b1a2aba5	36778	92.26428	98.05278
98e29456-5358-4cf0-80fc-fb48f5072a2a	27203	91.21124	97.99682
98e3c9e6-1b66-47b4-9819-3625c7a0d8b3	39216	86.97610	95.87871
98e6a85a-2230-405f-8c68-de03044d8de5	24821	84.65002	96.21525
98eb508c-8682-4403-8e6f-f94042599f95	39240	85.64910	94.68731
990f809e-10e5-4a55-8a4c-a6912f91c89d	61314	88.71370	97.94789
9915d901-b90a-4f5e-90c9-f471df9d5aa5	31789	80.81038	92.43145
9916124c-af78-40a6-b451-d53f976bc619	25483	93.96744	98.91753
992d695d-9be1-485d-b9d2-cd4571129e92	40534	91.71098	98.23905
992d98df-c0dc-457e-8a80-8f70e6522e81	30776	94.37647	99.16637
99300848-5b84-4803-a15e-373ed6dd6f2a	49010	80.33690	94.95921
99326721-0e86-4c7c-a43a-cf971b12aeed	24475	89.85547	98.32756
99326bf6-324e-440a-93a4-3192477cd28c	41653	85.11688	97.08754
9937b321-3265-4270-a801-32a4956622b3	31426	93.08717	98.97337
993ace7f-190e-486d-b18f-022d7494f914	27275	86.53994	98.01339
993bd33b-88ca-41a9-bc3e-530e0a73b934	35705	83.39025	96.04716
993fd7ff-229f-42e8-838d-02ae4b8c82f4	39438	92.94677	98.51781
99452c89-009e-480b-b5a6-7bcd3b4c0968	31197	79.69691	92.52692
99453671-4ce4-40a5-882b-6f948d2718fa	25071	88.94876	97.81248
9948b062-7fd2-488f-9950-7eaba4c4a49f	28228	91.23188	97.28002
994b741f-2f6c-44ae-840e-1bf18539f2dd	12348	96.59755	99.32192
99536f88-8b02-4fcb-bf5e-4bc081ccf307	26697	88.38730	96.97290
9956006e-3982-4006-8f5f-8e104470660b	22818	92.31197	99.06632
995e93cd-33ec-42c6-b430-89ac2f7faa15	27043	84.79164	97.53095
99602e8d-d77b-494b-b5c3-25e6c8c8aaa2	39785	92.59250	99.36663
99645351-b328-4ed3-aaf9-37f9e9973d8e	38136	90.27935	97.73942
9965862a-b1f0-4d2d-abfe-d5aa08dcd56d	30020	77.77978	93.06112
99674fdd-eb0b-47e5-bd53-713ccdeaec98	69679	89.88376	97.99392
996f3c4e-812a-4674-ae50-8dd7328f8b5d	38687	81.10102	91.04953
996f5e9d-00f6-4cdc-b010-44945a02b23c	46857	95.06447	99.45146
997aec98-a5e0-4ad6-b51c-2edb0f735f22	37295	91.39403	98.80788
997b3e6f-c738-412d-acb6-f91b26e146d7	30319	85.79629	94.41929
997e60ac-73d5-4271-a18b-9dfe378de2ec	43221	94.99694	98.73438
997fe6f5-1e67-497f-ae8f-fc7a8ca98c99	29433	95.39329	98.98155
998940da-eed9-414b-a11e-3c8088444697	31521	94.23923	98.68793
998b7ecb-8cda-45c6-8659-a5a6d0483a57	28653	94.98664	99.10210
998ce8ab-1f49-4846-be15-f6a5628c584c	23171	92.71810	98.81100
99961920-29f1-492e-83fb-0d151b6cbca6	26968	95.92381	99.15542
999abcc9-0629-40ec-b00c-bedab05b2859	73325	95.39193	98.75519
999e7d87-6d70-4f9c-8307-c50325739ef5	26591	94.25042	98.48688
99a67aa8-bf10-43e9-850b-5f6fc8ddd77e	23358	95.73528	99.03846
99a8c769-e376-405c-9cdc-45a326a1bed5	22619	85.88934	96.13694
99a97426-70ff-46f2-a44b-d0e2758a1884	29129	94.93236	98.91038
99b17a8b-290e-4de5-801d-cebb6cb051be	37536	82.54246	95.86359
99b3ddfb-0c67-44a4-8df8-b5f6ab45ef4c	32779	94.45705	98.95036
99b53338-9676-453d-89d3-c20bcb4c0549	38695	94.27178	98.83045
99ba5ce9-d1ed-473e-b72e-ff1eb2fdb413	27984	90.93184	99.12168
99c20353-c616-437d-bb92-ab9f49d45a9b	45364	94.75019	98.52861
99c45b4a-716e-4898-895a-cc11b956a228	34945	94.47090	99.31074
99cb670b-fd59-4613-bd43-b00f175dcdef	23293	95.59966	98.90892
99cbe129-e61b-4103-ab74-773f0d5f6a51	32769	96.69265	99.02439
99dc3ce6-07c5-4175-962b-1e111291c9bb	26149	84.47385	94.77682
99e253d5-fbc5-4642-8f88-96285be42e9c	20068	89.29165	97.67771
99e69f15-c88e-493c-acf2-fbe10713303b	25994	83.90052	95.73344
99eec4a0-da40-43d2-bce6-97ce18bac5d4	24940	92.31068	98.04223
99f09f95-be2e-43a1-a1b5-3f070b3a9a6c	37256	94.79778	99.09386
99f687cf-1454-4862-a8bd-a64d40976be7	26302	87.85813	94.23305
99f94f60-92a8-4d0e-a54e-83299361874f	22693	90.49236	98.38864
99fa4f97-c906-45be-b129-b6707e790986	42886	93.80994	98.55129
99faa9c9-fe94-4fc5-9687-228b01194c4a	33138	90.48256	98.06984
9a006569-195f-4ed0-b3d2-1c06adad41f2	32186	95.77581	98.93935
9a0ccc0d-9a1e-4fc6-93a2-fab9839338ff	58306	77.85401	93.92666
9a13b553-85f9-43a0-97f9-35b60d23f750	25538	88.75953	97.02374
9a1aef31-60ff-4cf1-9483-3e2162af39f7	24303	95.43760	99.18509
9a23bad6-a150-4b07-b1f3-7641030c5598	87018	86.99270	97.66687
9a27c7c2-4287-402e-8b7d-80345ee791a4	23160	87.19912	96.37799
9a2a29f0-1a41-4397-a0ff-478832c01814	44866	95.37749	98.82550
9a323072-2bfd-4f67-b988-81acbe8c2065	63605	94.18638	98.53265
9a35ec24-e0ae-46d3-b9af-6053e32c6072	28431	95.58579	99.25446
9a3619e9-258f-48b5-83d1-04c4d815f36c	30447	78.97143	96.24630
9a377711-3f99-4728-8ce0-0c0b19ec24df	44968	94.75069	98.77866
9a39a4bc-791c-4919-9c31-06c96ab5a95d	33409	92.65346	97.34050
9a39fd45-0828-44e1-822a-c65408c0e3c6	23793	89.23126	97.08690
9a3a4231-5ceb-4644-831f-40b6a8fe75c6	30001	88.54160	97.35181
9a412e2b-c32f-4156-b297-0a99f9643125	40322	92.82453	99.21854
9a44bbf3-d221-44aa-a153-5d5f3bfacc94	60606	88.48121	97.64379
9a44bf2f-8e38-4bab-b3a4-eaadd86ecf56	71687	76.52398	91.58593
9a44c1e8-4bc9-4fcf-9193-7d049f953838	56975	93.46531	98.49860
9a483b54-b621-44d9-9e99-a1ae0f0187bf	32332	81.60389	91.57524
9a49d958-55aa-4876-8da9-481a11d51c82	59192	91.13323	98.30590
9a528a92-031d-4efe-9896-34c35575d033	26766	89.74721	95.96690
9a55b38a-0f8d-4bf2-9b05-7147ed65579b	3340	90.77742	97.11798
9a55d990-d41a-4f2b-b2af-231a2d98a686	36926	84.33943	93.01909
9a57c1eb-7397-4273-a748-12072ba2fe99	50467	90.55355	98.01965
9a5e1ccc-359e-4244-918d-cafc1f381684	45560	84.48840	97.64150
9a5f5cc5-7b6f-4c12-be32-177735a2eb5f	74419	95.07127	99.31454
9a604513-49c2-4e1b-b4c8-21707b52d9eb	42930	88.07982	97.96277
9a607076-d8cc-4257-a453-dc50dd866246	26553	94.52672	98.90768
9a613fe4-9ced-434f-8e0e-a9c78a6a1983	24262	85.14706	96.64373
9a62d128-6e28-40ff-9d34-4e8aeaba3cf5	28371	95.73488	98.88504
9a63dd10-b23b-4d00-927b-12f249186f2d	31256	90.99124	97.26442
9a6461a7-1f6e-4f5d-ae2c-e1314e9efb27	62422	92.80748	99.18688
9a67b1c0-3922-48b1-a5b9-03ff37a49710	47170	94.13023	98.60361
9a6bbf2f-39ca-4d20-9886-7bd5d6f863a3	48814	87.67772	97.61075
9a6e8e52-b435-4adb-862b-9309746bd18d	23913	95.62785	98.97841
9a78017e-a411-493f-88c3-e5c6b1d2ff06	58305	88.72597	96.70142
9a84e214-bf11-4dfd-943f-ec6adc69d264	41402	88.83456	97.71610
9a892af9-a791-4c6e-ace6-b2b4e91ce4b1	28949	90.54688	97.95260
9a8de1c2-e166-46ab-b478-c12eebfcb8fb	23885	95.18102	98.66545
9a8f8670-dce9-4ef8-9e9f-357e36e09929	34424	78.56515	91.55640
9a95374e-00b4-4c76-844e-8293bf3c44c4	38799	95.62727	99.09070
9a96c169-ae63-47bb-889b-fe93e2cb2eb7	43510	87.83223	95.19488
9a9b6fd2-55e3-48fd-b1cb-8b9c6c30b5eb	25265	95.55105	99.24344
9aaaf42e-098a-4482-ab10-669fcb26200c	22321	95.43813	98.89279
9aad6a4b-6618-4834-8d90-e9fe090ec400	25980	93.12352	97.19002
9aad6de9-b31b-48bd-9088-4590d024826e	23894	93.52468	98.66534
9aaf4408-6815-4689-8d70-2d42130f324c	30157	87.94695	97.28724
9ab0c502-fa80-46f4-b03e-336e2f7af308	58641	95.77889	98.81698
9aba5144-ef05-4284-8a9a-758cb71357fb	28930	92.52731	98.02428
9abbe6c1-5176-427c-81c9-17d231b8faa7	26058	95.07931	99.01647
9accfef9-e332-44f2-b51d-1fd15fb7cc18	42061	92.81207	98.66005
9ace4c11-6c31-4b89-b563-8cce5748b332	63403	95.65258	99.05677
9ad170a9-8fa5-41c8-92a3-40ab7dcc0e23	50774	96.18988	99.19005
9ad295fc-8325-40c9-9d85-24c803e3fe85	58549	86.86420	98.56317
9ad3880f-a36a-4d9b-b46d-4aeb739335a9	47736	90.87168	98.73622
9ad6fccc-0726-4063-bda6-50a600344483	53907	94.86472	98.78331
9ad8cc89-522a-4045-9a6c-bf9cb9c42e3c	33488	91.21329	98.12922
9ad999bd-fdf6-4840-9369-a57f0e88f6c0	30187	87.00525	97.54800
9add362c-0fd8-40a6-a5ff-641b8f199861	77091	94.91489	98.87917
9ade250d-5c91-4b6f-802b-51b33364a519	37098	95.07780	99.53752
9ae03caf-ba9f-4228-984f-ba78a012e0ae	25070	91.20731	97.93911
9ae07501-51cd-4aed-a78f-4df4df4968ff	21164	85.61299	94.94749
9ae9bea4-7c3b-4bb2-a730-21d0c53db2bb	29788	76.51883	94.81602
9af30d38-8bd8-42ad-b5b2-d556ccc9ada6	25617	95.49391	98.78936
9af67246-45b9-4f2c-965e-eff5d4caa8fe	15799	96.26880	99.18146
9af6a732-6c7f-4154-8fab-7a256f488658	69378	87.54084	96.04026
9afcbc5c-99a3-4721-be02-3d9ae9580b70	31763	92.58013	97.42005
9b06842a-07df-4da7-b08a-dc1c6ce47c13	23659	82.52458	95.47335
9b138b7e-0438-4026-9dc4-419fab08f878	38712	83.47581	95.93710
9b145477-b05d-4dbc-80b1-0510e5dc9358	26708	96.17444	99.21383
9b1728af-a5bd-4d87-be14-3607bc18d0f4	46810	92.14967	97.31366
9b180fa6-fa5f-45c9-b99d-abbb5c1bbb34	56029	86.22480	97.71235
9b1b56d2-c73d-4fe7-87f4-2682ac2ef019	27751	82.24133	93.23293
9b203bec-9bc7-43f1-9211-498287e30651	20919	0.00000	nan
9b24369b-f521-4960-af7a-0d56c549a51f	101485	93.85950	97.92765
9b27b8df-d72f-4850-9613-ec53a99902e6	25099	84.07827	92.63240
9b27cc6b-4387-4ce6-b029-a2ae44dfdd6b	22256	93.26576	98.01652
9b2feffe-8649-43e1-a58d-77c3e1c65ada	30047	92.74852	98.13595
9b3567ee-fb65-467b-ad7d-0075e4755e21	25529	95.04081	99.24346
9b36b270-c014-4fe8-9fa5-db8bb31e6b16	23704	90.46874	96.67075
9b41b6fd-6f64-4b89-a0fa-71865d8b07bd	56851	81.21433	95.49299
9b427388-5b65-4b86-b78a-e64bafd7e0a2	26806	95.79949	99.29054
9b49bc97-7f05-4fdb-b1fd-161de48d230a	42611	92.32246	99.23027
9b4ba536-c70e-4b7e-abb3-d920b11dcdfd	37706	80.76063	94.28665
9b4ff9ea-9086-4572-a2ea-8a7f6af75558	54892	88.63033	97.60909
9b51c0b2-6261-497f-9780-c15263ce4c55	41815	95.54856	99.13306
9b551142-285c-4319-ab83-2f7aeafd3cfa	28649	73.66148	93.12763
9b55b634-ef3b-4b06-8698-a7e7d98a7a14	23332	94.58132	98.78515
9b57537a-941a-466f-864b-ee2f9d222f1e	37636	89.63720	98.51518
9b6402a0-9da5-44fd-9e2e-c5555e8f0b22	26883	94.22643	98.97741
9b6afdad-db7e-4d16-a36d-8cf5c4641837	46883	95.34709	98.76137
9b769da2-9dc0-492b-a058-e133ce9666ea	22834	94.45784	99.24123
9b77cfde-4e75-483f-b156-4b7fe44d6d05	16587	87.59546	98.88211
9b78f460-2eb7-47c8-a730-cf9eea879405	22800	90.46028	98.09787
9b8cad6c-6a54-4e46-ab8f-89b40e0d50e9	58391	96.20379	99.09258
9b8d6042-8a3b-4adc-9e9b-0e1f5eddeb8c	44815	95.43544	98.86838
9b90a192-1fee-4b9e-9689-fee5adec7f79	40579	95.09001	99.09009
9b957d75-49af-416b-ba7d-673dfba30a14	22269	89.66472	98.49083
9b9d9853-28c8-451e-aaef-d8d9aed8216b	34053	86.29460	96.76454
9ba3bcf2-f4da-46f7-b80d-670f32a7b6a8	27364	89.29039	95.59184
9bae7943-877b-447c-95a4-243686a912ed	33444	93.42959	98.64306
9bb05024-6200-48ca-a10f-06dd4990898b	35166	95.85685	98.92306
9bb4e9e5-4c16-4416-9211-0af1a4b34682	36547	92.36512	97.81740
9bb6945e-2af4-4658-b3d5-6b4c9f952b16	13829	95.60643	98.65194
9bbc1798-a4c4-421d-9884-8a9ddeb3e724	42881	94.48395	98.77902
9bbe76b4-3975-44f0-a538-5ba037c71363	23587	91.51797	98.71547
9bc12967-b68d-413e-ac81-209fe51b3404	51356	94.24914	99.41457
9bc1beac-68a2-4240-bcf0-98234592aa98	25215	89.20103	97.30420
9bc4bcce-4e7d-4f56-9e72-40c412b766b4	22206	93.34743	99.01891
9bc5920c-a8d6-4405-92a3-e362cd80470d	26372	91.35244	97.71841
9bc69961-6037-453e-a8d8-19abeaf6e50f	64322	90.54530	98.17173
9bc72d51-f20e-4604-bbe0-4b2fd866361d	24570	95.71514	98.84157
9bcf0d2c-82e4-457b-907f-1c8e554573e1	49248	80.45878	95.26144
9bcf47fd-d84f-4260-8607-bb655ced37a6	24830	94.76091	98.63707
9bd3386a-ed1b-4c8f-94b0-36b7d3357c44	34470	94.56551	99.03478
9bd6e279-5390-4ae8-b32d-cecd3f211db2	28089	80.26894	95.63702
9bdc812d-c906-4a6e-a616-b85e10dbcc8b	22371	92.56818	98.30650
9bdd5e8a-d3d0-4026-b054-24f9e90b66cc	30877	88.39120	97.58261
9bdf70c8-e234-45ec-8a15-263cd3d86d4e	27576	87.84285	98.24053
9be12cd7-b27a-44c4-9e44-4a16d4cdcadb	23276	93.11370	98.59670
9be30b5f-a645-4f53-9455-a77ea4191c22	56031	92.48887	98.70164
9be334ca-544b-41c2-8dc4-76dbca96269f	48691	88.78530	98.02435
9be6504c-30bf-4f4f-8bd4-4a5a2a9a8c67	27310	90.75669	98.26005
9bea3421-2076-46f4-952c-009570f7c43d	36341	94.80865	98.74193
9bf435fa-a396-4faf-b205-16c2f59c75cd	56344	86.67333	96.27570
9bf62804-1339-4211-8629-6a7920ad74d0	52931	94.43469	99.14081
9bfb65bf-5c4c-4b41-bc75-881a9ff899ed	65873	95.87003	99.58987
9bfe0037-8168-4fc8-8a17-c631e6b6f363	58250	95.19929	99.09885
9c0aa319-d059-4063-9b9d-85649e937539	40541	94.80246	98.97782
9c0fcb7f-7347-4a0d-a2de-07d95ccc9840	32647	91.97327	97.52410
9c110b67-02b8-4493-a816-66df627e1023	29765	91.51323	98.09370
9c1b16ae-e5b2-49ba-9694-01509d0f5d84	47401	90.77909	98.05332
9c21b796-f615-4753-b8a2-b1d7eec756a4	45653	86.65681	96.32393
9c23b701-ca34-42fe-8acb-144f60d0a94d	70767	89.09930	97.86518
9c252a55-68cf-4106-93aa-849e3a586934	45479	95.70098	99.54400
9c27c184-65ad-43dc-8fd9-0f346bbb1b0f	22081	91.36144	98.71196
9c2d9ced-9f43-41b4-9ff0-df94c65b8b7e	48824	95.21200	99.01901
9c33ace0-e6f5-4156-a109-40799c0d2002	25962	88.00813	95.90173
9c35b4c0-f897-4e6c-9ca5-07c90c22468b	36362	80.89648	95.22458
9c36ac83-0b37-4cab-9df6-6e8a2404f721	34136	94.57299	99.10863
9c38d3b8-4512-4325-a37d-5b2b2c6e6dcf	23025	79.56318	89.94197
9c39f478-0bab-4e58-8ff4-0d358dd5308e	22777	95.89255	99.14732
9c3b6849-daf3-419a-9abf-0b2732805b78	40117	95.67286	99.20218
9c461424-c344-4780-b85c-744d71f7b68b	52511	94.84513	98.97518
9c5364ba-c725-4f0e-828b-57cbab4e35c2	29627	72.73001	93.52712
9c578b62-6bcd-45b3-9dad-954ccce41beb	25003	86.77077	96.78484
9c604f66-d0b1-487c-9965-ce3b51eb2957	59797	90.77231	97.61675
9c63fa98-48ef-49ff-bb84-0a2041296742	23317	95.17874	99.02011
9c7102b2-e6f2-4f28-9648-519e46942979	48478	95.75965	99.17018
9c752728-ee5b-434e-8a83-fc71665a8527	34332	70.16474	85.75525
9c75670d-a6cf-4f5e-a4b2-b7838bebce3b	23637	94.83315	98.55636
9c76b8a5-8f4d-42c4-bba5-fe63503a4c59	23112	90.94987	97.34996
9c7e3264-c383-4d77-8b38-b5ae0e0c2547	23618	90.72902	98.84646
9c86b5a6-e7f2-49f2-b19b-7ea1931fd568	25711	86.97922	95.85221
9c88b1cd-f876-489c-8a48-3c0c4132472b	27349	86.88328	95.68333
9c891096-8c19-46bb-8a9e-175bef59ece7	34955	93.69296	98.51337
9c8eff7a-092a-4045-b00a-63eeaef5814b	26723	80.99632	91.28972
9c912ba8-8881-4616-b4c8-40889a59aaba	35934	94.67662	98.82759
9c936877-7b77-46c9-944a-69cb7d6a3f00	37555	94.49854	98.70424
9c964f91-3b30-444d-80a5-4d54d55e0034	31202	93.61523	98.62207
9c9793da-3f8a-4ab0-a084-b5bad4dcea24	39945	88.47894	95.34912
9c9fbb50-90f2-4650-8168-df4e337a881b	27294	87.51254	96.64561
9ca6e40f-3eef-4fd2-bc53-297cfec429b0	32268	87.22800	97.74987
9ca8b2e0-c172-4ca2-9674-521d049a92ff	26291	86.21610	95.43815
9cae13bd-c74f-4da6-b32d-ed718bdf96c7	28122	86.37766	95.47948
9caef963-0887-4136-a9d6-ee7534ad9481	57736	89.69296	97.56515
9cb170d7-dbfa-496b-bb6f-ee131231982a	43964	94.83461	98.82896
9cb78b6d-8357-4799-890a-dd3fe875fd38	27888	89.94554	97.59857
9cbb498f-dc73-4537-96fe-a67a3a00705a	32808	87.79071	97.26602
9cbc427b-eb64-44a4-a426-b091d4082b2f	28228	94.16479	98.99437
9cbf904e-42c3-4238-999f-1a1ba394a3ab	30759	91.66876	98.03514
9cc7ff8c-0cfb-4836-8750-bb4e23105d92	23804	83.55998	96.24919
9cd2e9f2-2e17-4f37-a5cc-9c6c17a877bc	22744	89.04367	96.46934
9cd60402-4b9d-43b4-a682-0b66f8f74cec	37025	75.79420	91.95511
9cd84f93-bf27-43bc-8953-a99e65fc0576	30032	86.73706	97.81657
9ce388bb-7c00-4f49-a67e-e10f32aa1f41	23970	91.61775	98.11560
9ceb18a0-1068-4b3b-94b5-31f68639f07c	26710	92.83502	98.36926
9ced5356-afa8-4d93-a9d8-fabe1e0f5d72	29865	81.45274	96.07337
9ced5c9e-0640-419a-9296-d9a2818fc01e	27009	83.19201	95.51348
9cee2ef3-460e-4e0c-9835-6da825d945ee	30806	95.12577	99.32443
9ceed4de-d969-48e3-9b91-b337635bb60a	32672	91.68992	97.31666
9cefaeff-ac79-4330-a86d-cf214abd2f76	49040	83.41178	95.42868
9cfdd545-f3c3-4e9b-8ec5-f03161b3a52b	39553	91.86709	98.34554
9cfdf2e8-bf16-47a3-b44a-f495433b86f6	38800	93.81547	98.92448
9d04547e-73f1-488f-b34b-288f1eedd8ec	23244	89.45056	97.28969
9d064790-0bc0-47a6-a727-f0d062d43607	27183	78.11596	95.42650
9d091eaa-213f-49b4-861c-93a48c2da375	41131	83.79682	92.17214
9d092ba0-d864-4c78-9926-5c68e81cd783	22605	78.71523	93.49171
9d0b174b-f40c-4fb8-8a93-d6f014b076f8	27790	93.90591	98.76988
9d0cac22-8aad-42d2-85e1-8d384b6f9dfd	28640	92.28344	98.45565
9d0f0248-5144-4513-a2f5-1ec73102559b	25181	85.80294	98.40480
9d0fc60a-8947-41f3-80c9-8c677a916d4f	70690	84.82771	97.09376
9d102bf5-0e44-48b6-b906-1beb975885d7	36275	94.49244	98.96651
9d1191ef-08fc-410e-9744-63283ba1c9a7	33758	83.24316	93.75992
9d13715b-18a0-4406-8b6c-0522002e9790	42351	93.97095	98.89485
9d13e375-046d-472b-86e1-0b6fc268975f	14361	93.79141	98.21872
9d141205-a5e1-446e-a1a3-6db82c5e76ea	27473	91.85013	98.40512
9d181f1a-494b-41d9-9946-80316de55c36	29661	90.00902	97.16200
9d1d408a-01d4-49d6-a766-84795100b542	29664	92.39084	97.77954
9d281313-190b-417a-9cb8-b62e2724f3b9	21969	88.12862	95.77483
9d2c6ce3-7b18-4bc1-920d-b9536efd1a8a	27946	82.91737	94.61021
9d3227f3-1703-411d-b407-e8c2e8c66ce2	23656	90.46291	96.98490
9d37fdae-3244-4fa7-86a8-6528ff4130d3	33057	94.96546	99.11350
9d3fc416-0713-45e2-9ea4-3e2e1e92eaf1	41930	96.41891	99.34718
9d40ce1d-ca60-4704-a6d0-7fbf075c18eb	27355	94.85096	99.61658
9d4887ec-4162-47dc-8db9-8e79cd73124a	47511	91.38226	98.79425
9d49190b-838e-40a3-9a1f-ea78f2a18595	28430	90.43343	98.03005
9d49b1a3-888c-4ea4-a53d-871857e92917	51272	95.60494	98.74414
9d4f34f3-5ced-4c89-9f52-42ae67f4dd58	30819	76.69614	94.38798
9d507920-58ca-40cb-8efb-39cdaec94229	52509	95.74823	99.50844
9d5a8487-19a0-43a1-8ead-874597923b57	33847	95.67434	98.77489
9d5ae253-20c4-4910-8a77-2fd0d59c93e9	41991	87.40583	95.81408
9d5e5059-4086-4973-91f9-dd951c62d220	32456	87.87915	98.45737
9d5f766b-ab90-4cf7-9541-6116be79f50b	33142	73.97188	89.99209
9d618646-4bbe-4f1e-bf15-c27724999685	30633	90.68034	96.82273
9d61c281-8463-4b5e-94b3-7ffb8df86bea	76802	94.28604	98.79346
9d62987f-8cf0-45a7-bd48-2efe359ba729	26043	86.83532	95.23879
9d65d72b-0b80-4cfb-8d8d-f503c4b0cf7e	29421	92.65477	98.22576
9d67daaf-1761-45de-9b57-2a2a43c939b7	11661	88.68509	97.95145
9d684beb-3db7-4356-b0e7-0ac0a3cce824	32393	96.29900	99.44622
9d6bdad4-2a83-4603-9efc-11c15f53e76c	28935	96.21509	99.28773
9d6d61ad-817b-4c06-9adb-d62d5ee1947c	37690	94.50016	99.09110
9d711e0a-c4b2-421d-82c8-d5d8e5509ef2	24156	95.82808	98.78144
9d77e4f0-5099-4b48-b69a-954932021608	30420	87.77457	98.05697
9d7b21bd-337a-4e93-9835-d8617c80b339	26163	90.07184	98.63874
9d80292c-28f1-4bf2-97e0-6e2098f8f89a	36715	91.49830	97.27355
9d80fe16-4514-492f-a597-b71f6adb3c2a	42292	86.24575	94.72103
9d889941-13a1-4537-8327-6706a37f3e14	26247	93.35736	98.67632
9d89d928-67f2-483c-a95e-2437470b448d	31349	85.10971	96.98240
9d8c4ddd-769c-4240-b6ac-818150d104a4	33573	91.51286	98.22575
9d8ca13c-ec16-4a4d-a351-0b777b444d7f	26568	80.24641	93.72455
9d92e738-44f0-4a3e-a0ec-9dfcccb8bc37	46931	89.54920	97.57367
9d9311b0-e5fc-4cfa-bb88-6cb84746b78a	41449	82.17717	98.14402
9d94f3d7-1964-47f2-b165-7e74b17e54f7	38055	94.98079	98.98840
9d957094-4c07-42ae-a76e-83f97d143309	43634	89.17430	97.96102
9d9eefc6-e133-432e-bf30-0c0edf3bd84f	31339	88.46085	94.47469
9dafabe6-d72a-4ff8-813e-1bf7e186032e	22898	92.49015	98.16992
9db95709-2d70-4677-a6ae-13e78b1e829a	52539	92.88361	99.21520
9dbb869e-c791-4e08-9813-bbb43fb8044c	36931	93.90418	98.72210
9dbddbdb-0fa6-44c6-beb8-5fa484d9df11	47559	91.88019	98.55758
9dbe94a3-65c1-4067-9e42-6a562b3a2586	28649	94.84190	99.26356
9dc07ebb-9938-4b45-904f-1e9cd1bf1ceb	27849	95.23776	99.11132
9dc49372-13a1-4aea-88a7-c9757e132e8e	28358	88.68584	97.53730
9dce4549-fa32-49c6-b398-a07785f2c044	28419	93.43318	98.62513
9dceb76d-1fdd-4024-8471-720bee4af197	67073	95.61432	99.08454
9dd37a12-3597-4d38-846f-b3e01a5dc037	22209	90.61196	98.17504
9dd9ae21-999f-47ac-bcc4-571bcde35b03	25228	88.47645	96.93885
9ddd120d-bcab-4d7e-8d52-d4ca08511aa8	23891	94.49718	98.68247
9ddfe570-6596-4bc8-a0ed-c4ef143057fe	78800	92.44379	97.89666
9de6d547-bcf8-4726-845d-f73115f14616	27448	95.41662	98.93048
9de7413c-359b-4259-8d48-2c4112f6487e	47455	94.85362	99.03828
9ded554e-3886-4711-8570-a6d56a5f7523	35185	93.99788	99.58026
9dee1a83-4a7b-446a-a1a9-7a3cbc93ce15	23536	86.75639	97.49231
9df3cdcc-5370-4354-b66a-b469b1dc2b71	28539	86.56075	97.43845
9df88ead-b083-4db8-8013-6e0dd1a95d69	41859	92.00934	98.38265
9dfac949-8734-45bb-9371-601366155c54	24555	82.31829	94.83026
9dfffb7f-a9f8-47ce-840b-8333958ef7c6	38554	86.88943	96.10581
9e029da6-443d-4e02-a791-ad25928d6f71	26554	91.86462	98.54490
9e14e8f3-c519-4fdc-9353-4b7b870c8908	47055	95.98854	99.12431
9e1e276b-f772-4782-ba85-00688fbe0578	37338	94.31417	98.53789
9e20484e-15e9-4984-a199-71e431da8bff	23047	96.13752	99.43718
9e34866a-14e8-4e63-aadc-b7a975a56b02	24922	88.66763	97.05606
9e377494-bcdd-44ee-8cd8-928a9726578a	24737	87.82377	96.02652
9e3ed2d3-b5bb-45b2-ab72-7d6691b3bb72	34882	95.73159	99.08246
9e45d56b-9e25-4513-b4a1-ea6ae14eaed3	47549	95.18981	98.84823
9e4aa434-a882-4a2e-b1b7-4cbcdc5e03bf	28715	96.42231	99.15152
9e4db4fd-4975-4ebe-8f88-c42f9a143322	23981	81.02380	95.60778
9e4e4368-93d1-40bc-ac95-2de9761158bd	31176	93.10054	98.43592
9e5cd2bd-0432-474f-a1a6-617b943c7e9e	23127	86.88572	96.58457
9e5ed310-debb-4856-a0f5-5705018d9d3b	36627	94.50936	98.70077
9e61b7f0-aaad-4a1f-b1a8-89500029f2a7	22827	90.33729	96.81803
9e71fa6d-37d2-4a46-9e91-b14b4e9c1564	26533	93.69106	97.83960
9e7836b8-e0f3-4b98-8f00-02e214d91a80	31705	90.04581	97.37401
9e7b17fb-e093-4ea8-b583-f8f4bbce26c0	29271	94.78881	98.80183
9e86e188-5b87-471f-82a6-607197a9266a	27710	84.31070	90.36204
9e87e0b3-fb33-4bc2-833d-b7e789013c5e	23730	95.19904	99.24907
9e8835a8-4dcf-4d6e-8424-5a1534ceab0c	40988	90.86927	97.67425
9e8d7d93-c151-4f5e-8314-4459c88b3f69	23724	95.23002	98.83002
9e8f9c5e-50a5-478e-aef0-96f7ac5d7017	52103	88.16277	97.26468
9e8fca07-3530-4104-a1cd-ca8db5a2339d	25272	91.09922	98.42554
9e9086f2-79a3-4b9f-b5c5-cd9344e7c352	39160	91.55242	96.48854
9e90b7e7-43e0-4d93-a883-887bee1a10dd	8886	96.53515	99.93215
9e974d52-6f0d-4d29-82be-82202a14de90	26705	90.82793	98.07374
9e999eaa-6c78-47f3-8bf6-619883200cd3	30214	92.74240	98.54153
9ea0015d-97f9-4690-81e3-6a9450946a14	24621	95.32110	99.01202
9ea35d3e-4b5d-4e37-a223-478d673514d0	24979	95.42450	98.87654
9eabf753-46b6-4be7-8e0e-a2593ddfafa2	25827	87.82625	96.67544
9eadfe24-3014-4519-babe-b8c6d3533af1	26307	71.28061	87.13847
9eb28f54-4b64-4fee-9361-5d0d437ce9a2	56452	81.52687	94.25985
9eb47452-152a-4cee-981e-f1471e521fb7	42355	91.29627	97.50888
9eb8aca4-255b-4ce3-a5ce-dbc49265e0b7	58344	93.33255	98.80720
9ecbbd88-f55d-4aa7-9c30-3a578504a751	30027	94.14966	99.03757
9ecefaba-d00e-4068-a847-ea190a5db51c	25401	94.07319	98.93663
9ecf61e6-42bc-41ea-af3e-9ad21a8fbb29	24722	89.88111	98.04125
9ed24217-0f82-49d9-9015-e032af7f1a29	49918	90.27441	97.89203
9ed2e836-a5c6-4def-a5f8-224c8700c50b	36899	88.20994	96.56005
9ed4cdd9-0164-4026-8ead-b1a3c6e7b00d	48894	93.80380	99.63266
9ed4f05c-903c-4927-96ed-5cd4d82ba1e6	27732	84.98182	97.12066
9ee0131d-cfb6-4be2-8b17-eae68b9114cb	41706	86.22000	97.55731
9ee1e8b5-d58e-424c-91a5-ac76c10d9265	28307	95.36031	99.08025
9ee1f144-ebcb-4f69-8d53-eb8d73eb88a9	23186	95.41055	99.10768
9ee4aa57-ed3e-4f4d-8882-7bd64b5fda71	24985	82.21161	95.05539
9ef0c842-8831-4031-8d2a-7bc83d064baf	42051	83.70351	96.63258
9ef29115-2373-4aa3-8276-8186bd9718f2	25605	74.87933	93.56225
9ef4a428-ab07-4725-8747-79510faf8d0e	22288	88.64165	98.03056
9ef8d1e9-8094-43ba-b12e-6194d918fde7	32767	91.18957	96.47552
9efa8d9c-eed3-4515-b6a2-ba2b89fc7dac	30161	85.07160	96.87037
9f019a05-20a1-451e-9c70-91e45d1aa210	22560	95.49125	98.97312
9f026dce-3f84-4a3d-8ece-40f2f6203499	29905	93.56436	99.53279
9f0836ab-3f2b-41b3-aef8-4a5ef3443380	38743	88.71569	98.30629
9f085021-dd8f-4803-bcd6-d62e3aa0802a	24413	93.22730	98.50613
9f08d4fd-fe63-4954-b71a-72d184f756e0	61496	94.02512	98.60184
9f0f0548-d502-4502-80b5-fbb6738c494a	94866	81.48918	94.87801
9f103ea9-fa9a-45c1-a0b6-fdc504493c69	26132	94.00493	98.58840
9f174256-5533-4f95-99d7-0d4b32a8200a	43376	95.21305	98.52884
9f1b6484-59f5-46b2-b55e-3f40d4074ffb	27398	95.79340	98.99246
9f247912-5650-48fb-89b8-8137ff18d1f2	23211	95.98180	99.32586
9f256b7d-55ce-4b40-82a3-ba478443d33b	61228	95.06669	99.13911
9f27fb19-4662-4439-acbb-6816d26120dd	28877	76.86266	89.12679
9f34982d-74ab-4750-8dea-7198ce799ebe	27699	88.26691	96.91854
9f38d072-9648-48a5-aa8e-885a8b6c8412	24609	87.55009	94.57427
9f38f103-aed8-4ac5-bcb9-205e897cc31b	23313	90.95964	97.56886
9f39c1cd-7411-41c8-ad27-6aa37bbdd335	25643	95.88815	98.96995
9f3a74a6-2010-401f-91a7-052249e85380	32619	87.20273	95.57371
9f40ace5-aabb-4100-8bcd-5199c8b005bd	34241	74.42878	90.65782
9f4420c0-a693-4a80-8a91-3086f1c5397a	47532	94.12236	98.69998
9f4e5f05-5f73-464c-b376-00b1fc51fbff	57956	94.86820	98.86090
9f4fabd9-4284-4000-ad17-39ddf9b6df6f	41052	91.63296	99.32362
9f53d24f-a720-4934-8318-ed6666c6d088	28773	89.94372	97.50586
9f5f721b-30cd-4251-93e0-b23f50fae8e2	29456	83.20946	95.14352
9f62198a-a94e-47b9-a298-c78ea8c03723	70027	80.39573	95.17998
9f62f790-55a8-46f5-ab34-c64af40af33b	23121	85.33077	94.48001
9f642f21-8a36-4bbf-ac2a-c205b5205e68	35680	94.11829	98.90272
9f68e498-4bec-4aa4-b1b0-2dd355f60c6b	31919	95.46281	99.20865
9f72d45b-ed18-4ebe-bc4f-54c17fba5462	37951	80.75877	97.89057
9f7e5cb6-781c-4cba-ab90-5d51896e64e1	48132	94.32018	98.55525
9f80190c-d130-417c-b812-4580d35a1f11	52046	87.80284	96.87593
9f823414-9da2-4321-a354-2a759811d1c8	49116	90.32889	98.04369
9f8628bc-bb16-4f8c-9402-f3dce738aab6	24371	96.05981	99.13888
9f89f55e-b490-4b99-908d-603bfd446df9	61246	87.59531	97.71856
9f8c56d9-9b85-4615-b696-0d4db0146591	46619	93.85302	98.90336
9f8ced37-5ea2-4556-b0dc-830fb35f637e	31212	87.26611	97.90040
9f91e436-2a7e-4bb0-92b7-ad39cd290ab9	62491	85.69484	97.49355
9f93ff0b-644b-4d77-819f-703363256a1a	24968	89.14412	97.00293
9f9c152f-5ec3-4ab2-bb1d-01a0e5642401	30075	95.27590	99.18334
9f9ffdbd-75a4-43cd-993e-2421c7b15246	30901	88.34050	96.97731
9fa2dd6f-d465-4222-8575-85243765e48e	22236	93.11406	98.93722
9fa8fc00-479d-4931-b981-0d01fad02947	22225	93.93539	99.23825
9fb49877-2b95-437e-a226-7ebff383f19c	38572	88.46659	97.17081
9fb89c44-5704-4499-adc3-854bf5004396	38173	87.91664	95.70190
9fbf2e2f-174e-4e2b-b826-97deab84b5c1	32528	88.21940	96.24544
9fc557fc-591b-4756-a309-b14d56fcea9e	31675	95.80244	98.90474
9fc99930-31e1-482b-af78-ab6cfab9d2f4	36976	92.38492	99.18225
9fcd5bab-ca22-472b-b511-dee8389931f8	29410	84.36122	96.88356
9fcf6059-6de3-4c5b-83f4-73eeabfa90e1	45399	95.44220	99.25538
9fcfeb99-a8a7-4678-8970-92ea3d1b0476	42083	88.56664	95.60745
9fd62fa3-4069-4584-9aaa-cb739301a398	22548	95.28240	99.30132
9fdb13ee-3c09-4d21-9261-a566fe3c8ef5	53240	94.73578	98.67994
9febb2f0-590f-4887-9c6a-10f394f9b91b	35098	87.50408	98.12326
9ff3560a-30f1-43a6-aed6-d8859494aa0d	26162	89.52056	96.79911
9ff76189-d662-402e-8c08-dcbc30dc2dd0	22532	80.04076	95.24173
9ffbd904-207f-4db6-b7cc-761be2893fb0	43691	94.03895	98.76571
a0005f3c-efb9-4ded-aeec-7e71fa6351f4	53997	94.26461	99.14500
a004b63c-f54c-479c-b083-b33d59374526	29160	91.08514	98.11869
a0069a38-4157-41cd-9734-190f803f94ce	25294	95.03359	99.06880
a0097c80-0611-474b-a8b5-fa9b56c09bec	40095	93.91641	98.46862
a00c077c-9d4c-4465-a393-03bbfef5ee31	38715	85.01647	95.74784
a00ee997-ff8c-4ae8-b946-cd622d2cb877	26668	87.57428	98.29575
a011c922-cab9-4c51-98c3-14b12eb59e14	44724	77.65654	93.86149
a016bc89-a544-4589-a27f-68de252c13ea	24435	95.80676	99.30691
a01e194f-9e4d-47b7-87b0-45051c71a0ad	47570	86.02832	95.05674
a023df42-fd19-43d2-8b27-30222c1fdea0	66924	93.05776	99.09156
a026e3bf-78ab-4eca-9ef5-ee79fd2ccfd5	50548	91.42142	97.27385
a027a26b-4faf-46c5-b5d3-ca4ca8ab8cbf	22211	90.91145	97.81426
a0288b51-cd51-484e-a606-c1a5c6df6f64	43685	93.96751	99.34392
a029ec75-ab4f-49e0-bc08-00bed843d3d7	31467	95.33706	99.26619
a0343a27-a8e5-4089-adfa-faa25dd0059b	24472	85.77196	97.70548
a037ab35-e09b-4d3f-a8c1-9d98ccebc4d2	70246	89.92501	97.45257
a038cb47-7d1b-4f47-a8c7-bf8221bfcedf	26065	93.85565	98.38020
a03c2a18-61a6-4047-aaec-f1c9982b6928	69067	92.95617	98.24849
a03e2f70-d80c-4a5a-b3a3-86503cd6d0cc	32243	83.40725	94.74926
a03ffef1-247d-4107-b95c-3586c9ee6ccd	26644	90.19008	97.78727
a04991f2-ff50-475e-a1a5-d00d06872eb8	51093	88.03938	96.38928
a04b6bc7-db35-484e-852c-90285615a3fc	57945	95.51460	99.10766
a0556195-abf2-4381-8864-3c3c162b63a6	46035	94.03545	98.70442
a058d562-8321-42c8-b699-d95188dea667	24251	86.56172	96.06954
a05aa875-239a-4c8d-b7d7-5b56824a797f	28536	94.86898	98.87070
a05d1b5b-2485-41f1-98cd-a19909638b7a	27615	87.99892	94.69389
a06158f4-05b5-4f8c-a4aa-9cd32b90af17	23161	90.30196	96.85426
a0627111-bbbc-4951-93a9-9d6037b4464b	34580	89.07249	98.00613
a06d897a-2d65-43ff-a2ed-5ff9ad888e76	38506	74.81777	92.54741
a07bdc91-c3d9-4dae-b5d1-b49c88851915	45244	96.10720	99.05255
a07d8675-f218-4a44-9bbb-45b0dae41ce3	28111	94.65830	98.95536
a0803861-0d05-43dd-8baf-4050d9592e00	24086	89.10593	93.93773
a084ee0e-b922-4a53-8042-de34929b6464	33644	76.75618	93.92056
a085c3dd-e200-4736-b790-1ad562b79607	42135	95.20207	99.00846
a087fc02-0108-455a-909f-7fa82f461c93	34827	95.82850	99.58444
a0883283-7208-41a4-922d-dd3ade5045ee	44323	95.54306	98.90488
a0889c0e-8957-4d16-bce9-617b53e5930d	30873	88.24077	98.26848
a08d79a7-29da-4990-a1ee-b5e03b64f323	26705	94.15305	98.31241
a08e4496-11d9-400b-8a7e-53e636580b37	70622	94.65325	99.37599
a097a8fc-ed82-4820-a851-609cbfa476a9	27854	87.22209	98.10641
a0a295f0-6ca0-4ea7-aa72-73c60b15c2d5	51716	93.58611	99.40312
a0a56e53-d934-4ba1-a300-c3052c703083	35339	79.53085	93.06936
a0a71f73-bfd9-4319-9363-2dace505472e	35157	83.57703	96.05963
a0ab0ede-2018-415b-99db-57debe609407	34236	93.73789	98.25204
a0ac3410-40a2-4daa-a43d-4a0f3a446dd6	28928	93.20108	96.71862
a0ac45ae-9fa4-41c1-8112-5c0b803848e3	41020	95.65530	99.00138
a0b23f39-82ee-44b1-98f0-0074f5d799b7	46453	94.77164	98.72475
a0b2473d-9b95-4148-8776-2a269d101555	34999	94.63837	98.75286
a0bc6b96-e0ab-4260-bab7-7bc2e6068e92	25201	92.87647	98.81154
a0c5a070-2496-41a7-bcc8-296871d9c61a	37467	93.93141	98.80729
a0c737dc-f0c6-4b26-9b30-48eb86ee3e3c	28250	81.76049	94.62503
a0c77487-80d4-40cd-b08d-66a0b07c1544	48271	85.44835	97.35177
a0c8a4e9-5d6b-4fee-9c9a-002fb8b7b4e7	54714	93.98141	98.86333
a0ca56b9-c7b8-49c5-943a-1cfd5b50497f	23353	79.23429	91.48215
a0cc85c2-c8ff-4990-8e72-cdbdb6ce0921	29664	92.50843	98.45596
a0cfbd01-6833-43f2-bff4-6edc58681af1	30883	95.66945	98.81010
a0d21f63-d697-4f9c-8cde-7583cbf69879	31018	95.87034	99.04609
a0dbc6cf-c5d1-40db-8740-dc5d596ee55d	27072	93.55199	98.79536
a0dcdf8f-9fd7-4420-bf03-b6fe86dc88c7	67254	93.79473	98.79417
a0dee1f2-dea7-4c65-8b74-250c83243445	22587	96.13918	99.72973
a0e4ad5f-d53e-4ca8-9f0f-89da5ce98aff	22773	94.01790	98.66128
a0e5584a-6233-4e17-b2f9-fda51f15bc63	34554	93.01770	98.26957
a0e5ef13-c8cc-47e9-a59d-e29fe14540b2	23798	79.51996	93.15424
a0e7baf1-a2b2-4dbc-aeef-3872f29b2426	26755	94.19649	98.69971
a0eca5d3-8007-45a3-9e1a-09923c11b84c	45298	90.33573	99.00506
a0ee9a5d-344b-4a5c-b1db-71eac72553d4	29178	84.59723	97.26862
a0f130f9-c725-4894-8b12-4eacd414f981	55502	95.70014	99.36188
a0f4bb6b-7d95-4583-802a-65c6577c6c92	56845	95.81414	99.33156
a0f5098a-095b-49e7-b375-4538f93d7667	22633	94.98116	98.86897
a0f6aed8-a3cb-4029-830a-11f9d23d7d50	25602	88.42801	97.30681
a0fb240f-61dd-4e73-97cb-7fcdb32ebc99	33159	89.00649	96.43315
a0fc37b6-2803-454a-a275-692156d44b24	60296	93.59525	98.64190
a0ff13e0-714f-4d7e-b54c-40b7c13b2ffb	24934	95.94643	99.24926
a1066cb8-1f72-4c4a-a092-b96c6db71e00	32019	95.37617	99.16196
a1072a49-c033-4b28-adfb-80ad95494dd0	29176	93.38005	98.41377
a1075f56-3227-4037-a46a-882576b9bd13	24140	95.03148	98.67115
a113dfbf-6fa3-4ed5-ba5c-1d2c00933f32	27870	81.09889	95.97385
a115d90b-5c29-44ed-a7e1-d19df5c2129b	39725	78.25088	91.00363
a115fa03-6232-4b10-94bb-eadad27d04bc	45756	93.22897	99.44932
a11ac7ce-a742-47c2-81bf-024e5e19bf0d	33486	93.33626	99.72867
a1244d55-e098-4feb-a9b4-1489f0de040a	34744	95.47137	99.05976
a12ca8dc-d5da-4342-86d2-d461c6d72aa7	29306	87.01593	97.56374
a12e002f-c929-4c2b-bb43-66acd007e82c	27771	93.00315	98.51670
a12e81f3-0448-4311-8f70-a70cc48dccae	43515	94.57743	98.68260
a1320828-43d5-4387-aa34-1d4832439d21	27646	78.61333	96.51118
a13369bb-7d25-4531-9f36-75e75a4414ce	35195	95.24820	99.09958
a1397a96-2bad-421c-af28-1eaf2320c234	25963	88.72819	97.93221
a140d364-6fe3-4afa-8edb-6bda8495b752	46177	91.42014	98.21547
a149c261-efa3-4a4a-9e33-8cdbb39ca568	22914	91.76875	97.20342
a14b544d-183b-40fa-97a3-9ef1f99b114c	22283	78.96667	95.32726
a14f1823-0711-45e6-a230-0e38ec8d84e6	65851	95.11561	98.82947
a1523462-6769-48af-ae18-861f4d48cc62	21934	94.03018	99.23692
a154cb20-b310-4e07-8f2e-1766952972a3	56530	94.44733	99.03161
a1553155-59d3-4c5b-8a39-eebe77ad95f7	27611	92.42975	98.80863
a15c1dc2-0f12-4629-8d44-92ce8f6bcac6	31975	95.27353	98.97918
a1621242-313d-4274-9eb1-6dbd5baee25e	23037	94.18911	98.67590
a162b74e-8fd4-4cc6-b4a6-1300e34881a1	32370	94.67869	98.90076
a16ce1f6-8a59-48d3-8415-ecba43dec0ee	49348	85.06271	96.60701
a16f7684-70e6-490c-977e-445f60245f58	33652	93.73318	98.59635
a172f7c2-693f-4d3f-b0c8-cbf8484a33f2	25699	95.25885	99.03348
a1732071-ad2e-4924-b0ea-783c1d25ef00	25846	94.08671	98.76581
a17bef7f-625e-41c4-b82f-0f888202de09	47700	95.42449	99.31397
a183807c-dc8e-4659-91d4-8127789bf3bd	42814	89.55068	96.96241
a18752a9-1016-497a-9636-0a33a7a7e910	57996	95.42863	99.02732
a1909171-3eaa-46ba-acbf-1e94a59125a8	28822	94.23782	98.89195
a19f5a49-c55c-4386-95c0-35ad066e32dc	23634	74.03969	96.12012
a1a30dcd-c9d0-4d4d-ab1b-de24112d21b9	33088	91.15710	98.41417
a1ab7291-ffa9-455c-970e-9cd7fca96d6a	23965	86.01459	96.96367
a1abb439-ae5c-461b-b503-860f44c58402	26420	93.51453	98.46689
a1ae0bc5-742d-4c4b-8e2e-fadb72e220ea	30421	82.83423	95.35710
a1b1226d-4258-4237-8b26-f24350ce1c24	12710	95.77177	98.96858
a1c045e8-c8cd-4762-83c5-d4a738996e52	34310	78.86020	92.89347
a1d1bc90-70d5-43cd-88bd-d13ca0e8b546	33783	85.74414	96.65701
a1d29291-2aa9-4180-80bd-e14cb3d2bfa0	22580	89.44084	95.76636
a1d5d69c-c854-464e-80aa-942e4aa84122	42286	94.76865	98.91957
a1d75c0b-5055-4464-94d1-028616c41a5d	29152	92.99206	98.60607
a1d7b239-3c6a-4531-aa25-ce1315df4d9b	25736	94.32087	99.00761
a1db9e04-286f-4155-b1e3-4a6facdfb2a2	55790	80.22215	94.64201
a1dbac5a-8119-4171-964a-660311130d11	30288	95.12898	98.67098
a1ddabef-d33c-4c1e-88aa-ec24be1ce679	30221	88.87026	98.23003
a1e0d9a2-a2d8-4b1c-ba60-f64fe086fc7b	35710	89.48262	96.18003
a1e2fafa-96ba-4769-ab68-738386a29c08	34078	91.64275	98.05514
a1e70ec2-7302-4dee-ad8d-828478206157	23214	95.45301	98.94804
a1eb90a4-2cc6-4482-9f6d-f1a1f4ce7368	50256	93.71307	99.43699
a1eedc5a-8526-4237-acde-3457a80fbf36	35176	89.83363	96.81086
a1f400d3-603b-4a16-873f-1bd843bf1d28	29160	92.19587	98.45242
a2073de2-51ec-4384-b249-c2c237770a21	22329	95.08543	99.05560
a20c8d1c-b317-4edf-aded-294f68f70995	25630	95.98075	99.23041
a20f2ce6-d622-4043-8ca6-be1a6641d5b1	37181	94.50861	98.56293
a21ff8e6-48f5-4155-814c-827eabe4b796	38231	94.65463	99.28707
a2261075-2389-47e2-935d-8041e7839d33	23618	95.19467	99.08145
a229de7b-6d7c-4023-874f-4cca6552f3b8	36877	94.61969	98.77322
a22c34b6-0f1c-4094-9f5c-5e31dc2a3e8b	28321	90.61568	97.86504
a233f44a-ac34-4a01-a019-167f4596a261	64975	90.33391	98.44435
a234eef7-ef69-486a-b3cb-b2e366d1009a	42052	94.63999	98.81115
a23684a5-50f6-43bc-8384-3c24b16968ec	29021	90.98464	97.84143
a24495a0-b470-4fe5-b668-d2b1b42a9f13	8826	93.84291	98.76321
a244cb08-9f75-4e5c-aa06-1251ac36c4fe	23818	88.28905	98.01915
a2579d7c-8e2d-42fe-b871-e31c8a8523a0	23084	95.40792	98.95067
a257cb71-8d07-4d77-b4dd-dace03692682	33407	95.41695	99.02162
a258c030-cd6f-40c6-a47a-c9db75d136e3	40750	92.65219	97.01158
a2650313-e01b-4920-a8d6-b662bdef325c	58884	91.99874	98.60109
a27793cd-5254-4db5-9011-5b5a0987db3a	30541	94.60832	99.33451
a27e91cc-040c-45d9-b300-728d41199d02	61188	95.10893	99.12888
a281a470-bc6e-4374-b52c-fc9ef6075f32	37830	81.17729	94.10619
a2841e51-810c-4087-ba57-c4e5a3ab2ce9	24200	89.29559	97.64149
a2872358-cfdf-4138-9b3c-b266f79e6ad3	31946	84.71319	95.59667
a291f312-d23c-4296-9214-278837be26cd	34724	87.81609	98.04227
a296477a-1d5d-4996-afb1-b4445b52b2c4	30117	95.34155	98.94598
a2976911-e85a-4026-9782-0b0e7012e729	37359	89.56420	96.71285
a2a992f9-cfbf-4c9a-b012-bb6cd3e79c90	43763	82.46127	95.23799
a2ae430c-cb07-4e9d-8bab-236f3aec5635	46465	82.36506	95.04336
a2b7deac-951d-41bc-86f4-443b8cfb1dab	41135	95.77414	98.98281
a2bffa78-ae2e-4e39-bf16-d1d2454c96c5	34819	80.55502	100.64099
a2c0835b-ed11-4066-ba7d-4b7df5750376	27987	86.10280	96.75685
a2c33853-6d06-4b80-849f-6c4fd94243f7	69536	90.44412	95.75915
a2c90e90-abe8-41ad-90e6-e48858a91d5c	23026	93.69062	99.30297
a2d2cb22-1525-44d6-9c7b-e1860b0fbf1a	28734	95.70275	99.13212
a2d33b54-3b62-4216-9c72-5e0111aec575	52491	94.12354	98.37937
a2d4097d-cea2-4d13-a3d7-e0aca0c6f7f2	38576	94.49197	98.95384
a2d6f1a6-ebc9-4680-9c6e-239053a288a8	27782	80.59954	93.07403
a2d91d2a-42ba-477b-8041-2ea9df3132dd	26727	93.07933	98.23636
a2e00278-b7d9-41db-bbfb-57d3886b2e79	49042	90.96210	97.19101
a2e27a01-22c6-45a4-bbea-638013010a25	61033	90.49188	98.05060
a2e431b3-ee65-4de5-ab2b-756df0302021	39520	88.54237	98.17318
a2e4f8e5-f196-4d14-bb48-4e6c7ac0e357	45881	93.22019	99.30783
a2e88228-32c4-41a4-a2ed-bfa5c598d77e	35340	95.14832	98.87020
a2f21a92-4b3a-4d87-aba0-8d78dff1f3b4	35780	93.87466	98.85929
a2fbcae2-f8dd-494b-a8bb-0c49fd07d73b	27665	95.12689	99.08062
a3067083-ac13-4c2b-ae11-53056d3fd924	69610	94.65182	99.03434
a308d7cb-9582-4085-88c1-556a200c5699	89668	90.91601	98.10775
a30f986d-0db9-4edf-8bf7-8ea52d3c6464	34514	89.40458	97.65418
a310b908-05b6-480b-8a16-8588a2125c58	37926	93.76364	98.55729
a3142b9b-3584-4c7f-9cbd-20241297dd57	29829	92.31645	98.29176
a31494a5-4862-4ad4-846a-c77c8ef2fdc9	28407	90.34220	97.71496
a317219b-e4eb-4d2f-a5a8-d765b6264836	53969	90.96873	98.11355
a3181fef-1bdd-42ec-8aab-e0d2399c7b8c	23402	84.24010	94.52444
a31b5197-2843-4a2a-adb4-9d9c2b2b2a98	30619	87.66042	97.40421
a323d4b0-36e2-440a-9610-e0ce66c1a10c	29099	90.62050	96.48213
a323fd9c-fe5d-4ebb-945c-e58eef325a4d	21639	80.91120	96.53903
a3252d94-56f6-4063-b0b0-e713b3178513	40485	93.59502	98.57275
a3260130-a53c-415c-b456-abbceff43d6d	43631	94.42347	99.32286
a32868c9-d818-4158-b76e-083b3e94fac9	43491	89.22415	97.60876
a3293217-947b-4178-9dde-3f02cbffbb89	58815	95.38239	98.97543
a32d6207-4524-4d41-8a86-72f0bee38082	28530	95.30372	99.17364
a3337554-f1b8-49be-b01f-f34125610886	22812	94.42825	98.94403
a33dd514-1ed8-4e4f-b8c8-df77a71d675b	51061	86.95319	95.15960
a33e2a1d-1053-413e-8cd1-2d423f42bc25	42082	87.61946	97.16123
a34f0aeb-b303-4c2a-8e96-1a074ed61114	42000	94.58840	98.93306
a3516f5d-50d9-47f0-ae77-b148a7ad9d48	27949	94.79086	99.18946
a358a656-7063-4270-bbfe-e926f52a52f9	37830	95.44357	99.07113
a35a4082-6790-4e76-823f-62992698fa5f	52002	95.14033	98.90474
a35c6a88-1d95-4032-a547-dfaeb4cae529	25739	89.38720	96.11552
a3660803-712f-45ec-a0ce-8b5e14f79a98	23252	93.02939	98.74195
a3712628-9491-496f-ae55-34dc9890394e	28290	69.49458	89.90525
a3719707-152a-448f-8f22-dd288f98b515	43897	90.35443	98.01978
a375a1e3-a0d9-4798-834e-0709daf4d79e	37314	84.96080	95.13797
a3770692-bef5-4e00-93b5-16e6fd60349b	46186	95.47872	99.27656
a37e938e-671c-4d2f-8e74-a2277967b7ed	61047	81.39210	96.15300
a37f83ac-3eff-440d-857e-8052247d949f	22247	93.50290	98.87164
a387c3ef-49da-49da-8be6-80c7be12841c	22623	96.05143	99.13384
a38b49a9-357c-41b9-956d-8b45666c81be	29938	95.63476	98.97570
a391eae1-9e42-4809-a305-db5998fcbfa7	53167	92.73938	98.89893
a394c562-ebf5-45df-9f99-00a9fd027f9d	41430	81.09418	95.62698
a397e0af-2a1e-4a6c-8831-1523a0d9b909	27567	94.09326	98.39814
a3a2c4e6-e306-4597-bd55-ce858ff36805	41591	89.60623	97.78359
a3a4529d-2007-4bba-966c-fdb46f9af49b	43333	93.13706	98.33072
a3a6ea04-ea55-4241-ba8c-1c174b9915e3	52047	91.19203	97.97435
a3ab9749-e144-4ceb-8cce-d8d26a4c8baf	38125	92.21779	98.28744
a3afdd34-fcf9-41c3-9fef-c0fee603dd14	41818	94.70605	98.92646
a3b35499-b518-40f5-a7f9-0c2ae434a71a	40004	91.84834	98.51859
a3c49798-c13a-42ea-854a-29428a94e4e7	30146	90.18162	97.89841
a3c7aca0-5b4e-489e-97d2-949f96174341	48457	94.86460	98.72085
a3cc01c6-6f56-4994-b832-f135f9245824	35081	89.82167	98.15501
a3d1a2ef-f660-4322-80fd-70dfac9103fc	51573	94.43908	98.69869
a3d26be1-95c1-46c0-a30b-6090748a42fe	38556	94.84159	98.83897
a3d4a396-6262-42bf-9c07-04255823d1cb	24344	92.24769	98.84772
a3da53db-5c0b-4330-983f-60222258c99d	28362	95.92558	98.79139
a3df13c0-3112-4d11-8103-fd51b295fdeb	31875	78.88949	95.36384
a3df8d22-4fe0-411e-aa42-cda750569001	39193	89.16822	98.52593
a3e5a200-9ebb-4981-90f2-fbc183efabde	35929	95.15350	98.91301
a3ecb4f5-df9f-4baa-aa12-d006244d4014	52261	96.23512	99.01894
a3ecf803-f950-44f3-8304-b97d8a3f5ce3	36685	90.35429	97.78930
a3f0f262-c41f-4ed9-871d-ca8566b9510c	39326	82.40853	93.56339
a3f27d5e-0c38-453c-8432-9123f916071f	55573	95.05892	98.78763
a3f631e4-e18d-4b7e-a103-f1ed62243235	30176	95.23360	99.08097
a3fafb08-86a5-41c3-a494-90848a17323a	30440	91.29564	98.25772
a3fda1ad-2a8b-4fca-8eae-7584422fac24	37708	88.63592	97.18004
a3fe4e3d-be45-4853-b08f-2d0051da0d97	40787	94.50697	98.90177
a408c7d8-122e-4ae9-9896-6697dedd63a6	28219	95.54122	99.15786
a40cd5df-f54a-48ec-af40-a3359ce7a167	24299	89.72106	97.93435
a40e3957-877f-454a-bed1-6804087f8ff5	28991	94.67859	98.58468
a41138e5-dfb4-4af0-a13f-73c4721891c6	29271	88.82351	97.88298
a41b70e8-cfe6-4196-ae4b-928e07d23f6c	23316	84.95991	97.09993
a41e0af0-ca13-4b57-be25-99dd8af2a84f	46660	94.60743	99.19937
a41f09c2-ad45-48da-9f5d-abe4ed4bccc6	46209	94.68020	98.61684
a4221d81-d102-4bc7-8fb5-4dcc66f48f4b	30653	92.37326	98.10703
a4247717-e413-4448-a3c7-bc933a7413ff	38594	94.65709	99.49563
a4268f98-6a2e-4853-aa24-88cbefe9ba5d	30606	91.78156	99.39068
a4269482-e948-40ab-aea0-ac8fa384127a	26049	95.62918	99.16387
a428febe-7103-47e3-9f5c-95e226a1aa2d	22922	87.67537	96.95671
a4291686-3f6b-43ad-a989-33e470c5826b	22544	91.29462	98.69964
a43208d7-bf93-4082-a99f-d56f6cced12d	27699	95.61067	98.77948
a43795aa-2e76-43ef-bea9-f84a7559c6fc	22056	84.95008	97.73740
a4453856-db85-4804-8362-0dc69f9bf5e5	37273	89.27299	98.57821
a455cd1c-f1a7-45d6-ad45-abd1c9fd1a5f	29574	93.95871	98.88148
a456a7d2-8ad5-4b05-b62d-7cd3ff0202c0	42896	93.96028	99.39640
a4638591-1067-4acb-980d-7d2efa574e74	71076	93.13318	98.81761
a467a6bc-afab-4303-94c6-7fb0495c1909	51308	90.46968	98.07681
a468df59-475f-4a4e-a7f3-acde33ec0dca	23255	94.58333	98.69273
a468e2c9-0231-4c32-9d56-f7eac9670217	24819	92.06534	97.43529
a4693c41-9857-4e55-b81f-d4f6ad3ee2c1	58135	96.06298	99.04655
a46bd943-98c0-4b03-95e5-638eb1fd523f	26348	87.06136	94.80890
a479e633-93ef-45a8-ba18-f153726e5333	28570	83.50278	96.82177
a479e975-228e-4936-a9ef-166eecde6e32	51064	93.02441	99.39370
a4803e31-138c-4c2a-ac3a-1880b77cb496	27669	95.30373	99.32029
a484ce2f-aa25-4b0d-8084-3ee1a2f82789	37382	89.19436	97.47967
a48d7501-8050-4648-9089-a7be5941b835	23619	87.96334	97.61579
a48f8603-259b-4ccb-b71b-1722eef5027d	29795	82.80131	94.34508
a4905d46-a12a-41ff-a4d4-712d055393f1	24220	93.38380	98.93421
a4911abc-7c12-437c-864e-31aa675ed01a	35034	89.18380	98.01155
a4a346ec-8395-4822-aa03-6321396dd7a6	29618	80.24753	88.89491
a4a50d08-9710-4de1-9d98-03a798e10e16	22878	86.78446	93.88091
a4a78589-c63e-43ef-bb27-506e671f6282	28146	95.59790	99.19762
a4bd2590-4195-4a93-9a7b-53dfecffcdb9	43286	94.88080	99.13510
a4bf6634-76c0-47f2-99d9-d33ddfd3d521	23043	91.30089	97.73163
a4bfa3c2-ba91-4b87-80cc-7014447aaa85	34575	83.20545	95.75579
a4c17ae6-a00b-4e86-a9fb-3bf036815bec	29113	94.32246	98.80494
a4cd231b-f560-4737-a1db-a97d5862304f	25331	88.36209	97.00822
a4cd6415-4dc2-40bc-9654-3a988b40e4fe	38777	77.99399	92.86589
a4d22f3a-23a4-41b9-bf39-b3f5ca677e38	39197	75.59833	90.67830
a4d85d17-3eb2-45c7-84d2-dea13a404e14	43002	89.02912	95.85373
a4e0a942-52b8-452d-aa21-4caff6556801	44803	91.22803	98.13624
a4e0b928-001a-4808-8717-7454fb3677d5	25290	94.81829	99.00675
a4e11384-027f-4993-b70f-313711b8b4bd	37941	90.86501	97.86767
a4e2f9c8-8b24-4446-a467-a05d24a50ca7	25456	92.17327	98.79457
a4e474b1-5054-49d8-abf3-fd19a3f224fd	48987	91.43423	99.13274
a4e4b117-c3bc-4d03-a6b1-3ab6f7532312	24468	92.41560	98.15299
a4e78558-0d27-4e5d-a3d3-54b7ec560e58	27080	93.08095	98.19980
a4eb097a-66f7-4781-bdcc-ec00ef52722c	23544	89.02762	98.18942
a4eb3e99-e615-4500-88f9-a567a84289e2	26025	94.86919	98.51506
a4ec78b9-cf93-4ed8-9b64-6dcaf2e8466c	32730	93.35868	99.38398
a4ee311d-6e5d-4fa1-9309-40dcd1b80a31	40711	95.15457	98.73211
a4f06230-cdcb-4bab-a2eb-f9134518314d	26474	96.45840	99.28171
a4f25c8f-bfc7-4445-8332-88ef2e8000b0	43701	93.01032	99.06612
a4fcdb2c-6d16-4d8f-b956-07cb6bfdbc17	41309	90.14991	97.07337
a500a9a1-419f-4350-9a43-daa1600ad967	48186	95.23587	99.02859
a502aa83-e39f-4c5c-b4dd-8677dc7e1610	22735	93.00600	98.55464
a5088fcd-b564-4038-9303-995dcdea2eff	47065	95.90380	99.07448
a50b812b-30b3-4f8a-914d-dd91dcc96b0b	40680	83.56629	96.08415
a510916d-c57a-4fd1-98b5-a93cbc19a1af	24695	95.44966	98.92305
a511125a-c7e7-40d5-808a-973762f59d81	23042	92.59400	98.47626
a5174de8-d41a-4fdf-a883-95ec81130da0	22873	94.55433	98.73533
a518ea9d-daa9-4e9a-b015-6f76467df8d4	51167	88.73772	97.51322
a51c6057-4171-449a-a17a-b836c45c8255	51292	77.65004	93.28991
a52188c6-4c4a-4934-a719-fbb02fc6b31c	33306	92.39619	98.81586
a5242f1c-e77e-48cf-8168-0bb7b8c41922	22738	96.10221	99.03434
a529bd61-5f90-4c67-992f-dfd72a625958	32221	91.20174	96.88113
a52b3f20-9f00-41bf-94aa-c5cf02089f58	28862	94.48622	98.69667
a52f8111-abe1-4be5-8c4d-877aad229051	44270	90.62989	96.72156
a5327b9c-fd85-43b9-a98e-ab6b6adb576c	32956	90.93784	97.10581
a5330bfd-d2ec-43a3-ac53-800b03dba9e7	43475	84.57060	94.69550
a5348269-f19a-4515-8f46-4648dd577a4f	23175	91.87487	98.20046
a547edf3-e1cd-4534-9689-27e613637488	32390	84.79850	98.00042
a548a7db-583f-4a70-9897-48fb2f4586b6	26516	95.18251	99.08532
a553d038-e9e6-4345-8f25-892c6df24a74	22235	84.04778	94.87312
a55596a2-f4a3-4a55-8963-0b3bc7b3154a	37052	92.47126	98.41878
a55ffb51-8951-481c-af63-a048d30fd2b8	42163	91.62887	99.04410
a561db6d-3e2f-44c7-b30c-469362fb87f4	26981	87.06353	96.64364
a563b242-636c-4e02-9a18-c2b20e08da70	32200	90.52666	98.40399
a563db15-0847-4e66-bf30-a4a7e94e64a4	37890	88.93681	97.80697
a568ca59-7689-401e-b2c2-0c48e7f5de05	27308	94.34252	98.59502
a56a3cd4-da65-40ad-bd8f-adebc47d6b46	25205	89.83485	98.71508
a56b269c-ea5e-485d-ab6a-da44745dbe64	29677	93.64745	98.90760
a5736f67-65da-4cc9-8065-77d6136e74e6	31983	91.26951	97.52751
a5743910-afe6-450c-8221-37405dd82ae2	29505	86.72845	97.62079
a574534d-b1e4-48c9-abf0-4502ed4ed8d1	27262	83.60539	94.79712
a579503f-055c-42c5-83b2-b5a0b64c4b3c	40626	91.94039	98.25965
a57b477c-a3b4-44a0-82fd-1cf06690be03	37326	95.48362	98.91908
a57d8d12-68c8-417a-9ac5-351eb60b6abf	46444	95.60867	99.18713
a57f11d0-bd93-450d-855c-637cf0ef4e44	77928	94.76880	99.50534
a57f5877-9454-43de-81b6-03dd34a9df0a	83963	89.00395	97.60448
a57f6a01-61eb-4cdb-89e8-6d665b713f6f	23565	90.95267	98.51535
a57fc778-9ea9-4bbb-bd01-ea878f743b8e	24269	88.23668	97.90015
a5885a4a-bb27-43f2-a94e-e62e97e718a8	620	96.44670	98.80546
a593f5a8-80a1-4785-8e1e-b0b3d9e77175	26715	95.45120	99.20667
a594dd43-ba38-4348-8db6-b71027ce3bb6	37663	88.93173	97.88687
a59b0a6c-dab1-4d3b-92ed-c7045173e564	49206	84.65864	96.94304
a59bbe42-bf72-4899-8e40-c7235657ba7d	26081	91.66943	97.38153
a59be530-7d6e-45aa-bf5d-43a9aa05b1a7	55380	89.99404	95.44019
a5a78f78-36ad-4264-8628-d4e63215de0f	25178	88.43486	97.80280
a5aa3635-cca0-43b5-bcb8-1d815e235e2b	24950	91.20693	97.48354
a5ac0fc8-032b-4167-b407-ea23bee2d8f3	39053	85.31227	97.24262
a5ac9948-b384-49bb-9436-b306cf5af27b	15801	95.23810	99.06283
a5acd5a7-3ac1-42b6-9def-c7f8c66e00f2	38845	95.08408	99.02412
a5b31c7f-0f34-479a-8667-7443acd2388c	43392	92.84582	98.42745
a5b33ba9-d144-4d98-9b6d-87fae14751e5	24943	88.08467	97.41298
a5b79b03-dbe3-44d0-8416-1fe257d616f0	33909	94.30937	98.77956
a5bc98b2-c33a-4e63-9853-3bdff5a5c0f8	36809	93.56353	98.17745
a5c31e64-8770-4761-ae67-5bcd7b616990	22816	91.85949	97.12919
a5c768ee-9808-430f-b786-8870f34097a4	59967	92.83611	98.39012
a5d13fb0-9033-42cd-ac78-4210e872a70d	59063	94.61337	99.16125
a5d2d467-b55f-4c0e-b24e-f2ff5adcafb7	36665	85.13241	95.98329
a5d5861a-42b4-4ad8-bbb1-d3f1d8b8a137	28241	95.99860	99.29818
a5d83a70-a9c4-451e-a954-95a525d32e3e	38346	80.99045	89.69971
a5e5efcd-8799-4158-9866-5df7da310c37	45631	91.91731	98.52009
a5e75165-e527-406f-a939-f77696c90b8c	22296	90.35791	97.95037
a5e9cbf0-db33-455c-b41f-100e337de20b	27433	92.41518	98.14084
a5f0da52-713f-4bfc-b766-19b9434cb0cd	22644	96.11414	99.27406
a5f9b157-9d76-40b7-bc21-a9aad7077217	67344	91.66058	98.91640
a600cfeb-5fbf-42cb-abb0-28c7c0142027	31628	89.67270	96.53788
a6019d39-da9d-4bea-b8b2-14291a6590ef	49617	94.48442	99.29840
a6024164-c42a-448a-b2c1-4a98d9ff976f	25781	88.59804	96.64609
a6125dfa-3f09-4286-9bc7-48894c26781a	35201	91.29749	97.32351
a6138bd5-2492-4071-8478-4a7251971c6e	40466	93.51923	99.27483
a615a92a-0aef-49b9-b13b-debac5b07dc2	28438	87.78993	95.82290
a620c1de-4c39-44b9-bfbe-921340a4ca3f	34721	90.92746	96.04224
a6215615-5a77-4ac4-ad4f-0835bd22391b	25428	87.92466	97.22797
a621d32f-924a-4e4b-a848-b2e412ed42ee	35520	93.62812	98.84836
a626afa2-5e43-4c42-b6d8-015f57805c83	25661	94.72257	99.01320
a62a8c9a-0b04-4f87-bb8c-ed2eef9cad19	29338	90.88023	95.72149
a62d77be-1971-4332-ae62-ec3ce6964d58	57591	91.36708	98.33399
a630435d-7518-4b11-8a05-bf7edecca950	28046	93.80123	99.08247
a6306204-22d1-49e8-85fe-82e4ccec0aca	40114	89.50033	96.15283
a632e7aa-9224-440b-98cc-6f301872317c	40881	90.84922	95.45954
a632ebd8-df8c-4b77-b79c-6137a15d6746	10514	94.14511	99.09936
a6394eaa-af8d-4041-a4cc-422285a7d86c	44847	78.64767	94.29486
a64016d2-249f-4683-bc39-63d6619768f0	37212	78.72215	94.40046
a6448cb5-f8c2-44c8-a335-b825a7224185	30213	78.17736	93.87608
a6455dea-5a5f-4d7b-8070-67be10aa85ac	25668	83.46717	97.18112
a64888eb-ad1c-4d0b-a13d-9502099769e3	23912	83.65812	92.49699
a64963cd-35cb-48ac-a85c-d06e5ca940f5	59157	94.68465	98.85361
a64a532f-5c24-439c-8da4-4eddd2b17370	24266	92.17204	98.29985
a64c13fd-97df-414e-b82a-4e608addbd1c	45738	87.48797	95.38474
a64fd8e5-e2fb-4875-a846-3a8b647b85a4	25649	89.22760	97.91850
a653914c-4106-4d08-a3e6-5c98a11824bd	32108	94.65598	98.80941
a6567542-e6d1-49fe-8193-90ab5560b8b0	28774	90.51080	98.30828
a65e8b39-d4f4-492f-8a2d-00cd3b5095b9	30141	84.80577	94.49928
a664ebd0-1482-457d-b011-f96f78a9b12b	21951	92.17345	97.86892
a669c81f-f8d0-408a-a594-e99a650d0abd	49124	94.22603	98.94896
a66c6eb8-c877-4aa2-955a-3001bcfb96d2	60798	94.76898	98.75419
a66c77d9-a090-4a1d-b750-1db4ba93985c	27860	68.34807	74.45199
a66d4556-8064-412d-af55-5e965e1ccf61	31404	92.04860	96.74988
a6720012-14f9-49b4-b8f2-ab5d9475ab7b	25747	87.45379	98.10095
a675a427-194e-4636-9500-48d26b352d7c	57828	75.68769	92.55543
a6781587-7edd-4d45-a438-0f9e9f9e1e7a	30928	95.57024	99.06830
a684def9-e4a2-4759-817d-818f668de4dd	71606	82.81993	95.66235
a689294f-f4d4-40e8-bc01-cc5dbb45d0e0	33091	89.95689	98.49516
a68b8003-62a5-4036-81ba-bb5783040b34	35518	89.57314	96.80107
a6907a12-3357-490c-b703-a4f942a6bcfd	37526	93.11769	98.93803
a69f9861-eafe-419c-88b9-2d3b272476b4	37133	78.65155	93.40313
a6a509de-d38e-41be-8c39-4a87983e514e	27525	91.34568	98.16894
a6a696a8-c0e8-40c6-8b0c-0810943b911f	10383	90.89811	97.06271
a6a84e66-9b0e-4ef3-a8d7-28a9234b601c	14812	95.32890	99.09299
a6ab64bc-0a2a-423f-ac0c-4d8760eb5f23	41474	89.69625	98.55649
a6aca1e0-dad0-4210-a100-d0d3f8982230	28409	87.02427	96.33180
a6b04a88-d723-47b3-9d39-aa752dbd30b2	34451	86.35001	92.80296
a6b4f2a1-b96b-45b5-b0cf-eeb8502da1e0	41945	91.49649	97.88423
a6b5afc4-e49e-4a3b-8b69-695a7ac770d2	24513	92.03176	96.63500
a6bd66b1-c8e8-4364-b54c-cbf5b16f60d5	26340	95.67151	99.19559
a6c4aeea-c62e-4f7d-ab74-f83f8aaa35aa	40907	90.11619	95.70966
a6c58c85-9056-4bc3-b51c-07bc6c7c95f4	45212	86.67201	97.42272
a6ca2d53-3ce2-4834-a91a-95097783d63f	24201	96.50069	99.56247
a6cb8c4d-9bcb-4376-8c62-034f69556db7	37642	87.81464	96.03917
a6ccef00-c217-458a-b611-c325416bf056	31778	85.91562	97.21966
a6d1425a-6477-46e0-bd99-e3cf710e7906	30416	96.28572	99.37434
a6d42b83-6fb9-41c9-8b65-eeae7fa004e6	47603	90.89225	97.71872
a6db7ffa-73ed-4ed2-98fa-dff762d1f655	53448	92.38783	98.56074
a6dbe9ea-6c4a-4112-8300-229957ed8fdf	23879	85.82647	94.09044
a6dc34a6-098b-4f62-94c0-dfd2ace153d8	35718	92.93922	98.60039
a6df15bc-7a45-4867-acea-97b3188f78c6	28218	90.73393	96.30137
a6df8694-e8ec-42b4-9f92-7c04f1feffc0	53841	85.27293	96.60993
a6e02a5e-bded-49fb-9c34-e1ff39bfcd37	36736	86.44642	98.04110
a6e098ab-d6f0-47f0-90a2-f4262600656a	29554	89.36599	97.79224
a6e1e210-ccaa-473d-98f0-15ab25d449e6	34020	93.63934	99.06021
a6e491c0-3614-4312-b413-9cd8973ebf0c	48013	95.33905	98.98806
a6eb2e49-df26-4149-a8a9-be2dd1e6404e	27775	89.45117	97.89980
a6ed5710-b899-4dd9-8c43-b7ec20ff4a1e	24697	95.89834	99.09366
a6edf57c-e0d6-430e-98ed-50fa77c06837	40043	93.24697	99.16621
a6ee8639-e433-4267-afba-dd8a2886eb89	47203	89.44986	97.26158
a6efb4dc-0195-4c6c-a7a4-617e3665cd5e	27713	91.85949	98.39129
a6fd5286-6f7f-4b2e-8aee-57a34a2081a2	23263	95.22864	99.14464
a706ab7d-c12a-4c32-b4c0-d7bf95412396	23111	78.66469	96.83616
a71b69ed-d7fa-461f-9097-aa40a25cc327	36917	82.14313	97.17529
a71d638e-b7de-4c87-9d3b-d3efe47e6301	68284	83.44855	99.46323
a71d8b92-7078-45c6-a902-4d3ca784a298	44566	93.60785	99.04495
a721bbdf-326c-47a5-952d-585ba723da81	28541	84.89842	95.16199
a7265431-2e7a-4d4b-a6fd-d474d45dcc2c	38101	94.56887	98.60989
a72689e5-5f9c-4663-9810-cec79e5c290f	32974	94.54291	99.04463
a7272ea4-7676-4a7d-8342-f4bdbd360dad	35018	90.65071	97.97600
a7287230-09e6-46ae-9712-d749d2843621	39444	91.25038	98.02920
a72c6e39-8a25-4c40-9543-7c6b1a9bf953	28884	92.77776	98.11674
a72f632e-fe94-4205-970f-4248e5c3ffc6	23169	83.35085	96.72152
a72f6ce4-128f-4e55-b993-897f9bea5e7e	26278	94.52193	98.90471
a72fb497-ad1c-4083-86a2-feaf373bf7eb	26903	75.16122	91.39146
a7336006-9b80-4f5b-ba72-2f27e0eaa084	41556	89.32192	98.55520
a73371a1-93b1-43e6-9c8c-e49d2d2c7238	35688	93.96467	98.55522
a733e1fc-3db0-4bc8-9be8-9719759cb30b	30245	94.01057	98.22499
a737a2fc-7352-4f9d-ad9f-6bbc1f4d5ab4	23104	95.41136	99.25856
a7503b22-ead1-42d0-bf48-de8b9c6afa8b	24342	94.73684	99.45073
a7568d1f-d18b-486d-9716-8556dbef11a6	39970	92.85210	98.68314
a759ba9f-bf79-461f-b0c4-3cadcce9c4a2	32034	83.71274	97.12513
a75b3837-d64e-41e2-b2be-3c88f20f2dfd	35068	95.32846	98.88572
a75bce02-aef1-4f7b-9b9b-98ab7c49665e	24187	94.25505	98.52923
a75bee6b-088d-44be-8c01-600dfd89fa5c	24731	96.04626	99.76504
a762a4ff-c83c-409e-a9c2-be5cdbe8d6d4	24826	96.39568	98.95254
a766ef78-f831-4918-ba5a-1793b2e280ab	5980	82.57552	96.12090
a76a3223-974a-46a2-82b1-d76f23885763	31840	90.27967	98.10050
a76bf30d-9917-4058-a5bc-eda4d6a9b373	30888	89.13178	97.90196
a76cd28d-08f6-49e8-bf90-a9233ca8a067	31588	90.58174	98.11421
a76cffa0-3859-4f30-9b2a-f96136362ebf	26065	89.86665	97.18115
a77282b5-44b5-49a3-9551-ca02df63254f	34743	89.45168	98.27239
a7750109-befe-4974-9738-e6c336b2dfc6	31194	95.44411	98.88140
a783bb7a-27a6-4b25-9ce3-bd23b26c00f7	23623	94.25780	98.06363
a784b402-635f-41dc-b733-6605db128b52	32672	92.94759	98.93436
a786d2bd-1c07-47dd-a84a-83248e03d93d	29891	84.22931	96.44175
a787c1c2-3ce1-40cf-95a5-115bebbec0fe	24207	94.79243	99.19308
a7896726-7991-49a7-9045-a26b685d639a	27911	76.83867	95.42808
a7940b39-1d93-42d7-8b17-84cd06c9b14e	32346	92.67471	98.90251
a797bc70-9c6f-47e5-96be-68b89586bacf	35574	95.21957	99.06792
a7a4f729-8f48-47f8-b138-0ef8957104b4	35324	86.06057	97.28648
a7a578a5-692e-4ff3-95f6-694de8d33c00	28569	88.83806	97.38157
a7a66738-8224-4d37-a9cb-252e5bfa320c	24447	93.94690	98.60459
a7ad677c-8042-4d70-bebc-694e3f6d60bf	37448	88.23055	96.19676
a7afb3d0-f60a-4352-877a-6f8a4b4e9077	26092	96.29784	99.24832
a7b6a13d-2023-44a7-8ed7-bdd9e50ee610	38817	88.84380	97.77306
a7b8e475-be48-4ea0-8c94-826ce732e369	25336	94.60739	99.54676
a7b94930-96ae-4c8e-aa75-95fd4ff9853f	88353	84.41106	95.92030
a7bbfcf1-48cb-4487-bf15-ead175a152ba	53040	95.34233	99.26898
a7c01509-bdb5-4e41-ac83-778903a2cbad	29999	87.56932	96.65129
a7d657ba-5bc0-461c-9e5c-b4cf03a74318	42438	87.61016	97.39934
a7d6c433-82e0-483e-a574-60d4b30811a0	41047	90.96714	97.99201
a7d781c1-8649-4bbc-904c-6246916a4d2f	47451	88.00527	96.91150
a7df62bd-6bc9-423f-b6d0-7323ad25919d	28757	95.36044	98.93393
a7e0d84c-8392-4b12-8659-a806ad834234	34665	92.57063	98.43546
a7e10521-4bb8-4fc5-b339-ed69314ef3b3	32621	94.75294	98.73794
a7e3a61e-e6ef-4412-8ae3-7538df8b692b	40458	73.52794	85.69201
a7e666e7-e50a-469b-be1c-6c3afcbe6598	38526	88.70148	98.03395
a7e716fc-31cc-4095-9d20-f05d621ea71a	22876	94.83297	98.65046
a7e9d182-ec44-43b7-9d95-bd7c4f39070e	25248	90.40052	98.84064
a7e9e6ba-d934-46ad-8173-e24b87ad0eaa	27599	87.78774	98.31774
a7f39e46-22b6-4e1c-8aa6-9eb1af21f5ed	26887	94.79360	98.85371
a7f81d60-bf63-45dd-9a2d-07621adfc55f	27198	95.16327	98.86127
a7f9f0e6-2a7e-4e21-8930-d1636bb1c95f	830	91.33758	100.39267
a7fb38a7-785e-4a6a-bd9e-f64bbdc3a720	31367	91.41484	98.38096
a7fda925-453f-45fc-8a63-0f2f6834f785	55670	89.81188	98.82328
a80619d7-989a-44fb-a0af-c5f8887c1fa6	31931	92.44841	98.61597
a807bd22-1bc4-4642-9193-ec278e99e46e	26302	94.78121	98.92351
a80a99c2-3c78-4762-86fc-1923103b1bb8	27839	92.21571	98.44648
a80dbfc9-e235-4edc-b271-eca5d65fca24	43438	74.97483	92.65272
a8128d15-83f4-43ae-85b2-ec4bd2bdfae1	22484	94.61227	98.98392
a8169288-d947-4722-ad44-fa4a53bb9aba	48266	92.17072	99.03028
a817574b-e55d-4f24-99a2-8e6c45855c3e	25828	95.39323	99.35175
a82324c5-77d6-4342-8854-528234329cea	27734	90.37368	99.21819
a82784d6-134f-4dee-9410-204979136118	30983	94.01003	98.85818
a8291a60-eaaa-4226-9e91-64aff2a31a61	23455	94.64390	98.69767
a829913e-8c5d-4811-af7e-7d08b6472b23	33128	92.28591	98.25704
a82d7c0d-f4f5-43b6-b2ce-d97b34cdcec7	22418	93.37180	97.99509
a831a130-d9d8-4c87-8712-72ce0a15b79e	5270	90.82484	98.88109
a835fb6a-ca78-4f28-843e-a804a02c7b21	10425	89.85549	98.27772
a8364db1-1fd4-4888-b2df-1559d21d604b	83459	83.05047	96.12244
a83dff9e-764a-4e17-82c4-00254b27f686	39287	88.83308	96.85769
a8464c6c-c192-40b1-a275-81f67a689261	45590	84.61212	94.53427
a84828f4-7835-4d09-9ca9-6edb0fc22e22	44859	80.79134	96.98618
a84c3812-f3e2-48c2-9c73-940ba95c99ee	27497	95.85644	99.00701
a84eba4f-87a8-4d92-8229-5845df028280	26074	87.40135	96.83066
a854dd09-ea1d-4dcd-8af7-da462b482b17	48458	95.40840	99.21462
a855701f-bc1a-470d-a024-8a605562b3f4	25734	95.18256	98.82480
a85d00ff-6c53-478d-8147-a82c1709c2c0	35788	94.45007	99.04614
a85e6d87-c168-4892-912a-c45739c9a2c2	24726	93.30493	98.76974
a860bdce-9132-41a3-8b7b-8efa1f7ecb68	34633	85.97048	97.03154
a86c6df6-5dd0-4150-a6ae-b8e37f050d83	22359	91.97469	98.19272
a86e9b7a-8aac-4b6d-9ed1-9a3c49e91043	30731	89.57816	95.49238
a86eedb0-d44d-46ba-aafa-56f28d5f1f0f	67143	82.43333	95.60300
a86f7903-bd6b-40ac-b252-6d2e64391964	36909	95.08776	98.87752
a87096b3-3784-4318-99f4-2658e9811fad	34074	87.06837	96.60376
a871bce8-f22f-4b83-a848-0297818f9683	28554	91.91505	98.23030
a8739bd4-39f2-44ec-ab19-971667fb7c8f	16984	95.09220	99.47331
a874f4fb-e454-4ac0-87e2-26aabfddf58d	48271	86.05434	96.91026
a8751388-46f2-4bee-8e1a-0fef39218e28	29514	92.15032	97.85579
a8775358-a025-4f2e-80df-55c7202c7657	29720	86.20359	97.30983
a877a939-eed7-45cd-bed4-a6f9264d9a75	32661	78.31036	92.36821
a8804756-401c-4fa9-b046-01fae61a8913	28371	88.69959	98.50336
a886672a-15b8-4b2b-bcc2-6e2fc190a383	38969	93.71049	98.78952
a88872d3-eaa9-4fe5-a496-5212b1e62adc	29510	93.04906	98.25721
a88e8955-462f-4453-bd4d-5640e4c5eb91	29033	96.14262	99.16775
a88ee2b5-0dd5-4793-b8b4-559559c364b8	25579	94.69511	98.93316
a89126a3-13b4-42eb-b151-387d6293ac2b	39304	95.39050	99.04065
a896b834-8c1c-4785-bcd5-18fbcf6b13ec	27826	87.52120	96.06206
a89fa904-2f4f-4e79-b843-fdcde2e4562b	24045	86.89460	96.68430
a8a37dae-8729-45e7-834d-83278372133d	28939	92.29736	98.77452
a8a621df-4f8f-47e8-99f4-3ce03c1aa322	27803	81.80204	97.05625
a8ac5387-acc5-4f36-841b-f643bfbe65fa	30669	70.57043	82.15302
a8ad4ffd-7b03-4438-883c-2ac04c71c75b	22840	75.58263	92.54230
a8b145df-d60c-4143-9224-ef3878cea1c4	53757	95.86075	98.99485
a8bae417-d639-4be3-b85a-56139e105041	31729	93.25195	99.35293
a8bddeca-5f51-42fc-b233-bab607e85087	82218	79.41577	94.78054
a8c0d2fc-a2fb-4e5e-86e5-79c9a588e8de	29451	93.63057	98.95226
a8c87436-ab0d-4429-9a72-bf47989885f9	28440	91.49282	97.80307
a8c87914-3480-4447-8d1f-428a27ebe4e2	25314	81.93810	96.48230
a8cc31eb-283c-46c1-871e-d255e19e3577	50712	96.92793	99.27468
a8d0b5bc-202b-47ee-aec1-e75c30ebccad	23779	91.41580	98.42971
a8d54b6e-83df-413c-aec3-41770b45e6bf	52519	90.81625	97.08402
a8d5d684-fdef-4a81-8cb2-fb9b543d17cc	23653	91.77301	98.73439
a8d63353-aa74-496d-a0fe-deb44db3cfa5	26393	86.54283	97.87171
a8d6a89a-16f1-4fd3-a195-a60a2357d15c	39251	95.15035	99.16954
a8db1536-9397-4b90-917b-796dc6faea8e	31539	95.89328	99.49409
a8dd3681-cec1-4ca9-af28-9e63fdf32f81	24122	94.33717	99.00280
a8e906c3-cef5-4138-8932-65c60c6aa0be	30328	96.49705	99.29090
a8ecaebc-5d76-432f-a04d-d78bc233f3a5	37905	87.24625	94.64938
a8eda8d4-babe-4e88-97ef-e4ff48066a3b	44221	90.22977	97.18856
a8f4cdb2-0542-40f5-b37f-c2faf9d5029e	26162	96.56333	99.55722
a8f93207-c8bc-4d21-a8ec-4a453a65821f	60639	85.32633	96.62423
a9029a61-e687-46b5-911e-3b8db97468e3	26059	95.08054	99.58605
a903c58e-ed49-4eed-91a4-2ff9539bef81	38406	94.15533	98.70140
a90474af-f208-4d3f-9d4f-cda5e15c18f4	27328	94.11069	99.15205
a904ed2a-5910-46b4-9cb3-93ab212d705c	44836	77.01889	91.51311
a90bdad4-0907-429a-9778-d09e3f2fbf73	25785	91.43413	98.02815
a91b1271-b47f-4c6d-be49-471cb9f1a2fa	22181	93.23527	99.31692
a91b6005-4653-41db-b3c9-dd5a6de9e42b	25966	95.14784	99.37821
a91bfbf8-89d9-42fd-86e4-2b40a767b363	27192	96.04003	99.23865
a924c044-3f6e-429f-8b72-0fcba9bd2b8d	50383	93.60978	99.49369
a9290d34-738c-47a7-becf-c38f27180b8d	43947	94.50134	98.92864
a9293859-73dd-4cd3-8945-6796f0015df0	62232	95.09532	99.06257
a92ef3dc-32c9-4f58-9bae-a71f7c17481c	47206	86.68958	96.44423
a93d8b0c-906d-451c-bf44-a08a06a004c3	30318	96.23396	99.04690
a93e0711-a5ca-40ee-8882-cf1c94ee74c0	22897	80.80869	93.71218
a93e8f61-2300-43c3-b6b6-d0ce7d51568a	23883	96.22649	99.67338
a9408005-5c15-460a-af77-84678638b913	41266	88.44004	96.97120
a9426265-8f2f-427b-b7b8-0e52bddb0735	39975	93.76189	98.61818
a945e01d-a83f-46d4-9243-ac4ea9f5609d	40360	95.32422	99.32411
a9494961-80a5-47f7-8df9-78a3f19ea306	45277	94.91841	99.04238
a94be767-fc01-4c84-a73a-6e5b5dd5469a	25458	95.07102	99.17937
a94d679b-2c98-4ca8-90b9-61d44d4fab53	40169	89.26258	98.40147
a953115a-29c9-44e6-9795-ef38e988bd86	39032	79.06546	91.68590
a954bf96-f84c-46e6-9dad-1676e1150ba6	28133	89.17998	98.01063
a95df7e7-54f1-4fd0-8023-549adf4eef59	28468	88.57354	97.47769
a95f26d8-779f-481b-846d-f1ce1ca96b9a	22709	91.23077	98.66981
a963d27b-631c-432d-ab77-b506810a9ff9	37387	85.13230	97.67064
a96ab258-996f-4165-b85f-e5b1f238077d	26498	92.01126	96.73499
a9729828-638d-47c9-8728-be517f076670	22043	83.35732	96.73721
a97c74b7-2cad-49c1-a921-d199c7bdf4ce	25132	87.95612	97.98983
a9857169-473a-4f61-b862-a352d9692839	34628	77.67887	83.46544
a993b501-ee9b-4ca2-b93e-f9c117bf6f27	36493	88.52071	96.72715
a9950182-eeb1-4d5d-8849-c3f396c789f6	28377	88.16463	96.11399
a9962b74-d23a-4e49-af93-97fb92d8bd5c	50146	88.69881	98.02440
a997b63d-0704-4cfd-84fd-dc78b7c0d0eb	28085	92.55131	98.67536
a99ca799-f626-4326-81cb-2ef416a34d4f	24603	93.96384	99.02293
a99f0dd7-1480-4aea-9386-255be2c34c99	30896	96.16085	99.48978
a9a12b52-fbe8-4112-92e6-42be4db61f95	45926	80.11582	87.54537
a9a2fb2d-55a5-49a9-9003-dfe7feebd0c7	40549	91.41166	96.70721
a9a3681b-a547-4082-a58b-eff6167bb453	30499	91.98210	97.34272
a9a4889f-2097-416e-a5bb-03b3f09b5cb9	37489	91.96217	98.37255
a9a75156-b4b1-49ca-865e-62936e834d25	7594	95.71351	99.00000
a9a9a62a-9922-4f12-89c4-ffec86d480ac	63962	95.06714	98.90498
a9abdecb-f045-4e6b-9f35-dbd68020c857	32438	88.81559	98.19467
a9aca1f5-e9fc-4119-829c-86643ab370ca	29562	93.51522	98.32594
a9b4f0f9-c711-46c5-8915-d39321a62315	28658	95.58642	98.99546
a9b656e4-1714-4712-ad92-f57428c9ac89	49474	80.56914	93.58099
a9b7090d-a895-4b62-acc9-a4775167718d	35369	92.53963	97.73678
a9b7f5d4-6239-40f9-b58f-39577715f3ca	38259	95.87025	99.04026
a9bc7df6-1a7e-4c00-8885-7fb93a483ff7	27113	94.27880	99.15708
a9bd5166-bf37-40e2-9e0e-00956290432c	22641	80.19457	92.01470
a9c168b1-a5cb-4fba-93a1-1e3446de4d15	33125	89.34645	98.13362
a9c2dbda-2104-4011-a92f-9ea1c08e7e93	36176	80.68515	93.04950
a9c312d1-41f4-43d3-a5ea-1dbd2aae9c3f	52616	94.87065	99.05901
a9c78be6-27d2-4040-ae64-6bf3abeaf537	29004	88.38299	98.20579
a9cb0934-2006-49a4-803c-0713c8a62404	42474	90.15712	98.52117
a9ce5cf4-fb4c-4b45-9e14-2af6571519f8	28464	91.55424	98.82308
a9d6132e-b1e1-4d00-8679-a8736e5ac077	25331	92.62295	98.51404
a9ddafa7-07db-4bb1-a693-5c150c46b30e	42786	93.51993	98.43066
a9df49da-8d2d-451c-896d-64e15c3185e2	37436	91.07748	97.94458
a9e27b97-6d5a-41f2-a7b5-f3b619f7ee18	36705	95.55211	98.91701
a9e6d003-0d28-4eab-afae-e644a9119af1	25901	94.28141	98.30250
a9f49c8f-d732-443a-9e08-07cb225f1b68	27559	87.43134	97.62979
a9f790c0-2a8d-4f18-9f41-6bbeace08238	33893	95.04590	98.77750
a9f86803-3269-44d9-a8e9-7dca483d819a	24797	94.30009	98.36066
aa01e790-725b-4f49-b8e8-d8748afd9b04	26501	90.06333	97.81111
aa03dd96-9dcb-4fed-aef1-5ad60bad25d2	23470	94.91327	98.85038
aa0653a6-95a4-4d69-9592-fff8cf138ea3	27608	84.02253	95.65958
aa06ef06-dc1d-4cc4-8749-4f03cabc9b54	27160	93.93698	99.52919
aa0d5ec8-19ed-44c8-96a5-29ae3066d01a	24016	91.17352	98.11421
aa0e57ba-aeaf-4594-90ad-91bfd17d9b0d	22268	86.77036	95.92067
aa0ed2d5-b9d1-4e16-80a6-5c655ebad8df	39053	90.06089	98.09819
aa0f82ea-259a-4264-8c73-8906e3d77961	42296	90.09235	97.48765
aa11b3a8-f675-4c85-808d-acb0105effd6	22329	92.49091	97.90284
aa12eb54-b2a3-4e95-8422-d8b3d0617835	56253	88.90637	99.76361
aa146f0e-ad99-431e-a711-de7412ad4534	29856	89.41887	98.09270
aa1c1fa2-8523-483f-9c33-47c05e40f284	24210	78.97300	97.81443
aa1c3994-a406-4b3d-943f-9b2470f0d1e2	35426	88.21519	96.52062
aa23c6f7-4300-4ca2-a23c-bc43f58037e8	33782	91.21176	99.55399
aa25643d-c170-4442-b92d-a90595915b02	43060	94.27672	98.44487
aa272797-0c1f-45f3-a940-7170484c4332	22224	90.57601	97.97246
aa286455-33db-4436-9ab1-6ba6a96d58c8	26754	93.61021	98.19608
aa2970f8-8222-47aa-8951-07711efe150a	44062	90.55286	97.82173
aa3dd46d-fa0a-4654-93f5-815ea435ec9d	70509	88.51671	97.99215
aa3eafcf-207e-4198-853a-204507065ed8	24736	91.47901	98.53553
aa4045ee-bafa-4afd-ab4e-a41bab292717	37593	95.10570	99.08327
aa41d400-0a47-4e92-8c0d-4f444ae580e8	44163	88.38811	94.77529
aa44809c-919b-4a67-b0a6-4c0f022e4a1c	4806	91.28236	98.02306
aa4700d9-f78d-420a-a754-85f5b269b751	25485	95.34803	99.32364
aa4ed9fc-2d56-4266-a53c-f179bbda1bed	31803	95.49853	99.14025
aa502f4c-7bc7-4f4d-9867-3d05b21386df	42175	83.50906	96.46667
aa539e89-99b9-4679-9daf-aa3445b44f79	35461	89.44458	96.48778
aa56121c-f74a-4ff9-a101-a91432a4a461	27619	86.54858	97.24706
aa5b92fb-ccb1-4051-bb7d-da10aacff405	52588	95.19046	99.09034
aa683068-7568-4598-83c2-0dc2ed6fe60c	41067	77.02735	94.51407
aa6ce8e2-1dff-432c-b840-eed59427071b	31743	92.24597	98.88142
aa6fc0ef-94ef-4ccc-9801-0a25a92605bf	46808	91.78458	97.92649
aa716d91-e443-40bd-98c0-5eeffec203fa	31436	84.17121	96.53728
aa7275c9-8d5d-493b-aaf5-007a838b3a94	36025	92.71604	98.54961
aa759d04-df44-46e2-97a9-071eab96185e	43202	84.03844	97.33288
aa7d923b-8e01-4f75-9180-ddde0dd5de18	23755	88.14083	97.79888
aa7fe95e-21e6-4022-82f2-031d584944d6	35787	88.20095	97.33377
aa856e25-c8f4-4137-9444-748eca8021a0	32859	90.10934	98.62498
aa85f894-98a7-453a-bc3a-ec08861ae062	31786	95.35677	99.48543
aa86c537-0357-4f86-969b-eb0a152d9038	35762	89.43701	97.63424
aa876e5e-69ea-436f-a622-80bf477e9eb9	33785	84.92532	96.22739
aa897009-aa36-4a07-961e-8e5060a71be7	34526	89.68719	95.61413
aa8d9c1d-d3c6-43b9-ae4a-19f552475ddd	23105	94.03480	99.42464
aa921e5e-b92a-47e8-94db-31c0cb53a689	37353	81.72886	99.04002
aa9540b0-5896-46ce-ba7c-2ce3f670f1d6	33430	89.10353	96.98927
aa96303c-bc1c-4822-929c-b4abded2045a	36065	95.43154	99.15772
aa9b6c0e-6e86-4163-9e20-8d3eafaa8e2e	24732	95.73263	99.28638
aa9c09fb-dd42-4359-ac9a-8d7bad35edb8	34536	94.78766	98.52449
aa9e86f4-9cf5-457f-bd41-7dbd03f5ce28	26507	93.47625	99.15213
aa9f7173-0fd0-4886-a6a1-cf1ab64f7a23	30315	94.98026	99.00088
aaaf1f5e-2c24-4fc7-8588-7ecd5f5b5a86	28191	95.82605	99.13906
aab3689a-f042-4e7f-a6f2-01adfcda4568	48775	91.41192	97.39153
aaba81d6-cea0-4a76-9c24-78d9ff3e3b71	22552	93.17768	99.01300
aabf9092-2df0-48bf-8f60-6d2d89e911ef	34789	87.60090	98.26649
aabff449-11ef-4f4a-a2b7-d4dd1ed1d2d7	24416	79.74740	91.60433
aac2611b-9360-4d50-a4e9-394e73e30046	43633	95.54345	99.10816
aacbd330-1332-4c5c-aba4-65e85385cec7	58043	94.21115	98.90959
aacd6315-69d0-492f-b277-bf9d557e409c	49764	86.63740	97.82472
aacda04b-c8c9-4f10-92b1-49c1179e9402	47174	93.67893	98.46311
aacfb823-3020-457f-ad80-c8897522710e	34559	90.84297	98.08158
aad59388-e6cc-4534-9060-3a0e0768045d	28829	96.94884	99.11739
aad88ce0-79b1-4fbf-aed1-539a668ebfb5	29881	86.04703	98.44116
aad8cd66-28ce-4c0b-8c2d-137fea6ea8ac	50863	94.68538	98.88023
aadac3e0-2b77-4042-9d9c-88ce23e69216	34462	91.45772	97.68545
aadd6028-7f5d-4c90-87e3-9beb0e9ff15f	29752	94.33479	98.73565
aae0bfc4-c633-42d6-a754-c04545d5365b	21968	88.44883	96.18448
aae32358-e4e7-4885-8833-f3e4de59a6b8	32808	95.43656	99.23583
aae532af-e1ec-408b-95ac-b29114963047	36606	94.31761	98.64715
aaec3d25-eee5-4146-8c1f-7530d3201f79	23950	94.91414	99.30122
aaf1e04e-75a5-4c46-86f6-4b1b11c00cc5	40891	92.84951	98.28055
aaf7e1ad-d557-42d2-bfad-a3cb554eb3ea	25504	79.85655	93.74054
aaf7e40c-f29c-4da9-9c24-6ad5114b8b77	30545	89.96607	98.23628
aaf89f09-ee4d-4efb-a359-4a8f85043c82	47054	89.20824	97.27612
aafa3d1d-8644-443a-8524-1bda4591becb	25567	84.31890	94.63192
aafea0b9-690f-49cd-8c7c-e6aee11b28ba	26528	92.69787	98.40289
ab0103e5-2aae-4002-9e6b-37adc3612f5b	30075	90.34476	98.75783
ab04beea-c09b-451e-86b7-03e9c89c0299	20673	89.31898	97.93017
ab0552c9-0353-46b1-b300-45efbf21d442	22820	85.27291	96.21363
ab0787b2-764e-405d-9db6-9f2d81e79316	29809	93.02946	98.18722
ab0b5bf9-09af-42d5-9fc1-4a8fe8f72ba2	32261	94.26463	98.97862
ab11af1b-16b1-4d11-99ee-bfd25a429845	27775	93.69686	98.66747
ab13f8b1-74c5-4f95-b730-7f724c54a216	25021	95.37513	98.84939
ab15c5f6-8c31-40cf-a151-e71148df2de3	34870	94.02567	98.87743
ab21a755-946e-460f-9e77-6f4d8b335bd8	77972	89.68598	98.38282
ab23a8d5-5d25-4f28-9e00-0393323fd3d8	23891	92.38107	98.32582
ab24f193-7443-4d1f-a91f-24a66e7f07d1	40067	85.25316	93.81731
ab25f07c-d01f-428a-9a5e-b9e215339b88	36947	94.83120	99.05148
ab27fd50-0565-4138-98b0-30a03cc4cd95	63139	95.13328	99.23062
ab2b682b-b1e4-4f22-b8e6-b4bd05c83930	38353	83.40938	97.45458
ab2f02e2-b0e6-4dcf-a624-5acfcaedbaec	61120	93.62031	98.67940
ab34e924-c71a-43e1-87f0-67c209e1e58a	34485	93.61949	98.62955
ab38cf4e-11fa-459a-928a-a6d28dee8421	67390	94.58790	98.91398
ab436e33-1307-4c36-ae44-1592e735fd3c	27184	94.62850	98.84726
ab47fdaf-a15a-4bb4-a2ed-607cfe3bf884	34344	93.89827	99.16343
ab4d2b9c-a4fa-4805-90dd-d9b3556f4e63	36507	85.53750	97.21066
ab4f6fb4-ebf9-47c1-a930-39e23ee6cdb6	26842	79.54969	91.77354
ab532ac1-1fc3-4380-b853-08e2d2c72c5b	31497	94.06422	98.62188
ab552075-bda2-460a-8253-4eff5548b570	23822	91.00434	96.87462
ab57b8cb-0f86-4503-a1c5-7e9e145e6503	27764	92.78110	97.71973
ab59afd0-ad9d-48bc-989c-246c09037db9	24960	90.77471	96.96072
ab60ad80-c41f-4b11-96e2-44c312e2a91c	29485	94.45701	99.26404
ab671845-c447-4e57-8c55-4c45ed6bfbbe	43891	88.40369	95.83953
ab6a964d-f424-4ee6-8999-16caad13e1d3	47342	91.94500	97.43574
ab6a9f2e-dc93-41a2-9b4d-962c55542142	22455	94.14006	99.47457
ab6af15e-f86a-4319-8818-7baf11cd7993	46343	94.88873	99.38130
ab6bb898-7eb9-417e-a2b8-3416a4f97bf9	38513	94.74098	98.55121
ab6dc670-6e30-424b-9254-f7aa7f282289	23629	86.41892	95.39578
ab6e34a8-78b8-4d27-b7fa-52668e9fc864	29920	83.42550	96.58811
ab6fa481-65fc-4a10-954b-417b13a89528	38298	95.57878	98.76224
ab70ce5a-8c3c-40af-a22c-1d3d1aeee9cd	26803	90.07804	98.23923
ab72bfdd-f32b-4bfa-aa7d-fff7cbe559fc	16935	87.25535	97.36231
ab7c23a3-1251-4789-87a7-3cd97ed545fe	43889	89.04205	97.80109
ab8289a6-b4f6-4af8-b9c6-b8a9905f8c09	55859	90.43585	97.11182
ab888888-e2a4-4e95-b8d2-7c8f8f70d856	52040	92.43768	98.84931
ab8b15f2-81de-404a-a3d8-6fef91d1fed2	25954	95.24080	99.05072
ab8d340c-5a3c-4a92-923f-332ef333dc98	54737	94.27027	99.25721
ab8ec1b0-6e5b-44cf-857a-768fdb638efa	26924	85.57780	97.03074
ab99ae42-0d63-483a-a31b-d6afb976f7e0	24954	90.19600	98.85723
ab9c1484-8620-4261-b2bb-4b260c7b5975	69467	94.86916	98.86022
ab9c434d-5116-4cf8-a622-13a8e98f9626	36713	91.73357	97.35562
ab9c7b86-118d-4f6c-a110-7a6b1b28efe4	45305	95.27058	98.99543
aba17cd5-574f-4d90-83b8-a26dedd8d4ea	42446	89.72956	97.53547
aba47963-3974-4892-a8eb-ffed3e2b504f	22829	91.10989	97.76870
aba8d150-e16a-4f2f-bba7-ee892a8ea6c7	25736	91.22925	97.43638
abaeaa44-8aaf-40c5-b006-116a868bc205	40834	95.95211	99.08101
abb3b91e-6802-4796-9787-10bacad0e139	35289	95.52164	98.97951
abb3fcb7-4afa-4ca6-8ccd-1ddf8e2fff4d	31637	94.39067	98.86282
abbd1489-f975-41e4-8bd3-042845367c4c	23158	89.53503	96.40318
abbe566d-8e93-4f91-bfff-bb73ac6c5057	26739	80.49876	95.52057
abbf2de6-36f3-4113-ac52-dfdabf8d5e0e	39060	85.60604	94.24504
abc185d5-9d05-4594-92c2-dffdd5305526	28003	92.38715	99.04674
abcc2b28-40cc-482d-9894-1a2f3297f4da	32029	96.05652	99.24761
abcf5605-2314-4244-8ebb-adae09eae23d	29489	91.80037	98.34633
abd0741b-896b-4b02-9c36-251308eb2e6a	40811	88.90769	98.32858
abd34909-7585-44a5-bfd6-c10917d639f4	28502	89.98508	98.43994
abd6dc46-ac79-4480-a65c-b1c0a595fa26	27955	79.16570	96.95483
abe6d40f-ee10-413c-8fae-53feda86dae6	29166	90.48185	98.04682
abee7857-df54-4cf8-902f-bf87e53f70d7	24625	91.06481	97.34064
abf02908-b6ff-4342-b738-c30ee9ee5ffe	24347	87.99145	96.06234
abf09fb6-37f1-4964-9c4e-f75941c76bd2	42613	90.44740	97.82309
abf98c0a-a8f2-4a98-ae7f-60b577d599a9	23961	90.74337	98.84439
abfbcb03-3c79-412d-b80a-bbbc54ca96ee	22719	96.12326	99.35487
abfe84e7-940f-4810-a644-9465fc7c89ee	61099	87.32026	97.61695
abff954e-9f9b-4d8c-9695-7db773c83c60	23265	95.10628	99.21664
abfffdb9-9b4f-4842-a8dd-f0f40a4704a3	51743	92.45841	98.33984
ac0584b1-8faa-4527-8647-20c48de2325b	31050	78.78489	98.91395
ac144a9e-44cc-47bc-9a26-c8858c858241	41058	86.78445	96.79036
ac219f62-d330-4ede-b51a-bd8be3e71d1c	43046	80.56087	94.37390
ac230175-7035-47f2-a17b-2ea198195fd0	28572	93.25997	99.20942
ac253d10-ce4d-4961-a0a6-f2c0d0c56ac1	40995	91.68080	98.16886
ac2622b7-836a-42b8-b0c4-7de0ea4c874a	61538	95.58447	99.26975
ac2a165a-f2f1-4c3b-a80c-2774adb218fa	40586	87.93370	96.83458
ac39aa90-f448-4ddc-987b-decd668dad75	28705	94.45508	99.52421
ac430f2f-cea7-4ff9-8c93-6f19989485ed	35954	92.92028	98.46513
ac4473b1-3800-41d6-9350-492da66a365a	23367	91.41458	98.73880
ac503b3c-0e1a-4ccf-bc81-a9201c04811e	36449	78.39014	93.41260
ac5856ca-936c-469a-9846-0dcc1a3bfacd	74016	89.65338	94.62455
ac5ffa01-df88-4bfc-89dd-7eb2da04071d	39284	82.98588	96.02883
ac62482b-ba4f-4408-bbf9-0b8b434cb2e0	22967	87.23846	97.80563
ac626b33-9182-48ec-a1d9-67b57ed46d13	45114	91.93756	96.00691
ac62f15f-247a-4076-b76f-df3ccf2c0af6	31522	91.88824	97.94723
ac642f10-005f-42f4-9cd9-1264d92e4350	26570	78.98719	93.32933
ac64b984-cc9e-42ec-abad-482fb9cc0fcd	26567	94.43769	98.93585
ac664a25-c95e-4856-ae39-54fc230beb73	57623	88.34611	96.77235
ac6ba385-80cc-4c97-8414-a52b1fd5c6d7	27320	87.05886	97.39498
ac72c69a-aeb4-4272-8682-c87569d00290	51443	85.83063	94.07448
ac75cc4b-42dd-4a30-a0f7-9cb2f1f6c9a5	23265	95.27828	98.90382
ac7c0b44-2365-4df5-b578-a5a38b4b120b	44675	89.94763	97.81802
ac7cf685-d08e-45cb-a367-1eedc8748284	22687	91.89802	98.53814
ac833f5e-ae0f-4cd0-a697-b205af710d2e	22979	79.92907	94.73401
ac89e3b8-e5ce-4b68-84a7-9dbe782b524b	22139	80.49571	96.83859
ac8d08d8-a650-4b18-b556-847c92dd5cfb	33686	95.35392	99.16212
ac8df215-4cc0-495d-9022-3ac182560fe6	36679	94.60167	98.56712
ac90661f-94e8-4ad0-bd95-bf837c20c6d9	22544	95.06717	99.23593
ac974908-7605-478d-9fc5-acabe3866f8a	60224	94.77413	99.61558
ac9b10c0-950e-4aba-96b3-1abd95472d52	35460	87.18058	96.25428
ac9fb67f-9724-41a3-90c7-beb1e61e4c7c	47800	95.36956	99.04131
aca50f1e-838d-4313-b7de-2b8be5fb17fa	31357	91.45707	98.01078
acbe0282-e658-4bb4-b469-27254906ea68	30151	91.64135	97.59130
acc1714f-86ef-4446-8b11-f45457ff5384	32770	80.99846	92.81716
accfe60a-89d3-469c-b0e3-2b2d71dbf3d1	58397	93.64928	98.67686
acdede99-4a0b-4c50-942b-90f789a9710c	49741	90.01755	97.92390
acdf131f-6330-4b0d-a7d6-37a6c4b7c056	24027	89.33960	97.61293
acdf77a9-0f27-4af6-a70f-cf5a5597049d	40742	93.43930	98.23302
acdfcd8a-bbd4-4b1a-9588-47d6ec266096	25950	88.18929	97.31478
ace03088-3fad-4c41-a5e1-4150707005ec	39438	91.65175	98.60457
ace4b7b8-40d2-4850-aab2-91a2baf60e88	25057	85.10434	94.52797
aceebfe9-ce33-4bb6-a41c-c0bff809e410	18484	94.17249	99.18271
acf6b70d-8b4b-4fde-b852-c984ab7645e0	46652	90.79703	98.37374
acff2d88-37a2-4590-bd6f-0b8e42b24b06	35301	86.31360	96.42466
ad02c254-370d-493d-80b3-9ae435e3ccbc	22257	82.18107	96.22051
ad04c60b-25f2-4768-8291-d3ef6a3441ff	31414	88.56281	94.03196
ad07b619-36fe-4947-9ca5-710e6ba40274	42457	92.04168	99.31802
ad12c7b2-fa0f-4a78-976a-5d25d969c3a1	25999	95.59879	98.85978
ad134e85-82d5-48a2-b860-1b40d139e554	22980	95.09318	99.05260
ad1b3c6a-efbe-468a-a550-b4128a37d76c	76471	93.82732	99.48414
ad1de353-8e0f-4a40-af70-ca17bb2f7a3c	33319	92.75536	99.01108
ad202328-afa3-4274-bdf9-3ddb15de37ae	31518	94.52555	99.60081
ad2250e7-97d7-42d1-97b8-e31bf207933a	25993	87.24146	97.69039
ad30151c-1f15-4cee-901b-9c90aa277306	45689	90.91602	98.62397
ad3b5e08-b014-4b2b-afb4-802d66b291c3	54829	93.61672	98.53158
ad3f7884-d9fd-48dd-bd4d-4aa68dd9f413	79855	92.66270	98.54186
ad423a7b-6d1a-43ad-8cbd-dc63d6513fb4	25568	75.08120	96.16241
ad433651-e480-4973-a485-10f3cd3c60a8	90253	94.38822	98.61441
ad43c6ed-e13b-4390-bf0f-8bc2b0ac900b	32218	95.71661	98.92480
ad4daa7d-bc1d-4e1c-8afd-33590c5205f6	67088	90.91690	97.93784
ad4f5856-28a2-425a-bc57-63309707ab8e	23125	93.44365	96.87211
ad508ca0-e91e-4671-876e-4642515f425c	28393	86.03921	97.04662
ad594bfe-cefa-4dab-b10e-1f3b71680a1a	56053	90.78473	97.27559
ad5c957d-b430-4abc-aef0-68fd1bc61988	49920	94.79128	98.70104
ad5de6c0-e6fb-4bcb-b0d8-162f2353e89e	74122	91.91998	98.06750
ad5fc66a-7a62-4ebb-9e65-03e7135c4f3f	48277	91.42193	98.78009
ad63663e-bee9-425d-b5f9-bcb7358d9bce	28613	95.11241	99.03175
ad6414d8-ba50-4cfa-8a54-d81d4610c439	38144	95.07746	99.02986
ad6b8a72-46e0-4c69-af9e-99e9437df3c9	32375	95.72400	98.86110
ad6d23f9-ed92-4b01-9333-38eae06c1e75	37439	95.43703	98.96689
ad742899-aed4-412d-b959-2ae4485235f4	59333	92.42632	98.41713
ad752dbe-a315-4631-b792-d6dc5b20caa9	40884	94.38548	98.98487
ad78a106-3f18-44f5-baa0-0b8466d03f6f	22492	88.50185	97.25313
ad7aefd4-02bd-48f0-b4f7-d1580489abb0	35948	90.85330	99.16780
ad7ce933-6aa9-45ab-b620-dbf544e49b4f	23101	93.36182	98.97218
ad7f6bff-1093-44fe-b401-031463f7f7a5	55835	94.78395	98.85550
ad84771d-c00b-41c1-878b-c2efb7910f17	30434	94.54709	99.15395
ad87c23a-08a9-4dee-baf4-c6c7838c24ea	25544	84.06005	96.64917
ad8bb226-4209-4597-9752-4bb7a569f5ea	26529	87.41616	95.86600
ad969580-ebf6-42b3-a12b-ec31b850bf99	47014	87.67772	96.35711
ad985a34-5e96-4a40-b237-9ea9621d46e5	78573	95.01907	98.87771
ad9f5904-7475-4151-a2d1-0cb4208cd4e5	60237	96.37973	99.33289
ada1b3e5-a3e7-46af-9c29-89ccaccd6e41	49512	91.25331	98.09718
ada41f0a-f538-4a7d-969d-82e9306dba25	21498	85.56260	97.70738
ada980f7-c259-4fdf-a6aa-eb9e60d4abcc	35504	93.43641	98.94149
adafa694-645b-49df-8a3b-a2a9d55fa850	51721	95.52968	99.16273
adb09f7a-baf0-4bf6-8cf1-dceb1712bf1e	25857	90.87242	98.30534
adb1ed52-4b5f-4a94-8eab-f953a6295d4e	38646	90.90684	97.31427
adb8a86b-5ace-4231-a976-7a8d5fd9f63b	27914	91.16785	97.77333
adb91df3-8a81-4530-9c43-ffe009bcba2d	56487	94.27593	98.81426
adbb6934-ef63-4248-a524-49f479ce3f7f	32468	95.53890	98.76189
adbe6708-e88a-4a54-9fe3-63640ffa5b8c	32984	94.79021	99.10257
adc0fb1e-8b77-4191-95b4-a780b347a69b	28943	94.41528	99.07655
adc5aa5e-d4d5-41cf-99f8-c2795fb35ff1	22663	95.69686	99.52847
add12b7b-4b81-4be0-bc0a-6a3e1dbe6ad7	25783	88.21010	95.96145
add52e54-a49a-46f9-bd2d-ddcde4e5daf0	31729	96.03495	99.37837
add604dd-cfad-44a0-9742-b6c4a560528a	41510	85.53653	96.65555
add96232-ef09-4311-a861-110787772d26	31345	95.42467	98.85889
addc72e3-80df-4010-86c3-b8555fd14aeb	43447	94.17762	99.09970
ade0d885-e0d5-45ca-9f0a-a8c82e78c5c2	40897	95.82481	99.27039
ade1f733-833b-4720-859f-72260d372c65	64890	92.79556	98.50710
adf05e3d-a255-4c5a-bfbc-ede8e063ee83	47743	78.67313	93.95882
adf88770-edb7-42d8-a48b-294588b50625	45685	91.09096	97.70103
ae02f984-1b30-4bd0-8c80-fa06babbd3f5	24329	95.09091	99.25092
ae07228e-4eef-481d-a615-87bb0d0601b1	53143	90.50832	97.78982
ae085dca-7679-4d2b-b7ec-aa4dc4766da9	43035	89.19314	97.28364
ae0c8c55-f744-4f79-bd16-b596d7d0d428	37219	86.20768	95.90988
ae0e8903-d375-46a7-bd30-46019d28e01e	32604	95.06035	99.14332
ae0f12ff-c05f-4976-bd2d-13b2ac03bb2d	23939	94.03052	98.19761
ae19e1fd-7550-4e18-9e47-b77d8c1b3479	45270	93.37457	98.97113
ae1b41c9-d193-4cc7-8402-f9bf67b07a77	51690	94.85230	99.04808
ae1d12c7-7caf-4fcb-97d8-6bbb9b6ecdf1	56087	89.66619	97.38660
ae1e7156-e4b7-4ae1-bc70-6db6ade4d9f5	38437	93.28445	98.56761
ae1eef48-45cb-4098-8813-aaee645246c7	28053	91.83659	98.29651
ae286ea0-8d2a-41f1-b1cd-6b25f9bd2840	70046	93.80929	98.90035
ae296b36-4837-4b48-a8ba-dd1aff7c8daf	44813	93.22431	98.79412
ae2f4a3a-be97-428c-b97f-79055532e71a	29643	94.05301	98.20872
ae3285e4-b9a8-49d0-bfd6-16baec71997d	27247	80.59274	91.83846
ae3490e5-0fc2-42f4-96ed-745453239dea	36283	94.68522	99.09146
ae34ce00-c569-4b35-9f37-638c15f08706	39042	90.44842	96.87003
ae3b5436-87d6-41bd-a342-99f473f09765	43069	86.72293	93.78996
ae3c70eb-3f83-4af4-8ea2-32634eac7a7c	35371	92.62673	98.45943
ae3e18cd-7104-469c-aa6a-ac9a5f46175d	30069	94.83266	99.23813
ae4de36a-3e38-4e7e-82a8-e593b1664c37	31807	87.10080	96.45875
ae505219-2022-4a25-8986-83650f343cc7	26987	86.80796	96.79543
ae541d11-a470-49af-b90f-49adf240e7cd	22247	95.99592	99.51964
ae6d92a7-05fc-4c0a-bf35-6c3dede41e42	47100	91.97955	97.36619
ae736119-b9a2-4972-9893-eadc04abf2ce	49718	86.87928	97.55546
ae7497ce-a3ed-4e22-8e51-ddbbe8c104a2	34398	94.40691	99.06987
ae79170c-de28-4b91-89e5-75d3cc08c620	24039	95.62292	99.55550
ae86ef9f-5e5c-465c-a97b-2b345b935cce	102294	91.04307	97.81718
ae886dcd-ebf3-42f7-a2c0-30784de0191b	66415	95.13733	99.43938
ae88d291-0332-44d6-ac2f-5b621c5e9f82	49867	90.19791	96.62721
ae898b51-2412-4844-96ac-aa5b3cf4c892	28647	85.29884	96.16149
ae8d7b90-0c5b-4c47-93c6-cc83ac4c7aaa	53444	90.80592	98.25631
ae91c935-c49b-41d9-90c5-8aa903c239a2	30543	82.72920	95.45169
ae946af4-436e-4d15-ab37-d7d0d9edbbfc	54252	89.73045	96.25293
ae94df2f-01cb-46e5-8789-bc424156eb01	28088	92.03184	98.90898
ae99a821-3889-41bf-b872-c6289def7b3e	81122	89.91345	97.31151
ae9e2b66-7c42-472e-bf44-d009e57895a5	31236	89.95527	98.30161
aea08f63-d098-493c-b0fb-744cdba248e2	73135	92.39577	98.56740
aea54f70-a7b8-4d7a-84fa-28a320cf59c8	27847	95.73784	98.97694
aea73e8c-a27d-44a6-a419-c0a4b8b7e6c1	29287	91.26178	98.44878
aead4739-f078-47f3-81ca-2d769383fe8b	22860	95.17772	98.90153
aeb169ec-f2bf-41f7-a629-110fa9186d14	27156	89.79967	98.06230
aeb300ec-c424-41d9-9cdc-3713ea4f8fac	38259	89.40833	97.21847
aeb52acd-4695-44b8-a75b-5d1a965a2e58	24320	86.89984	97.98845
aebe8448-9502-4827-a43c-8dfaa046974d	55805	89.45759	97.93432
aebec27b-e4a5-4e1e-b8fc-6f1a6f055f39	34984	90.15584	98.03426
aec110cb-69b4-487c-8a33-1a5883425352	29866	90.10598	97.79289
aec33b05-8bd6-4714-b0b7-0e2537a3c456	23513	77.20688	95.87434
aec9cd5a-e23c-4b37-ad70-94fb39e96ed2	28004	90.73637	98.73086
aecd28ee-83f9-4f92-b454-ed4c94a1fb98	7545	90.72528	98.42813
aecdf555-d492-4787-9b53-973c49bdc064	42361	89.30067	98.15215
aece129b-5b43-47c5-8f75-f1195768bec1	22175	95.05987	99.20532
aed05d86-234f-4b63-8f16-a4107ea7bc24	30869	86.93556	95.90138
aed0bf4a-1da4-4ef2-b128-5526e67b7d43	41410	93.62497	98.60670
aed2d9fd-59a1-4196-a66d-3820d0af25f5	43801	94.56328	98.81577
aed3fb8e-2bf1-43ec-bf9d-a8c034fa90a9	39835	94.44118	98.69679
aed7461e-809a-4a48-bcab-2d688f1960af	28136	88.17814	97.08264
aedbf0cf-cde8-4bdc-8953-b4e52a87d593	44889	95.11322	99.02151
aedbf52b-7297-4732-9bba-3d93944d5b0a	37310	80.96855	94.90946
aedc690f-99d0-4fd2-8514-4407fd8bf018	35297	85.24829	93.58664
aeddf3bd-af90-41e1-8490-fb878f1eae8b	56252	94.54871	98.83537
aee8850f-bcce-47c3-83ec-cd71943d9bb3	47733	91.33220	95.80744
aef04124-2e50-46b1-adbf-1c92b22736dd	32964	82.36119	94.91883
aef486e4-f4e1-4832-8029-3aef80902523	34729	93.64656	98.39434
aef9c665-e269-4edb-8da2-c4462e9d309d	21954	88.49764	97.08454
aef9ef6d-498a-4982-b609-0660b2182767	22588	91.65413	98.75395
af0664da-d8d3-46c4-82be-52a358e40e16	37906	88.24182	98.13686
af06e343-da9c-419c-8602-9c8fc06fa4f6	34519	91.25816	98.42463
af1070df-3b41-4dc2-aa4e-fea793b7853d	25316	94.64811	98.69795
af15c0f2-1f9e-4733-8032-921c4a494e52	30180	87.12060	95.99541
af1c88c0-0177-4801-b555-181e48f58d03	56053	94.65618	98.78023
af22ecce-934d-4f32-993f-5c46cf5a1ab7	34795	91.64930	98.28997
af2652bb-d81f-49cd-a9d9-ae78c76a788b	48527	94.82097	99.17711
af2a5009-ba2e-4997-b9ec-fdc2bfa6c65c	25244	94.64923	98.79863
af2c2df4-ce97-47a6-ba37-a0e49cdf80eb	22240	94.96371	99.17662
af2da3e1-22d7-41ee-b002-ca1c75d50c2f	42078	93.54092	98.52234
af331103-3cdd-49fd-88af-f335ebb24b94	37549	93.78380	99.45550
af36f97c-5da3-4c57-834f-9c2bbb0ba1da	28071	89.91602	97.27924
af3a28b4-e8b8-42d2-8be5-1129890e9cfb	65903	86.51742	94.09520
af438c3d-1df9-4bce-a9c4-91f418ddbfab	28684	93.73173	98.64818
af4542ba-34f6-428d-b22b-78999e667069	39779	94.70457	98.50361
af4dba4f-3492-4216-b646-813d8335a69e	30357	81.74340	91.48158
af4eed71-8122-4b19-89bf-80c768318b58	59778	90.86568	97.51471
af4f100d-5176-4382-9a2c-f5bc42a01145	55179	93.41484	98.68529
af50be6c-fcb2-4159-98ea-2dae4086e84a	22095	90.65700	97.28213
af522d3d-1adb-416d-8985-00245e43ee7d	26534	88.82042	98.45718
af55eacf-f98c-4d55-9305-7822c75df3d0	24239	86.70913	97.34538
af5a806e-3edd-451f-85fd-3e4acf04a8f7	34721	83.70342	96.46541
af63bdd1-71ab-4e96-9df2-a0811e3e521b	54772	94.72387	98.89160
af650bf0-324e-49d2-a530-971e48d0ef53	26673	85.22045	95.47887
af6bf89a-55e1-4e90-844d-980e7ae2690a	48390	90.86965	98.75281
af6df3ba-409a-41c2-b711-a7d9cfd58f90	45642	83.18918	96.85280
af75d3f4-276b-4974-86b6-5b26085bacc3	34366	90.86550	96.69214
af768a5b-1520-4d05-a138-5ba2acec51f5	24174	94.41550	99.53294
af7a7554-3299-49ba-ae9a-b6f79503811b	42278	87.20566	97.96198
af7d3a0b-74a3-4f60-9b62-0735aa02222c	31465	93.80926	98.55846
af7fa8d5-2090-4a7a-bdf9-420a60e528d7	105339	94.78784	98.99532
af84a07a-e345-411a-9fac-7abccd5ac2b5	28551	94.68564	99.28168
af8ed191-fff0-4520-b203-9ef6d3cac040	25459	90.96017	98.25023
af8f4fa4-9dd2-4a5a-8acb-bd122a76b462	22182	92.52563	99.01772
afa6ac35-4fa2-4947-a9e5-be040962998d	44054	92.12915	98.36487
afa704b2-5082-45be-8ce2-00c6e4b09cc2	14771	92.24369	97.54863
afacdc6d-a54b-4240-9e8e-1a2c03609031	37136	91.95325	97.44978
afb482ef-b0c7-4a61-be74-9a0528907326	33029	95.00505	98.86517
afb96e2e-48e8-4203-894a-ec0df7273b7b	53115	95.20529	99.14375
afbb2a09-efcc-4267-a2fd-0e065320df18	34306	91.34238	98.55728
afc2d67f-07a2-4237-86e6-09815c401a9e	24566	90.79278	97.80730
afc98d46-a147-4720-a3ef-a5f9655b4f1c	24567	91.98914	97.85200
afca706e-d928-4f57-ba95-66c0046360bf	30997	91.40020	98.68463
afcf0522-387b-499e-9b52-d5bb43a667bb	28602	94.42959	99.14135
afd3ec30-6864-4f04-aecd-6322d26d6a15	26926	96.31702	98.99333
afd7b367-09b0-454b-8238-bc4ac4b71699	27401	90.19760	98.67461
afda498c-367f-40b7-8bb7-683a34118515	30467	87.81864	96.63932
afe738f0-9425-4a78-a1cc-1647a9cd0886	44437	95.37170	99.07312
aff6f29e-9799-4019-9a3e-6ca97c1ff053	30523	94.07641	99.26259
aff97c9f-c3e9-4dcb-8118-99b77399a9f2	50210	94.92210	99.04124
b000ef58-4b5b-4de9-84d3-71e7951890be	77523	93.41838	98.78462
b0015184-b4a8-4d49-851e-8c13969cd153	34645	89.17640	98.34760
b0015325-3008-4a66-a52f-b09cc0cea1ab	33521	90.94968	98.27049
b003aae4-077a-4ec6-ac7f-765347299338	26032	95.09878	99.06499
b003b013-cca8-4661-9fca-b252cc53f609	31722	93.28808	98.05112
b006c8d2-782a-43b5-ad3d-a2db6948bcf8	22951	94.40140	99.23992
b008ed6c-723e-4594-a766-04c8d22b3f6d	43225	91.93746	97.93096
b00957a6-584d-4337-8850-2c1f685923d2	30236	95.62547	98.98251
b00e03ee-0564-42b5-bbce-ffdc59fd85c1	49183	95.25403	98.78895
b018cf24-6a85-40ff-9974-991a621e1429	39862	90.33401	98.07877
b01a5b46-f495-45e2-be5a-23a07c491b91	32119	86.29327	96.87812
b01f91c1-b60f-4e32-979b-594f103fbe93	29438	94.11102	98.60318
b0258546-b399-49fd-a937-8c8cee12d872	36474	83.24425	95.28900
b02d7c49-076c-48a6-a48a-2e7342cf6255	25004	88.88677	97.12225
b02eafd6-a5f6-4c5d-a025-cb6b518fb685	31972	94.09856	98.82743
b031c9b6-c445-4707-8c70-1d88487ae053	9111	90.29938	98.27792
b033cd2a-8ede-401a-86f2-2399c73c9c8a	36759	92.43273	98.82540
b03adebb-a65f-42c5-bab4-9fe016afc767	34413	88.23983	96.69398
b03d1386-ee49-492d-a6e3-1655db67dd78	24937	94.80729	98.95696
b042b812-d72b-45b6-b7b3-5ae98d531a4e	37244	93.65813	99.15702
b045d907-8519-407d-aab6-debfff8efeb0	46017	95.27149	98.92343
b045f82c-414b-4c2d-b7b4-487e64ba388b	28878	95.26661	99.10521
b04c59ac-8952-4242-9cda-deabd2ec40af	41238	94.22704	98.46437
b05321b9-25a6-48f0-851f-12c16ea12db8	28100	78.22900	88.57904
b05d72a5-3c23-4e63-9c96-c17572da012c	64619	93.65536	98.34309
b064ed1d-72b1-417a-9949-29bc2ee8d0e6	45881	92.76771	97.75761
b065389e-6b6f-4eb7-b8bb-944c42a4ba7c	27738	91.67565	97.63159
b065f38d-a111-4b5a-9598-4cee6c6fb933	25379	89.83689	98.27862
b0671064-f4a8-4ddd-b5a4-3ad531741ad7	11691	94.56622	99.19039
b07264bd-1bb8-4892-ae43-a69c95f8029e	58620	81.26645	95.77665
b0730437-0bb2-4019-acd5-ca50fb9f3aac	27478	85.66467	97.11528
b079497c-5a8a-4776-8b1a-13e492867fcf	28333	92.04998	97.53547
b0a097d7-9858-4604-be8e-79ce457661bb	30466	85.96815	96.18403
b0a6a595-3fb8-4121-ba0a-10d0dc19e71a	49273	95.13823	98.82299
b0a99b09-7fac-4eea-b26b-f8bd526b4cf6	22901	95.36222	98.90748
b0ac6dcd-579f-4bc0-a9e6-b8b6821cb162	40839	88.21076	96.71898
b0ac7a33-d49f-4371-bf5d-bd1b3645b691	25813	87.68976	96.91890
b0b8ba29-41d3-4076-bc67-a9cad6b87fda	25725	88.22734	92.24909
b0b90517-4c74-4cd5-9653-11ae60b994c8	51391	94.65777	99.21506
b0bbf10a-e368-4af0-b6ea-cac87d197610	22438	71.58036	92.44829
b0bc8f0f-f54f-41c0-8054-2c78622d81c5	42333	86.40732	95.61298
b0be88d4-6747-49e8-970d-4fe11ed02829	28783	82.17125	99.06035
b0bf74a5-1693-4a77-9a54-7e74593acd7d	27466	94.73872	99.46252
b0c351a7-33d8-4c07-877e-8ea1a8fb57d0	46900	91.02879	98.63193
b0c3a2c3-8a7a-4b9d-b860-4e2aa077056a	25455	94.50923	99.37735
b0c4286b-6a7d-44e4-aaf2-7e11953042c3	25578	90.63146	97.96890
b0c786b8-7d26-47ec-9e56-9ceef3bb37ed	24970	85.00057	96.86818
b0c7d6bf-3dde-442e-8042-dd1ac3d9a741	49789	94.75928	98.89987
b0ca0c72-759a-4f3f-9f52-6aa0c77e483f	24922	88.49674	95.36152
b0cc2774-e054-48fc-bac5-3badce5acff2	25657	91.05527	97.51887
b0cf4b91-ef40-405a-b62e-bb1dbc080720	30753	88.67162	97.53519
b0d31caa-5d86-4ab5-a938-ce1b41ea0f2c	44376	85.76499	94.47063
b0d4d687-f162-4194-84b6-2d794a4314b8	32379	85.25858	97.06421
b0d6b91a-24cf-45a6-a1a6-4479df2196c4	26688	84.33940	92.54241
b0daad21-688b-44aa-81b4-886e385cb39e	36057	82.96112	95.02470
b0db6f76-6b90-4275-8796-f443b0f2e456	25830	89.49479	96.31214
b0dd2fe2-fdbb-4351-828c-669942a4b766	48292	94.04379	98.76265
b0dd9544-8649-4f49-8266-fe653cf09bc4	25775	96.52554	99.40046
b0e5af71-0df9-4ee8-8302-6b57986c0ca3	36578	88.89278	96.88031
b0e7aa9c-200e-49d9-93cd-9f636430404e	21869	89.66477	98.62175
b0eeb81c-9f24-4947-ab9e-ec2977258803	37579	89.31610	96.68731
b0f2171c-0a93-4580-8d33-3623e5f7066b	34404	94.30319	98.96194
b0f43d63-93e2-404d-b54e-9dda4675305f	36356	82.49707	95.94302
b0f4bf4a-8072-4933-8b6b-781e7dcacf23	26118	93.08164	98.45625
b0f55ff0-73ef-448e-ba3e-25571be6a7ba	34386	79.78169	88.10221
b102f602-21dc-4b96-a63f-61949ac07eb1	58667	93.08739	98.61473
b104c019-a038-4740-9016-c2c5bf3859e1	29222	75.38564	91.15122
b1053317-d244-4813-8b63-667d642f20aa	26337	86.91050	94.36660
b10570c8-0155-4fdb-8d9e-31d1d97e101d	27076	92.17761	98.43454
b108420b-fa94-4ad8-9981-d6455feaab5a	26051	93.99520	98.74919
b10f654a-ac8c-4874-8a23-096f0bf18f9a	68275	90.31854	98.29144
b1152ec9-b12f-4f46-8a5f-d82cc92103c0	23039	96.07776	99.22635
b1176d7a-2535-405a-988e-8dda067e626a	46930	92.18002	98.53857
b118ec02-114c-41fb-adfc-3f1932c35539	24846	93.59802	98.90189
b11953ba-ebb5-40fb-93f3-b6685c548e69	28853	94.26767	99.06349
b1202b84-095d-4af0-a05d-39eb710d445e	28927	89.01153	96.47267
b120f256-2001-42bf-8d59-7be59d5de4cc	64833	89.66275	98.89101
b1257e1f-deed-4013-b7c7-3bb7e5c5c372	25173	90.07832	95.78594
b12a6067-2047-487c-9831-bee4cc8273dc	57961	83.57014	96.42893
b1345bff-978a-4dac-8213-79f3f0c38ae2	36328	94.61482	99.20101
b138a9ba-7361-4a8a-bddf-70627441e0f0	56125	92.38198	98.98938
b13a4818-64be-4634-98df-9e8cb7b83cb2	25291	95.67182	99.26308
b13b7d8d-7d80-4e6c-b2f5-1618d75db26d	46528	88.35077	97.88642
b13f60cf-a276-410f-85f9-22b1a3dff91d	32554	94.39295	99.08464
b13f7942-540c-43b5-af0f-3f0fcf93e337	27031	94.51208	98.49083
b1419cb4-7a2c-4a1c-bc11-2f19e9edfed8	26933	84.67300	95.64007
b1423326-6b13-4e43-bad9-6733aae42569	30609	91.24842	98.76923
b145febf-0477-45b0-b6fb-9025ebb3a379	27977	90.85912	98.23374
b1465b4a-f365-4898-aea3-9fdd2aa70893	25132	89.37420	97.18042
b147a7cd-c1aa-4f34-8a74-e51c6d6e6cc6	32088	90.70738	98.15945
b14c95c1-c9ed-4df5-8804-54311ffe8f4f	24355	87.43805	97.35713
b14cb2d9-f077-42ae-963c-fa7e85244e55	23126	93.84270	99.19924
b151c9c8-7897-406f-96b5-50b2b6f57060	23654	95.56646	99.04194
b1577cf3-709f-419a-93e4-937899031108	24390	92.00905	97.98628
b157bb0c-9f99-4e4f-a16f-e6f3c8f64c95	34339	89.39047	97.92096
b15c640b-7cd3-4a92-960c-5669e5790c0b	38546	90.08349	98.89389
b163f861-6782-4a83-a9be-0326d5a25a7b	8298	95.11959	98.82955
b16dc9d4-4b93-45fb-bf39-e179da02cbf4	34172	81.62621	96.58930
b1734ec0-51f2-45ff-b743-0778a30b15ef	27278	94.67997	98.66744
b1832f12-b641-4935-a0dd-b8708941356d	38005	89.07230	96.44338
b183ddcb-2a68-424f-99c8-7d7438b1306f	38266	93.01779	99.34712
b185ca2f-7638-472d-829d-15605bb6fe5f	28947	91.19197	97.98731
b188bbec-4404-4858-a34d-b6674ca7b491	31002	93.83933	98.73216
b18c2a97-1f3e-45f1-a323-ee9bc8d0059c	32434	95.81211	99.11475
b18ee6ac-089e-467b-8325-514158c4da70	26325	89.31345	96.74554
b19b5d0c-6e0e-41cc-b826-32d68f694ad6	49758	94.95662	99.56507
b19d5d03-7065-4382-9c0b-595197d2298d	32399	90.22739	98.43788
b19fd341-6b8a-4834-b250-4bf152181134	23368	87.82250	97.68759
b1a3bde6-d8be-47fe-89b7-70713c09a87d	45627	89.15973	96.63348
b1a6d63e-314c-490e-9a3d-73026cd5513e	24581	90.66033	97.34520
b1aad7b2-b1e9-4220-aaef-7599445da570	23100	94.08404	98.29805
b1ad4656-39c1-4101-bc27-3cd187207d7c	32489	94.26888	98.66058
b1b22596-e647-494c-8550-c681a57b1f7d	47427	97.10073	98.95280
b1b27c02-2953-4e7c-8bcc-776394d1bc84	29336	94.42620	99.50009
b1b6b6c8-6af6-4cfc-a7fa-2f2bf337105d	63039	95.63009	98.99530
b1bfe33b-6cb5-48de-9561-12db0a96f299	28806	93.53999	98.46122
b1c057a6-eb1c-4d37-8c14-fe05f3e790a0	33424	85.03264	92.50541
b1c92c2f-200c-42e5-9419-68640bea9b74	29982	92.45301	99.04238
b1cf3b3b-46fa-4e2a-b9d0-afdd4bd0d9e2	23919	92.21936	97.66022
b1dae654-f58c-40f7-913e-f894fa59eb14	24430	95.71101	99.17766
b1dccdaf-dd92-41ac-8bf5-0934fb20b136	23243	95.58070	99.07974
b1de9017-fa0b-433a-a887-b24d4507f2f9	32174	91.50350	96.39786
b1e6cb7e-3984-41f6-b50e-70b198670987	10865	93.62142	98.63400
b1ea8200-1329-45ec-9f44-8dcec945de28	23139	94.37156	98.81315
b1ec9099-af68-4dde-bc6d-167eae38dfea	27423	88.86949	97.85305
b1f1fb66-0088-491d-995a-6bccfcfac9a4	45980	84.55728	96.88160
b1f6d06f-c880-4931-9368-9e83ead93bbe	24910	94.41483	98.56304
b1f76828-6479-4b95-b835-aeec862a35c6	22649	94.37246	98.73595
b1fc8d2d-8f64-47f3-9a9f-c1c498358834	46092	96.07299	99.05932
b1ff9347-c4c9-4ab2-a6d5-e820ad1d3d76	50768	93.28664	98.73193
b2007884-c685-4dc6-b080-2a53f366ff22	36650	93.92838	98.28980
b20bdce7-a94b-4471-9209-9ffd6c188eb7	24644	92.06499	98.06588
b2118f6f-cd2b-458d-a32b-1b3fc4c56216	29895	78.50568	92.84111
b211f7ec-20a4-4118-8d20-3f99b1180ea0	35646	87.14366	98.02824
b21891af-61d7-4ca5-a555-d647a7cdfb4d	27807	90.52851	96.23587
b218ab99-12f1-4f7b-a6fa-ab35ed0be187	41480	91.43609	98.95061
b21cabda-9993-4059-bd51-ef6bd7c5c46d	44413	90.35557	98.14134
b220264b-8666-4f8c-b7e5-21aec563b2db	19863	90.91434	97.24798
b2223c07-4f1d-457b-9ebd-58a7360b61d3	29820	90.52523	98.61369
b22d5c62-de43-423d-b80b-9db4dd34e38b	28903	88.69333	97.31618
b230492d-2406-45fe-a3d7-d86dc67d1952	28089	91.41943	98.57725
b230a275-0f49-4cee-a7ab-7de8eda9ba20	26011	79.90825	92.98579
b233209a-dc94-4e33-855a-ae77cacf08b1	41001	94.03460	98.60472
b23598e4-7972-4873-9eb4-1f51dbcb7651	61282	95.13772	98.91561
b23904d5-6486-4938-ae2a-c8d0469bfcf9	40997	94.86294	99.29644
b23a453c-e3af-4af7-bf28-bd8837acea39	47747	94.18055	98.61786
b23be327-4c7f-43bd-ae39-0188f3da9ba7	39793	94.99594	99.01523
b245aa27-16ea-4ac8-9f81-c9014eef3c35	59832	88.29721	97.07168
b24c48af-63ae-4022-a5f3-8e7b6a678597	30670	89.42075	96.98833
b24f0ffd-ee0d-4741-bd8e-db2540c5f642	48818	93.62454	98.70409
b2598b36-d213-4ea2-84b0-d15251e68894	40355	87.54103	97.86029
b25f5980-a2f5-4616-92b9-bb2f9b8016ca	43794	95.34440	99.05951
b25f7d05-e79b-465b-8f42-09db27238c3a	35312	91.32121	98.05007
b261f045-0b24-4eaa-9b82-0df4d88db1a0	25533	95.18793	99.46792
b26649fe-d4af-4580-9600-e774a3b73c95	39707	90.00267	98.36188
b26ae93a-0f1b-4b2f-90ae-f6cb6f98a1ca	27771	94.65708	98.86141
b26d3281-f87c-4521-8662-65fc35219345	72672	85.59473	96.22089
b273299f-2e0e-4d8d-8130-60dbfd45cd47	24498	95.46621	99.03105
b277e002-9e24-41f1-b64d-fb84b9d1dc4a	55768	95.22863	99.03617
b279038d-9312-4a80-b36b-bfb317315663	23750	91.52487	98.77342
b2813757-8442-4b33-97a6-e66c682ddd16	47664	91.86104	95.99354
b28b03f6-0d85-45ff-9477-8ca405ec2019	36279	90.04825	98.14192
b291d0dd-7329-44b8-8cad-463417cb1689	37485	91.27340	97.59891
b2927c96-1664-4ada-99b3-69363e4b1c4c	25399	90.89767	98.40264
b29eb315-c5fa-4b72-8b36-905ef808eafa	48709	83.17721	95.27937
b2a196bc-8e90-4316-9f2b-78910038f246	37120	95.98420	99.15168
b2a913de-75c1-4d1e-b649-c1b59751e25a	22611	88.33866	95.73546
b2ab525c-1d9d-49c8-9847-97534e65309f	35104	83.53197	96.36724
b2b0dfd2-dc1d-40b7-82ff-bc810341c13f	43819	91.02775	95.79681
b2b6540c-5e03-4e86-a8d9-a16877608442	28117	94.81952	99.03833
b2b6d27e-a48d-4087-a675-69e17b914b82	66914	92.81182	99.00321
b2b842ab-3291-4103-ab8c-00cd6308bec7	28227	89.48205	97.34477
b2b93619-9834-4bde-8fad-8b13451c5c9b	52947	74.68912	91.20796
b2bc36b0-6a18-41d2-979f-549882aed50c	36186	90.26961	97.68481
b2bdea0d-a195-4189-9ccf-f349e44d3986	53547	90.31147	96.59779
b2bf0de0-391d-4368-b4d9-251048d829e5	26631	95.18281	98.93026
b2c2470b-382c-46e1-bda8-a22f0d889d8d	30403	89.81657	96.09591
b2c7033b-bf34-4df8-90b5-cb5af8ea58e0	40011	80.74701	97.41438
b2c92a99-fa4e-43ac-bce2-c5d2785878a8	32267	89.59716	96.52432
b2cdae6f-c01a-46de-9164-d0cc511973f6	28240	90.02630	98.45826
b2da5155-c68d-4b4d-87e8-70985bc9e66c	27568	94.86098	100.07644
b2e120af-ad66-4b2c-963f-e0a9122a83d5	50230	90.48994	97.95954
b2e1a47c-1c87-4b6f-adf8-760b13278fa1	44920	94.17174	99.08265
b2e4b9a9-4473-4f0d-85b5-bf02edeab93b	24404	95.51189	98.54961
b2e6358a-bd53-4bcb-bc16-0bcc43abf95d	54214	94.35040	98.99053
b2e7351e-59ff-4d81-9b99-2dff97681a81	41184	94.02999	99.13897
b2e76d8c-ee1f-4948-ac2f-ddc67a409d1c	25847	85.74925	94.87841
b2eee461-1aa4-41e7-967b-ef2e2676b598	31663	94.92098	99.24278
b2ef769e-d74f-4e71-8367-b420a74656b8	23999	94.81503	99.27374
b2f24f7f-b8b5-41b8-8372-de6b15e1c6bf	25748	93.43436	98.73836
b2f2bb32-45c5-4162-be4d-c8523f1258fc	37632	82.47555	93.25106
b2f8718b-dc41-4af6-be40-f13f3f3bb05f	28232	91.07565	96.52084
b2fac303-7f7e-4ed3-baab-11d9aa13643d	46385	92.31975	98.66008
b302b375-813b-4ed1-9beb-1fb5a485dead	39493	91.15102	97.53762
b303ef0f-057e-4291-b0c4-54422ea03a89	47560	84.26419	96.17575
b30852de-3714-4318-9e50-4b2eeb4ad4a1	28032	93.93284	99.02926
b30d12b4-17ea-43ae-9dbe-17e771b4f585	25180	93.89788	99.11144
b30d505c-3a20-4f51-8dcf-128e78096da5	35397	94.99557	98.88565
b30f7c21-06a9-4b6d-a1ef-5f1d56de54ef	37905	89.76286	99.12488
b3102544-1a99-4a1d-8174-b4018b29edac	45168	84.14091	96.57832
b31340f0-72d7-4897-bdf5-9739e2dc634d	27501	95.42477	99.31914
b318a6ce-720b-48b8-b92b-eeac52b5c8f3	24346	78.15777	93.78308
b31927c8-5bdd-4b56-bfa4-7c29d77dac64	25142	94.63396	98.98116
b31ee1ef-dc34-465e-a379-7bb017ee919c	31039	90.88827	97.74731
b32ec3ad-b0fa-4df8-bdd3-a7fe92057f75	38022	87.42534	97.34000
b3322ee3-5b22-4764-834d-e9a4c78e9202	25635	92.27332	97.29298
b332c27a-04e5-4c4a-9849-1faaed566131	52915	85.74563	97.16797
b3388589-47ea-4ab3-8a07-388383568c81	1538	92.46032	100.40623
b33efb9c-2a29-43ea-8dfa-595ad3bdc8fe	10249	95.21536	98.45946
b3419d77-f5fd-4b48-89fe-57d19ca7b3d9	77667	87.47767	97.44852
b3488c6d-a139-4f46-b734-ecb3a8d03c38	33769	96.61002	99.80158
b34b3b45-437b-4046-80dd-b3215cbd5414	23660	95.22065	99.16200
b3583cd0-4bb8-4fee-bd7b-bb45202d9798	53550	90.17493	98.18589
b358670d-44a0-4ec3-89dc-e5110db25e86	26620	95.57558	99.68072
b35faf43-e5d7-406e-aa7c-b42f1860ff56	36643	95.79384	99.80624
b36114ad-366b-498b-b797-8aa876a45a1b	22197	88.08193	96.86050
b361e805-0b05-4e4f-b270-b2b5cd07c53d	24020	94.13824	98.62788
b3624746-1674-4cb9-842f-b593ab940b09	24381	85.19104	96.10225
b363cb31-3bb4-4316-885e-77d256e007f6	22170	90.57924	97.82744
b365f851-d494-4567-b716-7d6529832b43	26989	95.13586	98.77812
b36c7b87-4d49-4b1b-b6ca-fc0ba7eb26a4	51818	92.60342	99.42353
b376d6e3-8e86-4500-ad91-18bfe830a94e	31079	95.18720	99.27615
b3770a1e-59ea-4c39-a113-c62553a49ee9	35593	93.47027	98.89127
b3787533-079b-4c5f-9f2b-eddc9f2f8104	24355	86.26326	94.34439
b383cc2c-7af1-4f77-a11e-f1b92ef92f32	24247	77.26270	94.04729
b384a247-fc0c-472c-b633-3d60c640e2f8	27188	88.48618	94.52308
b3869455-bc1a-431b-b247-2acca02d404e	23775	91.56944	97.75044
b38803e1-e372-4499-a61b-cc066c5773b8	45809	96.07405	99.20387
b395b718-c876-430d-8ea5-d1aef0a82220	22740	82.62938	97.15841
b39678cc-6389-45a8-8583-5aae1b62b4b7	22621	88.72028	97.16863
b3a20212-e3d6-475c-aae9-6b68045ec417	53406	77.09283	95.24882
b3a54c0c-f7a5-43d7-b1dc-7096d4848fb5	67982	94.67255	98.65868
b3a80f08-c486-4648-9873-17824fbee4d4	33640	95.56212	99.24874
b3a9454e-6e99-4b6a-943c-312a4e3add5e	24361	88.32525	96.43836
b3ab6021-8e6f-418f-b5e7-ca4b0010f182	26411	76.31102	91.27386
b3adc844-802a-4f67-8fc8-2b1003a908e9	48874	82.71185	96.02080
b3c2f961-29b4-46c3-9150-dd6c50efd592	26848	89.33305	96.88722
b3c3fd30-90c9-46e6-be7f-e7202c3f6b9d	68322	93.77551	99.47674
b3c904ce-897d-4b12-8b32-c687189baf36	29034	92.28999	98.20877
b3c98af5-c0df-4836-923f-15599c07841c	24325	91.71772	98.29493
b3cb8ac7-ff04-41c0-b69c-98eb93e97121	24516	89.81151	98.20008
b3d4e991-04b1-41de-b8ec-58ad9ccd6a54	61930	92.49365	98.52018
b3d6ff7e-48ba-480c-a278-5474161a8e49	45995	86.28561	97.88091
b3e01c59-3836-47be-ab4e-5a374c4c7b2a	49924	86.44759	96.90365
b3e1588f-2cc4-4066-b449-dbf63e3bb93a	42510	86.34627	95.29285
b3e3fc16-f70f-4866-b2a3-87a092ab981c	31515	91.06039	97.06663
b3e6ba2b-b7b5-4599-bf41-9a1e5a26df41	63614	94.75643	99.52687
b3ec310c-a324-4d04-acd9-701271dadd2e	24533	88.10308	95.71529
b3ed2bfb-674f-4734-9ad9-30fe98a4f284	55081	91.51656	97.99936
b3ef138c-de79-42c2-b574-48b09a37b81e	28543	84.11687	96.51660
b3f6299a-a114-4a2f-95a8-1b312f3d5677	64889	88.93998	97.18173
b3f75377-a322-4c5f-9b03-24286ef7a3bd	22913	92.31453	98.47819
b3f8cbc3-6fab-43ce-9eed-b83fc790e424	45530	94.93017	99.02407
b3ff1d87-a093-4ad3-a310-d22ce4a1f544	28748	94.33190	99.19017
b401a60f-f4d6-43ce-8d0a-f53d43a9fadb	32438	96.55592	99.12359
b40aa9fc-77c4-474e-8487-7fbe2e6aef35	27390	92.20144	98.51758
b40d4d60-4df6-41f5-9aeb-25fb2697edee	55000	94.66726	98.96216
b42683c0-6a96-4c0e-bc31-775734386b17	32301	86.02373	96.38998
b42d04f1-0f20-48e1-a2ab-8baeff023b5b	41589	92.59406	98.57669
b42dea11-94be-477d-9ce8-f94969758fc6	36051	96.19997	99.16483
b42f09cd-cb63-41d2-96ba-17a9eb099ac9	24456	96.14114	99.07739
b43a1503-1f53-415e-b435-7110ba98d907	42954	94.71922	98.81762
b43eec33-d8bf-4aee-a971-cd7e27e6e97f	47762	86.76539	96.72208
b44e4015-d00a-46b1-a5d8-921709045e10	27265	71.95724	92.71089
b457d604-a1bd-47fc-a94e-51745f5f9070	25956	94.94346	98.99744
b45b6c58-fc27-4430-b025-e6a36afa49bc	38437	89.49472	95.52860
b45b86bf-6799-4558-aed2-ef578fd38292	25247	91.26084	98.18600
b4609eea-71ce-4d7e-9b57-f47d1b1a8888	28488	93.59097	99.07256
b461e6d5-2c9f-44d3-9506-bb659d218254	45445	88.57365	98.12626
b4624315-ac34-4914-9a32-53b0bea32e92	30112	93.25664	98.83495
b469eb49-cbf6-47ac-b822-ebfda4d2ae9d	53439	90.65140	98.63546
b475629f-0e2a-4d46-be3d-b42300966ce9	44299	95.51659	99.28613
b47580b2-9bd9-4fe3-8921-fd4639954061	23456	85.16722	95.42428
b4792299-3db9-45b1-92ea-ef207b956845	45526	87.07990	96.76038
b485f4fb-3511-46c3-90eb-b2ee1e057085	42600	89.75279	98.22117
b48934da-1f61-4b40-b31a-af4bc8669bfa	29359	85.05789	96.01364
b48e382f-05cb-45af-aa6e-5413769d8829	30150	90.07558	98.07717
b4926f3e-9e6f-47e0-bc31-2f85f792d381	81131	85.60351	97.66172
b499bf09-7d29-44c1-989a-9077d92dd068	58450	90.73925	98.15204
b49de28e-0897-4388-9fe8-02b4e245976c	77928	90.70242	97.63506
b4a03e39-5da9-46f2-a788-3e35af7848f4	57442	92.46617	98.44651
b4a065db-47b0-4264-8567-e7633038e50b	25860	95.77636	99.26473
b4a19342-cd73-4911-b947-f60772bdc08e	22893	93.28291	98.84260
b4a7e61b-941c-402c-853a-3f1780b1c17d	21838	92.77475	99.20581
b4a8725a-8fa6-447b-a6fc-b4fd3c5766dd	26565	95.41203	98.88337
b4ae5cc4-8581-4f71-8b00-073586bf7ec4	28116	77.04897	91.56378
b4b77383-a07f-44d4-9274-742e77434774	30988	91.24040	97.68618
b4bbdf8e-7ce3-4397-87eb-f85676dc3e3a	33009	86.62191	96.54181
b4c0c647-a0de-49dd-81cb-2c631aa919c9	42720	95.32852	99.13743
b4c1a45e-2bc8-42b4-ae8c-c9abe015047c	23930	86.90561	97.50020
b4c5d8e5-ed82-494e-ad6f-54e95c9369ab	27503	92.37960	99.07180
b4c6838f-4307-4640-8fbe-70d002d078fd	66344	95.31007	99.52544
b4ca0458-26d5-4cc8-b1a0-653d91309683	54187	84.00856	94.33962
b4ca4b55-e9e2-4a2f-9cb0-cb5bc3f46d24	29952	87.16233	95.45948
b4cbb60a-d6db-4c21-821b-ad87fef3c216	36479	95.77510	99.25288
b4d05380-e57e-405e-932f-0888ed442b04	29334	95.74261	98.91793
b4d10290-a91d-4533-b3e1-abe0f15086de	11752	90.96960	98.37883
b4d3eaac-a22c-4dcc-a1cc-e0ea2ecef402	24244	92.54947	97.28891
b4df0cec-2297-4f25-9609-fb11f7912904	67043	95.48420	98.98312
b4e48e8c-f0bd-40ab-9580-73a8dc8600eb	29023	92.08073	98.33741
b4e49f42-9640-4dba-a94a-9d14afffa57b	27716	90.10775	98.37372
b4e6cd6e-4171-4360-a43d-1d627abe0996	34455	92.92123	98.43611
b4eb05ce-0c16-431c-ae20-99c1a77e37d9	22628	91.63246	98.21001
b4f2ac48-cfa2-4090-a13a-7ed9f8a630d9	31438	83.57928	97.23574
b4f7a1a0-24f4-4a01-b516-afd01df87d4b	28081	91.49252	98.80449
b5032a8f-c5d9-47af-a951-46bff5d0179b	36703	92.64422	98.83555
b503f594-64c3-47ca-8759-f9935f6ffd6b	39685	87.91193	95.45246
b5110cb7-ed14-4e09-bd1a-bfc609d91606	33548	93.61430	98.84823
b5126faf-79ab-45c2-98ac-f7da35c4f7ce	30653	94.80681	98.99320
b5139beb-55ad-4023-97fa-d4dc02392117	44691	91.61046	96.97602
b514403a-8196-484e-ac9e-78ba753540d9	58517	94.00303	98.56603
b51adfdc-a07d-4516-abf9-9a450605f1dc	35592	83.31459	90.41941
b51e8550-b26b-48a1-9d44-c7c245c04ada	29820	93.29370	98.53746
b51fe526-c72c-41de-8da4-6063cdc25396	36014	90.24509	96.84980
b5246474-7d56-4b52-821c-6894ebfc3ba1	54176	94.84176	99.18230
b52fb667-6cb0-47cb-83ef-8cfc60bc660f	24897	84.52050	95.64127
b530f950-7f65-4a73-92dc-e4de2d79bc72	33812	95.10694	99.17679
b5387033-0b17-4e45-9f3e-7d3f9287d8f4	24355	94.55687	98.94878
b538a437-1d16-40e5-be9c-08f9c4327d9d	35310	85.86471	97.04106
b53edb11-92bb-4f8d-a4fe-bd76490912cc	28181	88.23390	98.18691
b53fa501-1104-4e85-9626-d4c3638f9d62	52721	95.01173	99.32131
b5492482-75d7-40f8-a1c4-ba5bd1ba8dc1	32729	93.09865	97.82791
b54df66d-f6bf-4c06-8f0d-cbe11fd30bd1	34365	89.85158	98.30552
b5579236-7460-488b-9a92-b986a067f849	45841	95.22207	99.36172
b5661790-7dfc-4708-9bdf-89857a42459a	26988	86.51207	96.74186
b56afdda-a162-4c9a-8759-727317e128a9	34458	90.18898	97.66867
b56e2248-aab5-4fe1-a7f8-fefe7434850b	48512	90.36949	97.71764
b56f6560-c87b-4e5b-aaec-60295dcf4993	50152	88.72865	97.46409
b573d5fb-19c2-4025-96a3-808281931a56	33841	88.09869	96.05866
b574d246-a44b-4446-bbf7-483c04e742cd	32604	95.61475	99.20686
b5771227-4741-45ec-826a-8ec28e2b3b5a	71057	88.88381	97.52725
b57af119-10e7-4f87-9cf6-4df5338a9ebd	43998	94.79556	98.62602
b5847ba1-b2c6-48a0-ad06-1b249203a297	60856	77.80452	94.31983
b5870f80-1de3-4e1e-87cd-00a36c2ecb01	24621	94.61821	99.22377
b58714d4-b9d4-4fac-bbd1-e514085fcf60	49026	87.36597	96.60187
b59311f5-650a-4542-8e9a-9d60263c6788	36848	93.40253	98.45399
b59524d6-e7af-404c-9e0f-9ad3c3170e1f	29077	92.25401	98.82778
b596b427-e24c-4f69-a97f-783f86771e78	40415	92.30214	99.03745
b5980607-bd73-475f-990d-f46d4e176c41	31499	84.79620	94.44845
b59e17ec-8da1-4540-81d5-ea61c708817e	27633	89.14114	96.97663
b5a3595c-2371-4a98-909f-f7598e65c5f5	32121	81.30459	96.82333
b5a741f4-af27-4fdf-84fe-7661d1205a4b	42951	92.74250	98.73788
b5aa200d-bb17-44b1-ad0a-acf9ea0833c7	43704	90.28070	97.46397
b5ac234d-cfa5-4fdf-a986-52c3e91f872a	24140	90.80520	98.81564
b5ac9292-5462-494b-a99b-fb6a81b73a5c	25254	94.43777	98.70598
b5b084d1-7fad-4889-b362-77dacdc242bc	44674	82.68166	95.60117
b5b15634-b359-4ceb-8433-89a40a071660	40186	89.60067	98.18458
b5b34b19-c179-4546-97bd-9c4addfebf41	22341	90.31535	97.52962
b5b4ca64-880f-4516-ac27-abd9889a2317	29912	90.17095	97.17947
b5b79fa8-5e8d-4da2-b6ac-a05441f28b4e	23106	95.19227	99.25434
b5ba7ca8-519e-42cd-b7d6-7c0f73a4f7cc	43305	87.95815	97.79488
b5be3f39-f571-4dba-9e2b-7bc6ecec13ba	31145	94.29870	98.55942
b5c32add-cdd8-45b5-8c20-4000959c01a6	54366	88.29649	98.15468
b5c6c9bb-f0e3-47d6-86ef-0b8c393fa685	9125	95.72742	99.31132
b5c9dc60-1b5e-4d42-be8d-646adfd1d916	32643	92.74922	98.87988
b5cab757-2514-488e-ad12-78ecc4bff18d	52053	93.99472	98.53399
b5cde769-52fd-403a-88ad-34cbd651d20a	27848	87.63017	97.61050
b5d0ece5-4930-40e3-acd7-b9c2753c1c21	48664	93.75814	98.56969
b5d4025b-90fb-4fb3-95e3-19d3b6b019b8	85062	88.82096	98.01506
b5d4bd56-671e-4ae8-a5c7-10476fc6a349	29296	94.09626	98.71279
b5d639a9-ee40-4dd4-bf2d-fed3ea19328f	30897	82.27069	98.16309
b5e1a1a7-3bbc-4436-aa6d-793a210baf45	35551	96.20513	99.35858
b5e676c4-b638-4387-9d01-f0d675abe36e	47507	90.53148	97.50961
b5e7d050-a333-40a0-a66b-0633200d80b2	41189	84.17802	96.70048
b5e955fe-d4e9-44f5-b721-1e33d09a423d	27759	91.80225	98.03352
b5ec7fce-91df-4ff9-bd47-0cc1d5c8488b	23579	87.66537	96.03713
b5ed509a-bbe6-4d74-8873-8020dd0f1315	29778	92.57908	98.32831
b5ed7dff-ea90-47a3-9715-610c3b1c5f56	28005	86.09202	96.73898
b5f100d8-d43b-4346-b7b2-63ec7f33ba8e	45781	89.92129	98.27264
b5f1bd9c-76a5-4806-9169-b7234a4324b3	32225	89.81662	96.82487
b5f33f2f-8b33-4561-aef9-51cf7aa25c70	28930	94.60813	98.62555
b5fe1172-85dc-49fe-966f-d3c2219f723f	28491	95.64705	99.56554
b60f45bb-7f17-4236-9028-cbba230b794d	49335	85.15514	97.57364
b6100901-4ca5-48c2-939c-32e210d42792	34096	94.29939	98.77773
b610cb15-349d-43b2-85b0-b118319766d5	27749	90.70033	97.52337
b6146c36-e12c-4d95-b079-92f25ec6b863	41409	94.45531	98.53148
b614b571-7c32-4ce5-9796-a5751c4d12f2	36854	75.23707	90.18268
b618ce9d-5acc-4769-9bd2-f23fe65963b1	25858	94.70018	98.91821
b6202bfb-d503-4ce1-97b0-b84fcc730e23	38338	92.49036	98.12516
b620e092-81d2-44fe-be81-e52f324c2f84	28531	93.38730	98.87204
b622a442-317a-4130-9b3b-4cc388531319	41320	89.59056	98.94684
b623d076-33f0-4eab-be60-5b5fc5a341c8	24285	92.62485	98.20733
b623f533-ca9b-4867-bf77-3807e6835b30	39658	92.98809	98.42328
b62c818f-e6ec-4d86-8256-bfdd014d8c5a	30747	93.43670	99.01901
b62c83af-9ccf-4a98-9219-851b591891da	24408	86.83154	95.16097
b62e4b19-e0a7-4902-af59-ecf97c0d4894	46922	91.72411	99.14423
b6345054-9b8b-40e6-84e3-47ab98da9d71	62626	91.62597	98.23625
b639f743-1b23-4457-a3fe-ec4d10fd4daa	40908	83.33942	96.63422
b63d2ff0-643a-42cd-95a5-9cd343bd7c20	24007	83.19255	96.69140
b63e299b-e9b6-4754-9b74-61c034f5e087	24889	93.84900	98.90737
b63e95da-6688-4d35-a4c2-a1dd01601029	31173	88.10708	98.36549
b63f00f7-d1fa-4b87-b35b-1b13a8dde4b9	51676	91.32928	97.79539
b63fed89-81a6-4cee-a879-c8150da24cbc	55623	93.59462	98.79053
b64477a9-2b93-4cb1-83dd-6b5a0f88965e	50821	91.84826	96.58840
b6452c8f-43e3-42c8-a611-669f5be0e02e	46933	95.13919	98.75206
b6453c56-7311-43f4-9980-73e9cc255703	53985	92.97672	99.00764
b6468977-b9d9-496f-a7c2-81c768ab6839	24223	92.93830	98.28632
b64bbefd-2851-4a7a-a457-acf8740c700f	33828	91.16763	97.53454
b64f7bbc-ac9c-4d20-a746-1eeb52d15488	26971	92.83200	97.94216
b64ff370-1236-40dc-b665-48e2d61963e9	24570	90.62549	96.78643
b6555ee2-ddc6-4184-83f0-0cfe36937ca1	74997	90.78441	97.40483
b65899a7-5619-4c01-8ae2-3374d858078d	28340	87.82638	96.87393
b663e386-2c3a-4ad3-85aa-e23055317bf9	38065	95.39512	99.17239
b6653d7a-78a6-4d3b-ace9-045033d48846	22956	93.26392	98.74827
b66d7220-53ca-4f4f-92f1-c8dab64f918c	34685	94.83251	99.07254
b676b057-e91a-433d-a685-ef5fd34f61b4	46459	93.85623	99.10426
b6772ee4-92d4-488b-9c4b-cead994a596b	27891	89.36697	97.75886
b679ff08-d846-46fa-9797-133f264049c5	29173	95.04671	98.85526
b67ad4b6-b436-43d1-9287-e08787b6a926	33711	95.78134	98.93808
b67c6b27-9c51-4352-97b2-1241ad6f97c3	51457	95.71240	98.83403
b6802d24-1618-44f5-8c41-d781198cab98	26528	88.70243	93.08269
b6847653-911b-4729-8855-935d350f9c2c	40145	90.85935	97.42646
b6860af1-405e-4498-93e2-f673f9762364	82596	81.27207	96.23749
b6870413-9e0d-4a7e-bdbb-39fa98e9438b	22750	89.20322	95.72310
b6885030-44c6-4ff0-9d5b-deff2f8b5b00	31565	95.71593	99.28414
b68f0c81-3c23-4420-924f-e139739e2a55	24801	88.74088	97.15565
b68f488c-ffe2-4650-a858-c74f9b33ef85	54397	82.84273	93.95606
b698d9ee-172e-44ac-8458-40b0243b5b8d	35705	90.54018	97.89303
b6a3adba-8870-4d14-a3e2-a43f9d8fd40a	39688	89.44346	97.21143
b6abb482-030a-47b5-8daf-564aaa22ed09	28242	91.89841	98.96364
b6b7a12f-1ac3-4385-b108-89c19a863dc8	22710	89.03023	97.06716
b6bc1c9a-361b-493e-b7bb-34672ec69a93	26984	88.83592	97.84856
b6bc68ad-057d-4bcc-8fb7-53101721e623	46105	92.12430	98.37124
b6c0daa1-59e5-421f-9233-556c91a3fc29	34084	94.79122	99.07607
b6c65e4e-63b3-4929-a0c6-4161666d0a29	23068	88.01986	98.08233
b6c92f88-a49c-406c-8a3e-66cc4ef5c359	33963	93.21220	98.05272
b6cf2a3b-29d0-47f6-8d5f-5fb6fbb8a034	26824	70.94006	88.72837
b6d30d03-2d85-45cc-9b45-012f5229f118	27518	87.53779	96.77215
b6d4f0d1-286a-461d-80b8-45f0fb1767ba	39683	94.00813	98.77501
b6d92e7b-e2bc-429f-a0dc-fcf1533be02d	35311	84.50768	96.52546
b6da2a69-67e3-4802-a6dc-9adb155b16ea	33551	96.20708	99.69620
b6dc39d7-e8aa-4c4d-9764-73099691ed98	29203	88.65098	98.75589
b6e28c9c-7544-4e11-aad4-b87ca8156b72	75330	89.79456	96.35307
b6e99205-9429-476f-a8ed-86a4831b31bc	27800	90.05487	96.81546
b6eb25b6-17e1-49ed-8b97-cae5cf336a7c	34248	82.33658	95.22309
b6eb9bcd-7fe9-4804-8690-c74ef8d5079f	36899	95.98368	99.08479
b6edf960-e342-4877-9ca4-38cfe7d4a1d5	89832	92.76441	97.93201
b6ef4de7-3421-4e79-9f28-3aa284d9cd44	30127	82.84184	93.82357
b6f83704-e1f0-465d-906b-b4cf57f693f5	23977	95.63109	99.24803
b6fbd95b-8d7f-4acd-bd5b-91d2eee78ac9	24076	95.08197	98.63943
b70179da-05df-4c1e-a343-93e950273492	41331	94.67512	99.31156
b710e0fb-6d1a-4de8-84fc-977d1fe323ad	31404	95.21110	99.28046
b71c4f01-8c58-4fdd-b35a-e857d15abea8	34109	86.14885	97.17504
b71d63a5-7ecc-415e-adca-2725fbcc449b	43522	91.35380	98.67913
b7227b4c-5726-49af-88bd-9fb20a383228	26484	83.65131	98.03820
b72c29e6-9894-4a3e-b6e8-003ef0ccfb8f	46473	95.13158	98.95200
b72d0288-81eb-4ee9-b480-55f7cc49c5e6	23177	89.74146	98.74327
b72e32ce-6efd-4d9d-9e35-50b9f612fcd2	46779	93.39061	98.61800
b7336b7d-b23a-4fe0-9098-907049e8e657	44596	82.44223	96.76711
b734c8c0-e6e9-4624-bc60-264c7a293b79	42895	82.76917	94.36195
b73ac441-cca1-4eb1-9352-acb07314f7a0	40773	94.95847	98.86306
b748fb8b-1416-4a24-acf0-0088ceaf9f19	40779	90.74519	98.52824
b74a50a7-7aaa-4a96-8bc1-1b7a3a4c3e60	43999	88.50078	97.29945
b74aa9b6-78e5-4257-913b-fd435b3524d8	39847	88.08371	97.26014
b74d4ce7-03f0-432d-925b-1835b03ab4eb	33732	95.15468	98.72103
b74e4699-debb-4b41-b99a-467f8cd8c258	30327	94.17770	98.65640
b7528683-d509-4b4c-9c17-31128262624e	37040	95.71474	99.55020
b75788c0-34e3-4193-8b7e-7849305edd72	23903	87.42857	97.08667
b75d8d83-ffe5-4568-9948-2e6152f33e6d	36069	94.36223	98.70283
b75f5829-8e75-448d-b9bf-ce9a83402657	36295	91.80324	97.60121
b76aeff2-b440-49e7-b477-7aefda63c0e5	17615	95.72578	99.04644
b773117b-e79e-4d86-b9c0-dc203126942f	40634	88.52690	97.11460
b7805f1c-8bf2-42c8-88fc-1283659ebc57	22190	79.37373	94.42108
b7806b55-8aa2-4daf-a8fa-fad61feb8972	22928	88.32511	98.01356
b781fa8c-70fe-42d1-a7c1-af5e80639873	24945	94.14379	99.29319
b78877a1-b575-4918-8dc7-f97ed81e1d7d	33180	95.31398	99.17598
b78cf543-dcb0-46b7-8163-ff636343eb7b	24138	93.01594	98.33579
b78e0c74-bd1e-40e9-9fcb-52f64acf40e3	25386	91.25436	99.49290
b791413b-9f78-43f5-8f20-6994d7e8dfb4	45177	94.59348	99.42900
b793b0c0-ed29-47d5-8a10-6cbbec3ee1f6	31192	95.04773	98.76214
b7a3d77e-9210-4137-9c9f-a394b44fe467	25268	90.57894	97.34969
b7ac0a3e-ab30-4a1a-9dd9-c9b2eb4d52a1	56042	94.79252	99.16202
b7ae2b71-bc31-4d8f-9315-99fc5e4f20de	44710	94.67134	99.14253
b7ae98c8-95bd-438d-a552-71251e38f67c	33435	85.78813	89.37344
b7afbf8f-5dac-456f-9098-32e52daf2b0c	29800	91.65401	97.87970
b7b34183-9098-4119-a186-a1b1899b6f17	23358	94.61906	98.65632
b7b67a33-b192-4f88-be14-af56c3ee9331	23242	94.73418	98.99923
b7bad623-3df1-4af9-8074-a0a4303bfbb7	82742	93.71380	98.65510
b7bb0450-ebfd-4497-8b14-71e9f65a51b3	48885	81.83236	96.24477
b7bbc642-7a84-45bb-94e4-e48b511a2ac9	36024	92.22660	96.79991
b7be2bc3-1856-4c31-bafe-7d7dc0d98d3a	26695	77.17509	93.18939
b7c57b3b-f512-4cfe-9d8e-99573c8b7d99	41022	94.96768	98.64832
b7c64b85-0a0f-43ff-a644-e1d1cc7d5e7a	37189	85.56756	97.37747
b7ca9652-ec64-464f-baed-4c678d1af35f	28162	94.36129	99.34920
b7cd3a87-4460-4bf2-b74e-eff9082f4582	74953	89.81098	97.33035
b7d20851-6f30-4f22-b1b2-94a9c3247e56	42678	94.13187	99.57899
b7d2b53e-8013-46e1-8593-de00a1cd4923	41502	86.74682	97.99849
b7d6a73d-f035-4a8a-8d81-b86916a584e0	23840	90.13580	96.50648
b7db1065-9d06-4417-a1ae-e2ae4ab72ca8	39364	86.76191	97.36144
b7ddbdb0-af8c-4d60-a0ad-525841921952	31848	94.72386	98.64613
b7de2f8d-4580-4201-86b2-965de80928ed	66762	95.34901	99.20996
b7e20d30-e508-4088-88e4-32f465212d0c	52089	91.26537	98.07453
b7ee9d99-240b-4cf2-aa03-fe09c7c1997e	52259	95.17327	98.84626
b7f1ad52-8446-4e1f-85ef-fcfeb6d67adb	25528	93.76816	98.36769
b7f5a1e8-4b14-4f68-8aef-0a322008b1e8	23919	88.58502	97.07258
b8074faa-2cf1-4402-9f1c-15a48d1252f6	68734	90.85839	97.01992
b8075155-e5d8-4d87-85f1-58bd87efe417	44606	93.20817	98.74914
b80a50f4-de0c-48ab-a4ba-47f4c7731d97	22220	90.73538	97.37513
b8192aa3-42d1-4aab-accb-906345fd64b2	32541	89.44353	98.30277
b819bd10-2dd4-4e65-8de5-70b6164cd229	26510	92.38216	97.24541
b8206e40-6387-4a3b-a181-45bf862720ab	29165	95.25903	99.78383
b82b416d-9e9c-4995-a8b0-6c0646b4fffe	22902	93.69508	98.57773
b82b45c5-f987-4f81-a3a1-7f1b65995195	27262	86.99710	96.28987
b83baa70-ea14-4a1a-afb8-5e87002ed268	25328	92.32395	99.16735
b83fa3ea-ebd2-4945-9e12-78bfd38749dd	32592	94.29129	98.79683
b84126ca-9c43-42dc-95ac-c11aa40872ba	63273	90.15449	96.71017
b8461870-de82-4ddd-aeb7-6b4a2adcf53c	40987	84.37479	94.88751
b84c5de2-137e-4d97-a13f-f58c50ec35b6	61214	89.32202	97.33909
b8540fe2-3257-4c7e-875e-32de3f026a86	24705	94.30202	98.72721
b855c5d3-4c97-4c75-9905-6ba2bfbde24e	29478	92.72139	98.52872
b85d59d0-914f-408c-a966-f13cc45ee1c7	27592	80.09128	95.10018
b85e2962-5ad6-4706-a73c-7454e26a408c	26917	94.44586	98.66485
b8677de4-6c6e-4b84-969d-26c2bd1a658e	33280	94.95083	98.95712
b868c987-7163-41bf-be22-3da2cab031fd	33776	79.82970	95.28966
b8693f71-3f22-4379-b580-32141c5b4237	37948	87.89552	98.40717
b86ee7ff-b998-46a5-93eb-d33de3122931	60905	87.29373	96.09265
b872ce07-2bf9-45ce-8854-647a417d5409	27358	94.16955	98.86648
b873b5d2-6e9d-4bb0-9026-f00147aea3dd	22794	90.62170	97.97265
b87564b1-cf5b-4369-a5b3-785e066ef3b0	23516	95.51191	98.85722
b8767550-9f5e-48a9-83b2-721f5ee4f662	33673	94.10483	98.98642
b8774930-b6af-426d-936c-7de52fbe2bae	31912	89.93143	97.84609
b8780fb9-fd26-44a1-b8cf-c6ec1e78a81c	26259	79.76652	94.66073
b87eda72-a43e-40fa-9fab-e6f4ce2158bb	36192	90.28004	98.27948
b8851895-3db4-435b-8016-9f8a16ad4f5a	39145	89.15951	96.48988
b88a1b2f-6116-49f2-955e-555a92001beb	22770	93.29339	98.67235
b88b56ad-d410-4e91-8c92-72d47b9686c5	24395	82.53138	89.36796
b89019dd-1fab-4966-ab80-ba458bdb3930	34857	88.87855	97.71200
b890647f-a3f9-451f-be93-2c2e25e0e8e6	27754	91.99986	99.20077
b895dc54-9b21-4bbc-80ee-ae8f61a157e8	38611	82.17663	95.68512
b8992701-d955-4d24-945e-2c2755fdb5d5	33085	88.26218	97.92452
b89dc01a-c591-444d-a2c5-3adf72de4b15	36201	86.30370	97.15839
b8a709f9-77ef-4008-b1b5-d0fdd7176982	23457	94.24007	98.86263
b8ab2c21-d97f-4ebe-b24a-b8147a3f08f0	49481	91.05269	97.48639
b8aee62d-44d8-4abf-8b75-a090f535feb2	29448	90.69388	98.02959
b8b0e773-b8a0-4516-bf37-9a33cb3385a2	29190	84.34410	96.25364
b8c9ad6a-2fe2-4172-ae3a-83b25a579f49	52354	86.35112	97.26931
b8c9f679-02d9-4c2d-a1eb-aad6fa9ebcf3	40689	94.75297	98.27966
b8cb44ba-0a2c-4e90-b13e-7e6ef41ab41f	30704	87.23398	97.31631
b8d1b41a-3b3b-4a07-b5ad-647d72bb99e0	18290	83.73653	95.05817
b8d59891-e1c6-45b1-89ed-cde50da10b10	39749	93.26142	98.57281
b8d9c1ac-17b4-42a3-a410-24695215c6ab	59261	91.87152	98.35646
b8e18540-44ef-4cc1-ade1-ce50aa16c434	49329	95.14131	99.46655
b8f6169d-bd7d-4190-a656-be2db0cfb57e	24951	88.71543	97.84756
b8f841cb-57c7-4950-be2e-4002de4143ef	27284	83.69197	95.72279
b8fefd1d-db45-49d3-9971-5d5ae61fba77	41188	89.12729	96.13009
b902a8d4-2bb6-403d-8037-f28ad3eeb00b	25760	95.69252	99.01605
b90904f3-afea-41d1-bc73-4cf827852e26	38795	91.00483	97.23010
b90adc45-d884-4d36-bba3-b7512b7e5709	28042	95.40552	98.98403
b91101c6-f7ed-493f-99de-6c9ccff31bf7	30481	90.35162	97.38746
b9146bdb-d99c-4426-95ce-ddeea5c39b2e	23448	95.78369	99.03402
b915395d-2bcb-4ef9-a525-16c2c32cba71	41890	90.22124	97.67301
b91b38b0-6284-4e12-8023-d23436ec2b59	29416	93.00238	98.66779
b9251462-cead-461d-8ee5-30e665f028a9	25393	85.80042	96.95414
b9289a77-0bdf-44ed-9a95-87d9ca02afb6	29363	90.52707	96.32578
b929a0c4-9116-4c22-aa7d-44630e1613ee	32121	95.19178	99.06320
b92b1533-9f25-4407-9ab7-babbafcc434b	25395	91.27575	97.57179
b92feca6-4964-4e27-a927-6d0cdc346f16	28879	93.92547	98.80952
b932ce40-b603-4d65-b9ad-2f290f888af1	43740	84.93665	93.00903
b935311e-4486-4102-8125-11a85dc1f952	32854	87.60998	97.84082
b93da07e-b1ed-40ff-96c3-ff5bfe5ed970	64213	96.23949	99.13413
b94034c4-1905-4686-8c35-6edf9c66eba8	27221	90.35419	97.76881
b948d0d6-37e0-4aee-b37b-bba1b115102c	36016	80.10731	93.15452
b9497d24-e9ab-4088-ae26-c7150e36405c	30535	90.94061	96.72267
b95c071b-e442-44f0-9767-1ff81571f290	26397	87.42309	97.86369
b95dca9b-d022-456d-b2e6-f843f4a28667	33703	93.83179	98.81831
b9620da1-6632-4956-a2d5-3465926739d1	32987	94.13175	98.78133
b9671bbb-efc8-4c2c-a2eb-7db0ffec0d1f	34695	93.59838	98.94246
b9675164-dd02-44ab-a34c-22df2ecb4ea9	33215	90.14154	97.79892
b968b32d-9346-45d1-bade-159a1c1ca0e8	25621	91.62777	97.90508
b9719830-866c-4771-bda2-6ebe7db27d5e	47584	91.44028	96.95442
b97b7245-d8c1-4e46-ac54-6a2632ecee18	26425	92.67986	99.14475
b97e0c25-0656-4152-9c7e-2e48063aaf7e	38012	91.97216	96.92331
b97f5e18-b9ac-42f6-97c4-382cd6b85f2b	33821	93.63419	98.73899
b98237dd-883f-4908-b77b-d3113cf24920	23897	95.50881	99.18388
b98981d8-c895-46dc-9e69-4b89d0437ab1	23418	94.22018	98.46057
b98f1053-f27b-4de6-815f-bb90482ef616	24879	75.32361	91.47085
b99127b0-6228-46e3-bb36-bdc1402f4479	26573	90.01618	97.28708
b994024e-d313-4587-a668-17656fe0a9bf	31500	94.45514	98.73084
b9960d95-53b2-4185-933b-f826c969ea92	27404	94.44027	99.03578
b999d566-8673-47ac-a4e1-3c97c8b72738	38874	92.72923	98.94425
b99e0e32-dd20-4f08-b8f7-704d4f486f85	27091	87.23509	97.45395
b9a27c06-e4ac-49d5-912c-29a665ff72f3	29279	95.66357	99.23547
b9a7283b-f998-4c54-81a4-7c3ca03d3fa7	49790	95.11365	98.91960
b9a81aee-5792-4749-8060-13e87b919b54	41677	93.98829	98.74932
b9ab963e-c12c-4fb6-9cd4-a44e5271b7cf	30591	93.24776	98.71571
b9acc402-b18b-448c-bfe7-6d002cf736a3	36426	89.96528	97.35114
b9b09211-cf2e-403e-b71d-45bac4f83e5d	34827	95.54739	99.31977
b9b1ef06-354e-4604-89be-eec9a2f0c9eb	27027	94.55612	98.73919
b9b7c429-8778-48e3-8377-ff459d340772	44179	92.32964	98.77063
b9b90f04-9bdf-4d86-81cf-51f0519b4db5	25165	95.99077	99.06014
b9c74b5c-f55d-4e2c-bb97-8546b299d747	44370	91.35243	98.05636
b9c8c22e-563c-4678-8f86-8b5ccece9984	57749	95.69722	99.15215
b9ce568f-ed65-4222-9d32-cac1679511f0	25719	96.04416	99.12630
b9d6fd9f-f67e-441a-85b7-bc9d79872ebe	39076	77.93682	94.52683
b9d87bb9-b15c-40fd-81cc-4b225acf1110	27408	84.32131	96.63548
b9df2e9a-d933-4716-9814-bcd3eb04e26a	34430	95.02251	99.07140
b9e48751-a1fa-404a-b9f9-66c064810436	36515	94.59264	98.66764
b9eb0dbe-45e6-42b3-bf48-d6e4de97ebc6	10802	93.97427	98.36966
b9ee243b-c343-41ff-9c4b-67cfff284f51	24659	96.44243	99.18886
b9f3508d-3e1b-4062-9486-16725a14034b	34101	88.49278	94.31075
b9f3c588-02c4-4305-9909-5595a06e5ea4	35446	94.46796	99.14235
b9f3da68-0fd3-49d6-ad0b-137d69d4f138	57025	89.74295	97.66839
b9f3dc70-424e-4401-9c93-106c7b9288d2	32758	78.72954	96.21991
ba0567b9-23ee-4e14-a660-0e74b535d3ce	34661	83.90761	96.52150
ba0726b6-f5a5-4f6f-b274-96e616c2dfe9	24930	92.44325	98.97170
ba0dc563-f28c-401d-82ce-0f6977c6ce1b	27533	95.14473	99.03700
ba107933-692d-4bb5-b02d-ae0d23ef2b54	46701	83.98769	94.60266
ba1395c2-45d1-4fd2-b3ec-f24c5c64dcbd	25043	86.44851	95.92135
ba192826-8047-40b4-b220-4b35f93fb2d3	25911	89.00370	98.37426
ba1f53a2-f971-43e8-a376-f11de4b758e9	32951	90.88839	98.16640
ba2127c4-f8ae-4284-a0f9-602cb72be65d	52375	94.47154	99.18072
ba21cbfe-00de-489f-8092-bca8d7b67f12	44979	92.95495	98.47794
ba2bf2e8-4f9a-4618-910f-c08123d531c7	29176	93.34156	98.53389
ba30f671-1a41-466f-8c68-6650f70b4ce2	23018	88.69457	97.60922
ba3377bd-a502-47fd-be75-a7adf1cd9086	45940	92.95979	99.07648
ba3b4ddf-6fe2-4b9d-9c11-c4a2b83d76f0	29324	88.17316	97.97109
ba4403e2-2b98-4d79-8e66-7950bfa02a18	32995	95.41446	99.18653
ba4ad7f6-81fd-4bd7-a14a-4c798a51d60d	26970	91.53517	97.71051
ba4b8d60-b6ba-486b-a812-f4c85c4da6e8	23449	74.99906	91.02079
ba4f6c44-893f-4e63-981d-9f0305e96a57	37860	94.06736	98.68885
ba50cf79-b08e-48e2-b6fb-0630b37aa738	38951	96.04400	99.60038
ba554c2c-075c-4605-841c-f44431a22abc	22733	93.86134	98.50013
ba5f9b76-f2b4-4611-b83f-a22dee4a53f3	26467	93.89673	98.59892
ba5fd2be-e284-440a-95d0-3434ba1fb5c1	30864	90.18064	96.93141
ba617188-c65a-4f08-a13a-8319c090651e	43876	87.62700	98.06852
ba650a2f-0b4c-4477-a1b6-8c9ebf5b8ddd	28381	89.74081	98.27736
ba68d7ce-1a81-4550-8a3c-0a6cd438ea17	22547	92.30537	98.89089
ba696457-a672-4943-91af-137121be9a56	22519	95.78152	99.57810
ba71a81c-2c84-4720-bfc1-6b818f760120	33091	90.72514	98.36163
ba7fbbb0-bef9-486a-8bd1-e664956dd9ed	32782	91.89844	98.53845
ba8417a9-f905-41fc-9cc4-b6218b8cea9a	26289	86.79001	97.04105
ba96b12b-9ed6-4501-8750-7e36f1b2e867	37481	95.61346	99.35175
ba99057a-6b72-44b2-9d21-fb40b2c38429	22663	87.28612	96.44932
baab343e-f1e0-4c16-82ed-de34afb10bf0	52567	94.10108	98.42094
baae4edd-6610-4917-8262-d36c0dce1e8f	29264	93.23949	99.22130
bab38f80-d372-493f-93e6-140297d5ff1c	27462	95.80961	99.03439
bab3cebb-c361-451a-b3b3-1d596bd91f85	32939	90.92318	98.36316
babc8ce5-21a6-456b-a240-c60f6faeaec0	44006	94.46999	99.05142
bac1f753-b735-42fb-9627-ada2627279e5	50202	93.85795	99.40703
bac43f6e-fbbd-4a14-ba18-9c263683baa2	25549	91.93542	97.73556
bac609b1-d1bc-4d13-a205-74bc1a781f61	26132	90.22884	98.35391
bacd74da-e256-4430-8072-415f519a24bb	43110	91.19530	99.14254
bacd837a-737e-4b7b-a89d-dba0c3117542	32528	94.77587	99.07487
bada2299-af45-4f48-be61-124294617f2b	32235	93.41511	98.90732
baeb5b68-fd36-4d8b-8290-70f563d82e97	27344	80.50924	93.87643
baec0920-4729-40e5-8ba2-a1ea403b47c8	22319	95.93467	99.04253
baedc24c-80fc-47c3-a72a-e31554c27d69	37666	86.87467	97.92715
baee47b4-22ea-4025-902b-a5dd4effa50f	26726	92.08362	98.12705
baf2741b-9a76-4cc8-b172-97669b9f4028	25393	86.62776	96.02518
baf6d798-b6ec-4797-a6d4-7b5be683e23b	28876	94.92818	99.36517
baf835dd-6098-43de-a785-629e5628ef06	24073	89.43549	95.73424
baff8567-4e47-45ec-bb9e-b2b64ce10874	26852	90.67607	97.08495
bb0bd1c1-75fc-42dc-86f3-ccff4c392f20	38994	89.97972	97.03617
bb0d140a-7196-470f-8be8-a87e9989b0eb	28761	91.14084	96.67273
bb0eec35-e9ae-4368-8dca-caa5263dc67e	35392	93.00187	99.21045
bb115c03-db50-43d3-84d4-b5a7382811f5	23808	94.83640	98.88296
bb11f03b-bc07-4930-a67c-f6cf72f32e41	29703	88.20257	96.54094
bb17ef5c-e684-431a-8118-5004fe837008	37662	89.82468	96.85904
bb17f748-ed70-4616-8488-a777e4e46f0a	38324	90.32395	97.07525
bb1b7014-6e02-4eab-af81-27c597a94186	45749	88.86564	98.07370
bb20cd69-5760-459b-946f-aab5951ca8a6	23647	95.33414	99.07937
bb231467-de7c-436c-a4b6-2d1e8f404637	27123	95.20709	98.97190
bb2e2f10-76c6-47b4-a084-cc6d08e1c274	27857	92.10353	97.54666
bb31e65f-d399-4503-acaf-8c8a56d90990	24179	96.08836	99.41844
bb3599a4-6834-4a89-8991-8eda0ba6a53b	36742	94.50182	98.73687
bb365707-e0e0-42aa-b9fe-b0639aa12a2c	24427	89.60079	97.99750
bb36ea6e-5ead-46ec-865d-f43c5361a860	34692	92.78218	98.63471
bb3d2c03-e25d-4769-bc09-329b7662b46e	22561	89.20000	96.70826
bb3e327e-be3f-42d9-af60-6937bc9c5ff3	27383	93.06670	98.42134
bb3f3c3c-7add-4840-9a9f-c9bfc657c6a0	45332	84.37668	96.56573
bb4c3cb1-b278-40ce-b196-432ca626075c	49638	85.31434	97.91770
bb517236-e8b2-4217-b527-acf050408252	36683	94.69818	99.14412
bb59256b-0557-42bb-acb9-42465e44d624	33380	90.00716	97.54840
bb5c5233-3465-43be-9b1f-9bb7cf34c7d6	48204	85.49986	95.41397
bb649de9-452f-4248-9f0a-b9c7f584598f	27376	81.78701	96.03479
bb6fa619-57df-43ab-a3f7-f1e2be8c5847	37495	93.11136	99.31256
bb753c8f-81b2-49fa-b209-73b27617eae4	44344	95.19250	99.12882
bb75ba67-4d2c-47d2-a540-06d3f0776518	56569	94.65840	98.66494
bb7cc93f-2bf3-4b91-b43b-9263c6f59907	18485	76.20791	86.06933
bb7f4473-c7dd-4528-a780-cce3dfcec434	22613	88.63895	97.40630
bb8098c8-69b5-4da3-a1b9-1f98ecd6527c	30158	94.74556	98.86591
bb816551-f4f4-4f81-aa2a-739090eb8071	34495	95.06405	99.25306
bb87934b-a060-4d10-a794-1609db7d1f4b	56960	95.91587	98.94429
bb8dbf5f-1a84-45d3-a4bb-82c0b9ce0b32	45000	90.75297	98.49495
bb8e6272-f86d-4ddc-98cb-3bb622278d22	31928	94.45905	98.55216
bb973c62-47e3-4ea6-9cb7-d8c94f664433	50987	90.86674	97.56233
bb99a291-8095-4dd3-b407-b3a0c70fd754	34063	92.98006	98.27168
bba36a8d-8fc0-4b0a-8d2a-d614c20ae87a	28750	95.17218	99.61794
bbbcebd2-5ee0-4920-8cbb-846b2d9dcc51	35047	94.40330	98.49633
bbc1857d-400a-41b8-806c-9173ebf30c5b	27504	92.85562	98.99975
bbc224a3-c5df-42f4-af73-3a2a1f9a9cd1	33552	74.39105	92.68326
bbc83e1d-baab-4fb8-b818-8e6e9c94bea1	24820	94.23168	98.89956
bbd65ed3-6c88-4570-89b9-963660834cb9	51649	87.82274	97.86018
bbd7d56b-6173-4470-bb1a-ebd3d4f122a1	26590	95.83133	99.12051
bbe3532f-f87a-4a9f-a301-29dd5611f0a8	60938	95.15465	99.05266
bbe82577-3122-4ae4-bd74-e7e8cf5f960b	36593	78.42951	91.40694
bbe97297-f222-4f22-86ec-1ef8f0409e7f	31814	94.39483	99.17182
bbead6e5-0e10-4c49-a11d-34968f5a017d	43039	87.62005	96.67447
bbeb4b80-2506-4597-b800-d075e62b2bde	46835	94.96349	99.16246
bbed4339-e863-497c-9e1e-23097a9afe52	26877	95.70018	98.77635
bbf55f89-3a7f-4e30-9c13-59cad91efb1e	34236	86.44942	96.64808
bbf688a2-c105-4778-9b42-56666cd2b82c	31407	96.06082	98.98387
bbf7c510-ed9e-4251-b9a9-68cd5dce7b1e	29562	90.61243	97.53475
bbfc8ff9-8efc-4908-a241-f7f7b1c5d1d8	34772	92.22225	98.19776
bc02c467-7cb6-4197-ab57-8dbc00929ba0	29117	94.08324	98.95393
bc05304a-fdcf-49d5-a963-fe7e98eb65b5	22336	95.99488	99.34845
bc0690f7-d6b5-41c4-9680-efaa2b4e5f14	22363	93.83950	98.72846
bc0a0a7b-6bad-4c50-9d96-c0075e0df4bf	33443	89.71475	97.60691
bc0ef0e6-b9aa-4a6a-9a34-ccbb1d694939	21897	83.75307	93.11096
bc1289e3-6e9b-4b21-8119-7f2d529dc595	62996	94.38190	98.75702
bc1cc131-40de-49ca-a607-7c0373bd190b	25435	85.62065	96.01106
bc2da13a-e1b3-44ef-a828-23c78f5079e4	28247	94.89583	99.63595
bc2f07bb-c20c-4730-90c7-f4b533cccdb1	24253	94.97530	98.97232
bc36af7c-3202-442a-b845-ff730186d95f	35231	95.42577	98.90741
bc39a63f-5d54-48d7-b0dd-31fc1df4257a	75669	87.30509	97.53891
bc3a3b72-7b39-464c-b32f-f5687b8b9d63	36494	90.81314	97.28631
bc3b6f22-194c-414f-8bb7-dfa371720896	25170	94.03264	99.39795
bc3baf2b-007f-4fdc-b238-5747ffd329f9	25808	95.88325	99.25920
bc42c06c-4bae-42b9-ac33-374980ce1b34	29552	81.94845	94.93970
bc51c181-df7c-437c-aa33-2c8e44edd6be	35053	95.62765	98.99431
bc56f84c-f0fc-4b56-a0fd-d3638e59001b	26986	94.53627	98.90793
bc573ce0-fc54-4afc-b2bf-47e217eedfc6	27550	78.05023	94.18425
bc575a71-9cfb-4012-9e4e-1a6fbb1bba72	35468	94.58332	99.00420
bc5edb99-8409-440f-988a-cf382652b264	43484	94.75287	99.05656
bc5f095e-98ad-4998-9abb-e375b5968272	27290	85.67110	96.26403
bc60b671-4cb5-4129-845d-1013f1a4883d	23554	89.94201	97.81710
bc619fe6-238e-4322-9b70-8a839f93d5f5	28767	84.78432	97.08215
bc67b4d3-3aca-4158-afd1-376a540d83f6	39248	94.63796	98.80208
bc70ccd7-1a6e-42d3-ac23-28d2680d9302	27377	86.37518	96.30597
bc7bae34-4d37-421c-a04d-71eba5715e58	25326	87.80176	97.53167
bc7efff1-41f2-446a-af2e-fac6569cf08b	47808	92.17430	97.59315
bc8678c4-b927-4d1a-b7cd-0305ed3bf3ff	32696	95.55830	99.19720
bc87e3bb-5cd9-4055-a360-ef090f09924e	55452	92.86828	98.55999
bc8b9cc1-fa0e-4147-a6f7-78273bd9d7a7	26239	77.23289	93.20371
bc929321-6b13-4e84-ad39-35524000bedd	34913	93.98719	99.05596
bc92c96a-3a03-4ea9-93b7-23300d957103	31891	95.57549	99.18074
bc9b7c68-a75e-42b2-bd3a-548b5f15ea46	32028	90.97302	99.41180
bc9e8c1e-ddcb-4816-9a6b-c84db37c336f	41112	93.67308	98.77714
bca7c4a2-0666-434c-bb29-d9d9a6506106	39142	78.46294	94.97217
bcaa2226-b328-4009-a8a0-dbae50b23f30	27113	94.91084	98.90214
bcb33d92-614e-4ef9-8603-7fd1e4da190f	53912	92.92909	98.89379
bcb89b83-7bc1-40a8-b3b7-39804206f335	34143	84.17043	92.59823
bcba8a8f-6498-46d8-b82d-34701acb1d08	45518	93.96416	99.20923
bcbf0dac-5c4a-4c6f-a387-3da177d52681	36639	95.26151	98.79476
bcc054bf-6763-4c22-8e62-0df659f1091c	46768	95.14038	98.99271
bcc75752-83d5-4f36-8521-0ed81e59f0d2	35844	86.50112	98.64417
bcc88226-5afe-41cc-b3e7-1236fc667e6d	26449	93.68056	98.74930
bcc89856-6276-4cf8-824c-ba78180f30c6	57706	95.20750	99.18594
bcd2836a-77f9-4c3a-908d-c4dd34988fad	48187	93.67048	99.07686
bcd344e0-d39b-4e71-a7fc-28d7be1f6bed	29274	89.37348	98.14061
bcd35757-070d-441f-b8c2-0665eb74fa0c	22516	95.40622	99.27876
bcd9a402-dd6b-4924-a73e-9b660e29f521	26183	84.92182	95.31997
bcdbf3df-27c6-4ace-b7d6-8a35f2201340	46708	95.62671	98.77356
bcdc2b2b-9a26-4b5b-8eaa-3218ca685616	31046	93.82467	99.17663
bcf08463-c595-4edc-b5ab-e21833610357	51875	89.47301	96.96919
bcf7cbde-9f01-4e36-b676-589e48725a52	63491	94.42034	99.27354
bcfa8bff-5346-4c14-a3a8-73da8b8f6441	28096	95.00995	98.98251
bcfad231-0e1e-4bc9-bf37-ab2bdc0ef975	29542	93.11579	99.43972
bd017b35-ae10-488a-9cd5-8e8a7dd5079f	28884	92.10911	96.97898
bd0254be-921c-48f8-aa8b-e1714039b2fe	24552	96.36664	99.30976
bd04ed61-d245-407d-900c-23b6fcee4ab3	33989	88.94433	98.30646
bd0e47a3-adab-4a21-a796-c54e7a5aac03	26734	93.56873	99.38863
bd11e97c-3a00-4a23-af96-8356614868fc	57917	91.71381	98.71815
bd12ac41-7a36-4ccb-a347-fdd58e368fa6	37884	75.63667	84.93154
bd1b5abe-c2ca-4602-8f3c-f323769e6968	9344	83.27316	97.39376
bd1d1819-fd2f-4991-9153-f4dbb4a4766e	29219	96.28979	99.22700
bd24f86f-d227-4bae-aeaf-d1ce651176bb	33341	90.50304	98.06893
bd251468-115d-4e04-a3b2-d7f23da2c560	38370	90.02307	98.41164
bd2809a5-1d43-42cc-945b-737dd93b69ff	96211	87.50667	97.62125
bd3162d3-ff43-4208-92c0-534b82619090	26656	85.87984	97.62841
bd3d765f-3268-4e29-aae3-96be195c112c	28493	88.16838	95.92616
bd3de064-1c6b-4de6-b3cd-eff49aaa4156	23919	91.17850	98.83436
bd3f08f3-5f1d-4998-82fc-7a8b1117de63	30426	94.47188	98.60610
bd4246f1-aaa3-4115-a09c-acda24557a8e	43952	95.43831	98.90871
bd441671-35be-446f-9b49-e59302bda8ac	34715	93.35900	97.93852
bd48aa04-ce30-46cf-9f15-e8b81530ad59	39998	87.85454	97.23556
bd4ba38b-b3df-4382-9746-1b4864fcf43d	38034	92.06511	98.72065
bd4de434-9906-437d-bd35-5a2ddca00396	27564	87.84473	98.15357
bd4e350c-68a4-4702-ad1a-ae16334e3dde	31542	82.57423	96.35683
bd4fc32a-a456-4d78-9db6-ae8c74b2feeb	60044	92.69851	98.60874
bd53ebfc-ed6e-4184-8028-f30f051f7a65	50624	93.58804	98.44919
bd5d3906-7e23-4d88-b77d-a4da2690f5ce	24293	89.00353	99.00970
bd604816-db55-4d8f-8887-4a34ab860da2	62040	93.64162	99.06469
bd612214-a898-4550-bde0-961e4c0a0a8c	48627	93.74410	98.97834
bd61311f-dc15-46bd-bd0c-5b92910117bc	22503	95.57239	99.41466
bd6c5104-d53e-4bea-9f4b-aa7753caada1	36535	95.67534	99.15969
bd7519c7-4161-4bae-bc96-1a4c442f1ce8	33758	81.40812	89.82111
bd768fff-0506-4ea9-aced-c094bfbc604f	47080	86.23244	97.54083
bd7ad9ed-d13e-4d24-b069-8748724cc0f0	33158	92.18882	98.18862
bd7c6125-3b1d-4c80-bfa4-b8fab8d787f3	29187	90.82201	98.44046
bd83623d-4198-457b-a112-addc2bd0bab1	28221	92.08667	97.77531
bd844a5a-4f1a-49c9-be14-2208c3d499b9	50891	87.49581	97.38048
bd88d476-7616-448b-8085-d8019c8537cd	33922	94.34848	98.63321
bd9140cb-41ae-4b3e-a564-dddc8ecf144e	10342	96.57587	99.35216
bd928939-007a-4be0-a357-6e7ebaae1250	23996	92.26660	98.56082
bd92d7d2-bc22-4335-8f58-9568ce519029	28567	94.09492	98.53363
bd92dea1-ada8-4ce1-8adc-70bdf72f5024	27219	95.21869	98.97888
bd9406c2-7db0-428d-a932-c3a1bfd9f328	24743	90.41403	96.90819
bd9a2512-4d57-4eb7-97bd-b1a940050c78	27323	84.89431	93.93850
bd9c2c3c-51f5-4faf-85ad-bcd29878261f	24812	93.53048	98.94808
bd9d54fd-285f-46dc-8ef5-7fe5dc37ef14	32907	94.44610	99.10857
bd9e8a60-47ca-4d78-a473-d6d331d98238	31515	83.85815	96.35829
bd9edb30-5c4e-44ad-8da9-056c16cad8ef	57982	94.26681	98.90859
bda8d850-bada-44db-8311-af2559134ea5	43641	94.78501	98.90579
bda97124-3056-4ec2-a6d5-748970c6a221	38674	85.58210	94.52928
bda9df3d-5586-4a15-9fb9-fc0c417dfcdc	38177	86.94517	97.35463
bdb051d3-49d9-49e6-9e1d-fefa0f30cb72	39169	92.98805	97.88912
bdb79f20-042d-4058-a743-78f7b26102e5	35603	95.35540	99.41512
bdb8f17e-2540-4314-b9a1-2b289f86d5f3	43913	79.63168	95.57277
bdc221c8-6e99-4559-9fc1-410ec594e90f	24604	90.22208	98.54053
bdc60cc6-e04a-4b2c-bd9e-efefb5ad4fdd	28288	90.86622	98.60189
bdc79d88-abac-4184-9361-d780b9b1b36c	26475	95.88644	98.96934
bdc7b700-96f6-47bf-bcfe-6a3574ac823c	51297	96.14344	99.14636
bdcc214d-bb38-4b23-9895-9019830219c9	34675	94.87993	99.10266
bdcca32f-a415-4645-863d-69eefcd86706	28685	96.38517	99.16328
bdcdcd56-9792-493e-b743-b724f7487e36	48804	95.31143	99.02072
bdd6a2ef-1800-409b-86ae-19fa08721346	31209	91.60529	97.71529
bdd7a4c3-165d-49fb-b060-5df40f11430d	27900	90.28322	98.61042
bdd874de-2857-4aa6-aff9-845c24a01bb8	30239	93.74093	98.73032
bdd93834-6b3d-4771-ac16-bc9e752b4f5a	29058	89.75015	96.36975
bde22807-fcf9-467c-b1c5-9bbf7fbdd1e1	33240	85.70209	97.25215
bde4478c-b80c-4796-9fcb-4aa852dea7f0	27419	92.50644	98.38895
bdef2f5a-16ac-4adf-9f64-42215f94251e	46224	86.64975	97.17998
bdeff6c2-ab2c-40d6-bb7c-8a1e4ecf94d0	40027	81.78028	90.02006
bdf5369a-007f-42a3-b68e-e300f6f5c902	35656	94.73757	99.19447
bdfe618d-08c1-40d5-ae28-390ba0978f9b	24502	90.62659	97.15208
be05e846-b701-4a16-8b25-0896093ccd6d	62535	85.48017	97.01172
be05f048-3ba8-40d8-8a8f-c009bd92fe72	39324	89.19867	97.00692
be067aa1-06cf-445c-80a8-ce61dd8f85b0	22362	96.26082	99.30045
be13fbe7-f56d-48d0-82d5-0cc76dd3d7de	23246	92.97701	98.79292
be14837c-db43-45e8-bfec-eedf1ed4ba83	22655	94.65883	98.92633
be14b266-81d2-4cbf-b037-1def2623ebbc	23718	90.25761	97.81979
be19fb17-4068-4be7-9e72-7da337b59be5	39824	94.38014	99.07516
be1dc3b8-9c4c-4e21-963e-7e1a3fdedd54	26070	92.37902	96.79413
be2330eb-0622-4a31-88cd-7174106a108f	93	0.00000	nan
be262ca1-58cc-488e-bbd5-85a752dabb4d	22446	94.10330	98.86424
be2a16d7-d4a6-4d83-89d3-da4b1c84921c	50150	95.63223	99.19190
be2d6fb0-a32e-4607-9bf1-40c26e87eacd	25759	93.93767	98.76914
be2da352-94c4-4cf8-a56d-854079ebbbc9	31310	89.70584	98.82558
be2ffa57-3e29-4761-a8c6-2e338f052bba	31073	84.02074	96.64038
be33cbf8-82fa-4a02-81e3-8911d05e6b08	12704	91.83689	98.24698
be349b74-84c3-4714-a46b-034d45a49c11	24422	87.69636	96.50508
be34c0a1-4666-4d55-9677-502ad598ff19	41240	90.38092	98.63168
be36f73f-9f40-47bc-90ea-d49a463991c0	34940	85.77856	97.43188
be3a3925-d987-460e-af33-359a3a19f8a7	28837	85.84549	97.61492
be402383-7090-4bc6-968a-5c0f94428cf3	49188	83.02127	96.55518
be408d87-70fc-4b2c-9c08-84a904a4f467	60891	94.64856	98.80579
be4cf1fc-d7cb-4634-b904-eb14b3b59fa6	37450	94.20713	98.92809
be4eae1d-6853-43c2-b2d7-1ed317141f91	39599	94.87091	98.76296
be55d3d2-92dd-41a6-a8ef-aae87f189214	37949	94.29043	98.80166
be597f26-de9a-41a8-a3fa-af98525d8349	48781	94.90877	98.76067
be5d3b7a-4562-4f72-a6c1-57bcb971d3cc	54719	95.53384	98.96937
be5fd41a-c819-4171-a205-4003bb5c39dc	32674	95.11211	99.27205
be5fec47-5522-4891-b6fe-6b0c8408ab91	33962	82.06418	94.69385
be636cdf-65b6-45c2-900e-06073cb7b841	36796	93.92132	98.74156
be6e07e6-9346-4343-ab2f-b7c9e64b3a99	13625	89.52813	99.77941
be70ea46-faa7-4ab3-933f-b698ea9d13a6	42179	91.20278	97.22087
be780a2d-145a-4080-ac30-293c8722ab97	34249	93.83552	98.59187
be7bc668-28ce-4c62-8499-6804c7ab5a56	22376	95.38522	99.01861
be7bfd97-0600-4786-a343-085d82249175	30839	87.58661	98.30947
be7c4c60-4395-4e73-98ba-ce3735aeed7e	34025	92.19022	98.55737
be7cdb15-3647-41f7-a97a-46a7f28922c8	26403	87.87670	98.18433
be8002fe-1840-4ab6-bd76-3a19df264c2f	41488	95.77895	99.07886
be845838-4fdd-4e95-876d-39e39077019f	31079	95.85496	99.15314
be873f56-f093-4f2e-9351-4bc5b4f278d7	23700	94.85133	98.81610
be877478-581f-4042-8d51-e826db2216a9	26292	87.26879	96.82921
be955533-c0a7-4c1b-adce-79c84fc84f60	29314	96.04263	99.26331
be9bcdcc-2a70-49c6-89aa-d6c5ccc92446	24369	92.62818	98.37619
be9bcdfe-e98b-412c-8e3f-06f51580d623	2500	70.99024	88.42795
bea74665-328c-46e9-b7d3-ae90a8612973	27351	90.72592	96.46659
beac0095-eda9-4602-84c5-025ad68b307d	27699	89.66925	97.40984
beadf6c6-3cae-425f-a650-4abe70bd1d62	31169	93.91234	98.80801
beafe189-ef5e-4da6-b8ce-309deab8083e	22066	80.71697	94.70779
beb409f3-02bb-4575-88f2-f62612e38644	25460	94.98536	98.75457
beba26a3-5638-4eee-b335-3e493ba627cd	35774	89.74917	98.10719
bebc1222-a731-40cc-9329-55171d9bf5e5	51774	95.21104	98.97768
bebead51-8939-4635-95f1-c2a650d34351	23997	94.56468	99.00290
bebff117-e2d7-4dab-baa3-7cf35e18611d	41520	95.12432	99.12140
bec16dc7-1705-4d49-b72a-536515164285	55928	93.59650	98.59309
bed3178b-7dc5-4b46-8451-8c8c3b04ac6b	41069	93.84168	99.35731
bed392cc-ce96-4460-a57c-6c2d1237c7bd	50329	95.04383	98.67292
bed73d11-8b9d-46d0-8d0e-780ac1b5013e	29663	90.06495	97.07186
bedc8f61-8527-491b-9963-a24aecf55ca1	29663	76.42731	93.36105
bee7da13-6d89-4533-b1f9-affd27ac1a70	31722	93.06922	98.45345
bee80c84-dc28-4889-a336-e552694dfb5c	23274	94.80027	99.09868
bef35fe9-0ae8-4918-8c68-862a1de907c4	73016	95.07717	98.37295
bef3d36e-2b70-47ab-8e9b-51e91a890f4b	39268	94.09460	99.27055
bef43b6e-ffe7-4c75-b14d-f2e1b52f35fa	25744	92.92975	98.56830
befb2a72-b86b-444f-befa-9a8afefca9e3	43905	93.35567	98.99492
befbf4a8-71d7-4545-b561-a77efa409a54	21376	92.04489	98.99271
bf033476-1714-4ed0-9f90-33ff8df296d3	24855	94.83420	99.15946
bf042517-73b0-4977-bfc8-ef9bf86dda29	31150	80.44544	92.76198
bf0a9be3-b03d-4b11-8388-6d1b25e99ba0	53811	95.80055	99.36005
bf254239-6eb8-4936-ac69-f9e12e6a14cf	84193	88.45834	96.11072
bf2be860-e7ce-4ae6-83ac-f99924b70e15	33093	91.48459	97.94677
bf2c074a-b49e-4050-baef-f5a84c065386	36061	93.99605	98.74036
bf2d9124-0065-46cc-9aa7-dd30248f4676	25923	90.84711	96.21455
bf2fc474-a8c3-4e7e-bb42-fefd5a6173aa	24506	93.74403	98.69160
bf3d9883-0804-480a-ae02-70e38812e953	52798	89.26651	97.51892
bf3da742-82eb-47f8-9142-5efc96dae8cf	30622	87.45061	97.77016
bf3f5071-3d5e-4b42-b0cb-8fa6bbf1c738	40592	94.24064	98.90561
bf46aa98-1ff4-4ef7-991c-a8fb35860aa2	64340	88.45374	98.03401
bf47a231-a788-40af-9c3c-8d09b19ef7af	27653	95.36662	99.13719
bf47ae76-c31f-45e6-a968-ebd23ced2b2e	22673	86.53161	95.88570
bf49d1ac-2cd0-4cc6-be85-4659656151a2	32178	81.51524	96.65512
bf4bd7a6-f0fc-4b47-a258-720c329fcc66	30799	89.03991	96.67685
bf5bce9d-61f5-48f4-ae99-ba2b5de3768b	22746	83.15711	97.63301
bf5db961-1feb-46f7-95f5-2a1c84426b54	155	0.00000	nan
bf663c83-ae53-4bb6-8451-277a641c573c	44523	95.47248	99.18980
bf69c296-22ba-4374-ac2e-e6630b2712ce	39412	95.66736	99.08051
bf69db9a-f9be-497c-b333-e8bd12637f38	47871	94.12196	98.73941
bf6d3cef-6218-4cb3-bc78-e67ff38da653	33182	96.79876	99.17289
bf756de9-2357-4c94-9d5f-ab2124537936	26330	84.30666	97.62401
bf7736e2-901d-4cc7-a5b6-fe0c2f7b4594	25650	86.30869	97.71623
bf78ed40-2d2d-4861-a1b3-be0bd2e275fc	29201	91.30186	98.89119
bf7dc98e-cc80-4d70-8f3f-0eb8ab2b407e	24918	94.97910	99.19329
bf7f48e6-c64b-44f6-8a73-c3d095b27630	47149	93.33595	99.17822
bf8e25d6-7d57-47e1-a541-7ca7c0526310	30821	91.70372	99.19006
bf8ff631-7fdb-4ca5-98f1-af20586e9706	33920	91.55275	98.33106
bf903052-e3ee-405d-87a9-d897c87366be	42326	95.99404	99.24591
bf99b9eb-0f07-4a68-8ae5-d411d0a5d026	30172	91.02335	98.59183
bf9b0e48-b80d-4a38-994a-2cc676d534f4	25798	84.74644	96.99123
bf9d750e-08ef-479e-bbe7-f0121b4928a3	10617	87.15564	97.11264
bfa18cb8-4704-4971-8dba-0e85e48793d8	41346	95.88816	99.20908
bfa1c1f2-1843-4361-ab7b-6d756c269077	27637	81.81272	94.84778
bfa89571-0df9-4398-8bb9-13cfc443c973	24296	95.81525	99.16035
bfa9057f-74b1-4271-bf03-ae0d8e4a25ee	25655	90.92428	96.32253
bfa9d0ee-154d-49af-8a51-4fd6530e5405	39782	88.99208	97.62918
bfab20b7-7ae1-47f4-bebc-5977af23b6f6	26763	94.26470	98.95022
bfb12550-05cc-4823-b4ad-b34aa9575b08	21986	91.33319	98.31337
bfbba3a0-ab11-49d5-8ef7-c2df3c1d2423	28939	83.82421	90.94406
bfbbe92f-84dc-433c-b645-3a9eadf2d7ed	23128	87.66263	96.22547
bfbdf197-fd1c-45c8-aa2b-9ab50133a1a5	25421	95.47727	99.30245
bfc1917c-bce3-43b4-8a8b-e97251b8c029	42667	90.78678	97.99005
bfcb6bbd-011e-4555-9b8f-45d2481e4d80	31165	95.64585	99.28453
bfd0e73f-170e-4bb7-9d14-de84622b50a8	34554	95.12922	98.83521
bfd42918-cd89-4913-9103-4d832df064b4	37648	88.75732	97.67551
bfd6e16a-4dae-4b94-b25e-7091e7c762a8	20463	89.81273	97.56459
bfdf78d1-0ab6-490b-811d-d13b7b60dd76	24977	95.57637	98.89957
bfe14e44-5d5e-4289-803d-ccff1840548f	24957	90.18839	97.51619
bfe25fb2-4a32-4d5f-924e-83ced6077480	76081	91.74206	97.91720
bfe9ab92-89df-4a41-9213-4ae481939d82	31149	94.50166	98.88928
bff034a7-f03e-49a2-a746-e85a6a7661a5	26051	85.05079	95.92131
bff15481-6c61-4398-8121-bc6942c92225	38598	95.60988	99.00741
bffb426f-8759-4b95-ac32-b13ce164fd79	25396	92.75086	97.86247
bffd8711-d092-4fcb-9094-eafdb20ae7f6	55491	93.93258	98.64523
c002bcb1-d2ba-42c9-a481-fa8f1fc095f7	34812	92.30855	98.04088
c00c9b19-adc1-4401-8228-2c48821c7aab	19557	94.62710	99.02100
c00fb2b7-1f72-4ada-b4f9-c3769fc90272	22332	95.29598	99.14027
c0171da1-f5d3-4440-aaa5-bfefe770dc18	31640	94.87663	98.66229
c017788e-18be-49f0-9d89-3233045e161f	23631	88.85787	97.68736
c018a6cf-1b1e-4a83-8b8a-4037cb64a1d1	39077	95.82861	99.19359
c02496e4-26d4-4665-8cbc-58f8cc81deb7	15093	90.98314	97.63621
c028657f-c038-4e4d-ae49-a1ca7bd10869	34873	95.51295	99.33476
c02bf5c9-646a-4b80-8c6f-d57bf053f201	28813	82.13442	96.34924
c02ea60f-e1c2-40e6-a9b4-8d7a5c29ec5e	30317	94.38893	99.13403
c02eaee4-3681-4c6e-bf59-4e9046b49054	52588	95.44614	99.03621
c031a58d-eb9a-40d0-b3d3-04fbeddcf499	27595	77.77292	93.26606
c035edf7-4e1c-4eb7-b8e1-eeacff022c6b	24832	94.47923	99.48908
c035f126-fa60-4642-a8a2-d3c9480e29da	24388	93.66831	98.14494
c037acde-a878-4d6a-934f-87166a9bf225	90264	89.04862	96.54659
c03daf9f-46b1-4c21-945b-668c6b307468	22530	95.24287	98.97275
c043af96-460d-4359-ac06-4f3593eacde8	25400	92.37913	98.29093
c045f8ee-eab9-4510-83dc-fccb8bd45215	27110	90.54212	97.77810
c048c89c-26aa-44ca-a55c-023fa02bf7e1	30420	89.25087	97.42609
c04e45aa-5a11-42ad-842c-c8d9756cbd4a	44910	96.16625	99.17266
c0575fa3-7f3d-416e-b59e-f019d5026f9c	27445	87.54871	96.70240
c058b749-267c-4a86-8138-1f9b17b6d642	24153	92.68638	99.15970
c058de83-ae20-4f14-a316-6d5584547e05	44813	90.42485	97.35026
c05d0a1c-bcad-4f99-836d-e654ac83c2bf	48927	92.61982	98.38394
c063437a-921a-45b8-a8c4-d3b4e42840ed	23379	80.03831	94.37470
c069fcc1-a595-453b-8817-11f433689721	27566	94.60237	98.89537
c06c155f-0655-4d4c-8c01-dab629665316	7764	90.66683	96.51621
c06c3bba-05b6-419c-8cad-591b3b7119e5	33502	94.92185	98.83491
c06deeab-163e-49b6-b4ab-ecad5626b1f5	27318	83.13305	91.48764
c071b0b7-52ab-4d5c-9ec3-ad9b75a9bac5	48740	90.67775	97.89160
c07276d6-fda6-475e-95b5-673792290dfe	35675	95.08003	98.78198
c07b0aff-0775-456c-b5d3-574aeb511701	24837	89.16995	96.91513
c07e3efc-6503-44bc-a3d5-065ebbf511b0	80869	89.49512	96.91536
c08001aa-732e-403a-a662-5f68eaa2d734	26173	89.24348	97.08947
c08166d8-787d-4eee-af34-edd3123e3807	30989	87.03608	96.25397
c0864480-7dfd-4e52-8a21-34303857dfe9	45353	87.29444	98.07705
c0874672-6e66-4294-8cba-4683b81b1d67	31706	75.51186	91.92910
c08932e6-3230-48b8-85f1-4d21b2686605	13941	94.72535	98.87464
c0899857-2b04-43cd-8135-40a7367c35be	26975	84.82207	93.36797
c08e8c02-1cfa-46b4-b9f3-a687d316e3b1	40173	80.44842	95.02692
c0915dab-e611-4b97-85eb-e05948dad688	26196	96.67283	99.31173
c09e5f4d-6aec-4119-beea-dba4d650dbe7	26038	94.88683	98.96876
c0a5c616-5c26-4344-bfa9-1903d3724745	27965	91.01346	97.09545
c0af605c-250d-40eb-8e71-176cd6bed621	63067	95.21670	99.06735
c0b0bc8a-d78b-45cc-8551-e06075012a5d	25216	95.44321	98.95296
c0bad785-e1fa-42a0-bd4a-b8e7c7a80cda	27903	94.95594	99.48507
c0c2e01a-5e17-4012-b495-c5633626d13f	28035	94.20735	98.85440
c0c31f32-192c-4b11-b6a8-059e7e56b2e9	28566	95.59142	98.87906
c0ca42ea-bf3b-449a-84f8-86652eea095b	37102	94.38330	99.04466
c0cc0ba2-0da8-4699-99f8-ff44598b293f	24913	90.23396	97.66381
c0ccd753-198f-4a92-9338-0add0bbbe930	22215	94.27451	98.76444
c0ce4949-0f85-4625-b225-06e64c91ab2f	33729	91.06546	96.84641
c0d586da-2242-41e6-83a8-c1589141fa3c	35148	95.16961	98.75806
c0d7bb55-851b-4812-8c90-6404d0b3fe05	34824	79.06452	97.44194
c0df0393-1f38-48d0-9b10-b3025a49940e	28417	94.55658	98.65998
c0dfd4e0-155a-4902-87ac-c08910a55f67	61575	94.96143	98.96847
c0e28615-5756-44c8-9c1c-9eefb534a18e	31563	89.28648	98.41141
c0e93ae5-3088-46d1-9e6d-4a0822693b72	30112	89.86633	98.36921
c0e960fe-c6f6-4fc6-a76a-040220c67344	34443	94.68577	98.67612
c0e9cce6-4905-4874-9590-2a4530bf2f2d	27236	89.79836	97.28974
c0f1e8e0-43df-456d-a225-a96c87f32524	39609	94.70325	99.11482
c0f25bc8-eb98-4026-bd5a-af92f77d001f	36631	92.39824	99.08376
c0f7569e-c260-49b3-87f1-944729a843e8	22908	90.15390	97.90587
c0f95ea6-997a-4acd-b827-027d94b18d83	27254	92.76834	98.17210
c0fc0fd6-394c-4b01-9aad-cf574459769d	33440	93.21016	97.56932
c103a5b3-f119-46bf-94ef-69208ee36a9b	2870	94.41301	99.28187
c1046f27-efb8-4b0a-954a-7d4793592e7c	40831	86.31430	97.45724
c1087e12-3277-427d-a725-ad47285512dc	24314	88.57758	97.18655
c10b660d-73b3-47c3-91b7-e48c091622b6	43336	86.54589	94.75023
c10bf266-e65a-43c9-bbed-d5dd5ae5ffcd	55669	85.50947	96.51518
c10ce172-e84a-4447-aa2c-7dee772ca4e0	48991	91.64433	98.48537
c10ec224-7378-41ee-ad2c-d3af20964dca	33236	92.84563	98.99621
c110f754-571e-42ac-8521-7f80a05b592d	38117	93.13440	98.73582
c11c28a2-5fc7-40ab-8abd-fe8e15a9217e	28678	95.25131	99.06105
c11cf819-7ad3-4506-9837-5aa81538122e	38857	93.85117	98.56889
c11d8207-f8ad-4b24-a03f-77dfd8ea5bc1	23122	91.51854	96.99023
c1202410-ebdc-4933-b50b-8de57fd877fb	53800	88.83027	96.81361
c122c78d-aa6c-45af-a07c-c45b83fc07a8	42871	95.50173	98.97768
c123012b-871a-4d3b-be69-a2b9ea074a75	54811	91.40756	98.64823
c1238eba-9db5-42d5-a005-484d7a77ca29	23160	96.20350	99.38003
c129464a-1d8a-496c-8a36-0e25c4bab9a9	55621	95.53395	99.34863
c12c5e6d-812b-442d-a521-bb9b8b280ba2	27469	94.96321	98.94132
c12d8256-e2a5-41d1-af45-18b19e181dd9	40520	94.12586	98.60061
c12e8ecc-899f-4fb8-8f08-bbcba2b138ab	26233	88.52238	97.85011
c1312375-0042-44d9-a901-21a857571d56	32125	94.29145	98.64299
c136d898-bb56-4db9-92ac-eae6b8908b79	27009	93.98349	98.71706
c14a9aa1-eea8-48a7-86e5-8614f4d9dff0	52372	95.22090	98.94783
c14b3a7c-adb8-40c0-a0d1-523d02592aec	37299	95.67667	98.97615
c15bc7f4-1b52-4067-a574-6f141983ea33	48085	90.38295	96.35871
c164c5c8-0bd2-45de-a13f-a205ec5625df	40534	95.55464	98.68267
c16ee8dc-f88a-4cd3-88d3-05ac4924873f	34021	85.36761	92.53524
c1702976-5bf6-41c7-9923-c1382d813b3d	37303	90.34421	97.61580
c171b6c6-52a9-4c41-8e9a-2b43a184f3d9	23213	94.36287	98.73575
c17218f9-6a16-4c9c-b530-4b12404b6d86	44706	80.70591	95.60772
c1734bdb-04b5-4d33-9717-16da158692da	42064	88.81632	94.83977
c17f581b-e6af-418b-b926-a57900e6948c	28263	95.24157	99.26748
c17f8cf7-ee61-46be-bab9-5f374cc67d45	42849	88.06263	98.23332
c17fa017-26a5-4195-983d-9880371c0b23	30573	78.52361	96.25087
c1829667-9563-4771-9fae-16a9efa48c8d	29641	94.42297	98.84942
c1830717-bed7-48f6-858e-085126037cf3	22340	95.64010	99.18924
c184ad9f-21ec-43d5-b74e-f50120d3738e	29622	94.79294	98.89205
c184ea28-6d46-49f0-a59f-75d75890a96e	32614	88.96922	97.00483
c187a423-ae0a-42c0-ab27-deb8766a246c	39422	77.77510	89.36422
c189ef50-f012-4ef7-9c1e-fe6903f767b4	26797	93.98752	99.01765
c191ddb2-2aa7-45cc-a0fe-a53d3590be82	23313	90.01967	96.70970
c192a6a5-e3d0-4079-825f-ef044ba40cc1	25539	93.83690	99.08550
c1942e54-63e8-445f-b3af-e4c75cfc98f6	27117	89.88468	96.78424
c19d825b-5be8-495e-8cd1-11ea93270f28	55966	87.26390	97.21594
c1a0bd50-44fd-4515-a131-54a5e9ab0b76	23030	85.91120	97.43819
c1a3f765-5102-4abf-a16a-d18e949e841e	42860	85.92084	95.58025
c1b36716-13f4-4098-ab59-7d5d0a9b72bf	56022	94.94960	99.21966
c1b4e558-442a-4e0e-b067-043e8caaa077	48369	88.40695	95.58806
c1b50238-4ca4-43c0-9547-5afad4e45cb6	26834	93.29927	98.36771
c1b52878-7283-4611-9709-88de749c764d	28863	91.36078	97.90922
c1b99c14-5093-436c-9dcf-8a4b33a0807c	27837	94.99647	99.23143
c1ca5a6f-79e7-4238-a35d-a2cd47397a8b	47323	94.15610	98.94221
c1cd3d87-f309-4439-9860-234c3a3756e6	26229	89.77026	96.55262
c1d11904-3aa7-49dc-bf04-359bf5e7b891	27896	85.94229	97.49202
c1db0e61-7e05-4340-91fa-0c622bd047fc	39805	85.83223	97.16132
c1dbb7d7-6a57-4acc-9680-6ae3b6e4cb4e	36239	95.28287	99.03251
c1de58fb-f421-4fe8-9348-4c11fa0b0495	24675	95.09259	98.85131
c1e53d09-fb67-46a2-9817-c02cdb0e1e4c	57558	87.45481	95.14052
c1e94d31-cfb4-494c-ab5d-e0c01097c97c	46301	91.87479	98.68508
c1eb52b2-78c8-4d58-b273-74f1355ab222	27370	89.38949	96.02817
c1ed8fb1-5b19-4970-bc36-5b89873e748e	24710	94.10901	99.28646
c1eedca0-fb2c-48b2-9360-38631edbc7ea	42020	93.46712	98.67084
c1f6f4ce-4dd5-4c52-a105-19f3b2ff3d69	39650	94.51048	98.74261
c1f944ff-2c8a-4878-b609-207929c0c3db	33812	78.41975	92.74892
c201ab41-cd08-4335-9d54-f1924e2bd9c6	23689	93.70127	98.82796
c2056b37-75cd-486b-b760-5b3c593518b0	25535	93.79524	98.92302
c205a6aa-128b-45a8-8952-8379cbccb35d	59179	85.16121	97.35540
c2146ebb-35e2-4037-a52d-ae360d9741c5	23086	87.71427	97.88940
c21c38d1-07a3-4874-9d91-913a823ad3e7	46571	85.75309	95.68825
c22ce4d9-e01b-4e9f-a457-ab9a0a41e7fd	30029	94.49560	98.71917
c232e7e6-40b8-43fe-8101-1aeb7c793afa	41543	89.11647	96.88646
c238acb0-67a2-41ad-bb89-d2cfe5b8bdc5	42093	95.34201	99.01954
c2391f4d-d8d1-4062-9f20-08400281bb0a	30802	87.34073	95.54843
c23e00e3-0cbd-47fe-9137-fa49d084cb8e	23639	91.53191	97.50963
c248fb77-9779-4abf-a6a0-94fd08902c47	23120	95.11730	98.78258
c2495c90-8aed-4338-b2b2-33b9f934cdb7	29518	89.88535	97.40917
c24b9c79-0727-46b2-bc9b-3c1d9bc020c4	26179	90.13067	97.26625
c24bbe63-eb9e-4bea-acca-2b2588a50db0	22523	85.22089	97.12305
c24da055-db33-423a-9a4f-0de1678a4947	29491	78.46877	92.91570
c2507934-686e-4154-b825-0d48a28d7378	26479	89.29711	96.49457
c251fa35-68c9-453d-89db-608a03ea912d	22222	74.65420	90.41180
c252b259-5fa0-4ed5-8da5-e368961a898f	44843	95.23716	99.21364
c25567c9-07c4-4ce4-8798-cfdace758952	35642	86.73407	97.18113
c257edcf-0249-4486-bb03-b1407fb9abff	38507	94.62647	98.81194
c25a881e-09cc-4dd5-83d9-e76ed3b72613	38811	90.64629	97.92493
c25b2874-fa4d-4155-b9f6-4235c8bf1a30	31458	88.86155	97.57289
c260d745-a47e-4390-97b8-a65036bf8ef9	46227	90.73816	97.89047
c26279a1-d00e-4980-a5b1-686610fa99eb	30099	83.86046	90.43229
c26c67c8-612f-49cb-bedf-6729234d56ed	22635	92.60720	98.59198
c26dfbda-69e1-4545-953d-a29172ed444c	28597	94.46935	98.85237
c276bae3-789a-46c9-afe2-92916129fdea	26406	92.74117	98.02673
c278c5de-2b12-45c8-8688-755e7fc2ab60	48219	95.16300	99.08408
c27af293-a068-439e-94d0-ced4f03ab079	32934	95.02989	99.08656
c27bc1b3-22d3-4941-80b5-fae26e6a96c9	42674	85.56333	96.55110
c27d19f0-1f1a-48e3-bdf6-20d3fbb04f9c	24160	91.49862	97.89457
c28129ef-590a-4083-8429-b1d95ad34c34	32287	94.45035	99.18399
c28d6abc-e13a-429d-89eb-10a6f22b3fc9	32974	95.20088	99.19467
c2946b8e-fa56-46f5-9841-e7878166b0a8	33061	84.22530	98.04277
c295c8b4-9a79-4c85-8334-54a73ef0e567	22697	93.03977	99.00123
c296674c-fafe-4713-984b-0b0fb9dbaf1f	60628	88.55310	97.94882
c2a9a759-d007-4c85-9cab-e33b9cd5b857	62101	96.07619	99.22887
c2aebb40-25f8-449a-998e-8a4fc064cc28	29312	88.28536	97.49159
c2b348a7-face-4935-af72-e11bba8f5470	32593	95.03164	99.26758
c2b614c4-82b1-4f28-a030-a4b3e74c42d8	25689	95.64284	99.15166
c2b6535e-47ea-4168-9bed-84bc208d459a	23475	85.73384	93.34291
c2c3dcbc-d842-40ef-aa6a-6b0f2f100f98	30909	92.21365	98.44015
c2c45b8e-ace2-4f2c-be25-a053e1535f3a	54886	91.06374	98.42684
c2c7dab9-7a89-4c98-abd3-41950ba413e1	44434	94.25252	98.93119
c2c874e9-de5e-4155-ad47-3c90d00d7f1f	28483	85.91214	96.48903
c2ce9123-0054-4894-8fb0-332c926dab5b	23239	84.41400	93.36426
c2d0dbd2-06d9-4113-b72a-113d937012eb	43058	87.22133	96.97476
c2d9778e-24e4-442d-a2a5-413ef941ce16	23090	96.35842	99.18001
c2dacc26-5bbf-4704-ac58-0800785f655a	44030	85.00420	97.89713
c2db84f3-5622-42e9-9829-5f35b20642c6	49661	85.81058	95.44456
c2dc673f-0069-461b-a224-4fdbba180f31	37576	94.64332	99.00483
c2de3b37-4515-49d6-834c-ef0bd69fe55e	37285	95.12939	98.96787
c2df56fa-1290-4fa2-a863-86b52a92618b	42935	87.37468	97.98860
c2e678e0-03b4-44b0-bc75-d60203becaf4	45712	91.29522	98.90119
c2e68b66-0546-497f-98c8-f7e79288a0e0	79078	88.80196	96.43638
c2e7818f-c8ef-4a7b-b811-4f7d241c0b25	27753	88.63605	97.66711
c2ea0896-0ceb-4795-a98a-da309d5e5769	40482	91.44575	98.34377
c2eb283d-8a25-4822-9d7e-3eee4092979f	34338	79.06323	94.23130
c2eb8d7d-a17a-4d70-99d3-d3437ce7d0d0	72511	94.83325	99.25457
c2ed3269-fb2a-4be5-b931-defe63df6520	27456	95.16169	98.58171
c2ed436d-79c6-4493-8271-00c9aba542ac	34630	95.13848	99.16478
c2eeb05d-959c-4e0e-afa6-874e27d905fa	35561	96.20723	99.13673
c2f6e9f7-c9a7-416d-b495-1953f4c5abb1	27735	88.06181	94.58849
c2ff933c-d32b-4ccc-beb8-a4911886a286	34510	94.87289	98.86586
c3022d0f-773a-4ef4-b8bd-22da837a7d3a	5446	90.15664	98.47022
c3026a6b-9f6e-4eb2-93b4-d2c6e3e813e1	33858	95.11200	98.79201
c3039b33-c7e3-40b2-93cb-14dfe7c9e486	41082	95.77347	98.97900
c3099a18-0892-41e7-87ed-41b5b65b5b9f	34474	86.95302	94.29918
c31142a9-83ea-44ec-be2a-829339c8c51c	81295	91.98238	99.19274
c3159ac7-a286-4271-b2f7-ad3b778c916c	15858	94.02140	98.40558
c318d5dc-26da-43af-a73c-48aedd4522d0	54775	93.33797	99.23437
c31cd6ba-be7c-4f0c-9c62-a8edd92de315	28931	94.61443	99.02159
c330a2f3-7e18-419c-8ffc-4cab50c7d0eb	43988	87.88176	95.64488
c330e7c8-11a8-48eb-a492-8173dcff3818	41626	95.58223	98.99000
c3318471-d3d5-423b-8fac-fa26a2054048	25341	91.97228	98.04333
c334576d-41d8-44d7-b75d-2bca7270cef1	32352	88.02307	98.22109
c33a52c8-b88d-4bd9-a152-b46bbfee2d61	23821	94.18410	98.37173
c3477891-de53-49d0-8ccc-3ea038a2a155	33989	93.99655	98.98168
c3551477-9d55-41c5-9ae7-3f42b7ce6bb4	21830	81.42224	94.41980
c35a7294-52f1-4862-9ab2-63f826d11b01	5192	94.84970	99.20558
c35ab546-079b-4050-8f27-864c62238fce	30855	92.83979	98.72362
c367535e-2f71-4d27-a23c-4a344b02ed2b	41536	91.94659	98.31277
c36b64e7-0140-46ce-afdc-41d4e969357d	36704	91.73508	98.10517
c36f2ffe-96fd-4ab4-97ec-2d69687e481b	33680	93.31295	99.52007
c3709454-e8f5-49ce-b0f2-b14abcc35517	36269	92.36757	98.03343
c376cc81-7f1f-47da-a4be-14fb19329890	24048	95.85978	99.14381
c37913de-b9a7-420c-a1e3-dc647d77c366	22923	94.19833	98.64865
c379691b-ecb1-4a02-8b80-c3229e1d8c0e	23769	89.47897	97.27041
c37aec2b-7512-4b85-8605-0e41df4ea0c3	24298	89.58032	96.72406
c37bf6ee-8899-4cd4-ba50-0f8b988010f7	32283	90.36055	98.32952
c37d6371-e73e-426e-b74a-99f7e0893c84	23637	87.30962	97.26946
c37f6f77-7e90-46b3-be13-12d6cbde1369	31380	87.36951	97.51497
c3875416-b794-4514-b654-d8c2c921b71f	26962	87.00226	95.78107
c3888a57-c2ee-460b-a1e4-65f08288b6fb	33252	82.19677	95.45350
c3953713-c3ec-4354-a138-fc457f38efd1	25429	95.71710	98.82192
c395892f-d719-4b8d-abde-7b32d5e93bd7	24521	88.08003	97.01937
c3991c6b-1d29-4a19-93dc-740846370d44	43329	87.34062	96.51687
c39f6044-77ec-4ef6-9585-20685e0fcf21	41151	93.76227	98.66676
c3a3619b-46d3-48c5-91d9-e73bd82e718d	48900	93.08573	98.71624
c3a475a2-84c7-46db-b7c4-b64eee15cdf7	34164	89.85190	97.81978
c3a7ebd4-41a1-4b64-ae01-2da2e2a59783	29933	86.68035	96.62423
c3a8f8c5-c3c0-498f-bcc2-e66d5a60d842	23984	89.86590	98.15948
c3b6d374-7591-42de-a1b0-33057f7d44af	42900	84.08535	97.60243
c3b92c4f-6c08-430e-a303-c801be8e4ddf	24605	89.85354	98.10187
c3bd3817-2d11-405e-95e5-e2a155775670	38042	88.69247	97.28919
c3cbbe39-1e5d-472d-aeb0-db34692eca3f	32347	85.61420	95.72627
c3cdd722-7680-43b5-b78e-398dcd52963f	89187	92.46544	97.36002
c3d03317-bd6f-4127-8d00-ae00d56c9ce3	23416	88.46373	97.56506
c3d29a30-253d-496e-ba0d-ff78a20cef14	33331	91.50232	97.33450
c3dafa4a-7eb2-462a-b320-2c094d400cdf	47770	87.88651	95.56335
c3de118d-e4aa-41ec-b870-a412c1752016	69992	90.37891	98.23210
c3deb920-a051-47ce-9be5-39ee1a382e73	34795	93.25761	98.60713
c3e32b97-35e4-49ed-8532-dcefa5a17eb6	32806	92.85122	98.48986
c3eee53f-576b-46e3-9348-cbabc49bcc09	59848	94.86248	99.06352
c3f0e143-93e7-44ef-b2da-61480d8b7fb4	31656	95.13477	98.72464
c3ff5206-9e56-48c3-8fcf-256462437a81	27100	87.66032	98.06721
c404d969-c9c9-4934-9bbb-6193f769d2de	1117	96.98355	98.71087
c40d5379-4599-4942-bc15-13b2f3d31af6	33463	91.14040	97.90689
c41330cf-2d1b-452c-b9c6-1d8e8a433a85	26285	89.55380	96.72942
c4171004-96d5-4ba0-92e9-de829737d00f	33677	92.43543	98.17608
c4180b43-2fd1-452d-a48f-3c016d1acc02	33904	86.24599	95.90048
c419d5fe-e407-4304-af28-a359862f6a22	25525	87.72474	96.17214
c42b6536-d211-4125-a175-00e5165f88a5	23188	89.19865	97.04719
c4406606-19cb-4c16-98e9-a5435b2cc6f6	30447	93.81113	98.78370
c445b444-859d-45e4-b91e-645809226581	32586	94.41793	98.75463
c44fad66-9630-47da-8bf5-43a2672cd46a	46085	90.06229	97.89041
c45020fc-aff2-411b-93a7-c67f37bd3fc4	39711	80.79952	95.74252
c451f922-3526-42bb-a170-71a088201f68	22641	95.40961	99.32123
c459f28c-bd40-422e-8abd-91407fe9fc1a	22235	95.54631	99.21200
c45a6707-f180-4479-9217-3d2931f15bed	43884	86.92833	96.65108
c4619290-8ba4-4ca8-9517-b84ee96a0eb6	23869	95.24183	99.15279
c4669a44-e14d-4f74-bffb-1fa4b70a5552	23830	95.35249	99.32237
c4670e8c-c05d-47c7-ad26-22500440dfcf	50373	95.55729	99.30110
c46c8a5f-8cc2-42f6-ae5f-0c3bd4fabe33	20656	80.40597	93.53062
c478ff34-3f81-4229-bc34-0568dce97b5a	12067	94.90513	97.95536
c493cd84-e852-40fa-b31e-3c3440e470b1	31510	95.20189	98.97014
c494456b-7b47-4377-a42c-c69c11916225	45930	95.52050	99.19739
c495bf65-0914-4a78-b342-db936896e5bd	49758	96.07497	99.84126
c4978ac6-c236-40a5-b985-9951c55b1f29	60678	90.36902	97.45590
c498cbab-a4ae-4be2-a057-632708d9546b	27300	89.44218	98.72980
c49a2d4e-1a7f-4d8a-a72a-e66b3c443290	25830	89.82851	96.89957
c49bd697-9787-4a49-b813-d4207fadc072	24936	95.00178	99.57539
c4ac2ef5-3b2e-436e-8530-f76a5f51079e	32976	89.54323	98.41930
c4ae7591-8d37-434e-932c-b816b55a46df	30504	85.78542	95.38775
c4b25843-e7f4-4365-b18a-e65e93d1f704	23256	80.78684	86.21574
c4b40524-ba6b-4feb-8c41-76b758d8ab26	25881	94.37587	98.66575
c4b5529a-1288-44a8-8a14-667b8a037bf9	25054	95.42448	99.39483
c4bd815e-155b-4e46-b8fe-e7f95f7dd5be	50198	93.56488	98.47529
c4cb62d5-b627-4767-b16d-70443c29afc5	31886	85.11346	95.25550
c4cfa5ac-fbbf-491b-b93d-c774a1913800	37281	89.98826	96.94127
c4d0ec9b-2e52-4bc9-bb7c-0944b30c4d16	32831	95.10705	99.25704
c4d735c6-2c1b-456e-b98c-345f6377eb05	25154	79.88320	95.95754
c4d9ed67-f86b-407b-9a91-76e8c5749b6d	20882	88.22311	95.90100
c4db9879-83f8-42f8-9acb-e3c827172046	23946	95.92794	99.14832
c4dc4ed0-ac88-4b24-8c33-b9085e218475	28597	90.18249	95.55139
c4ea0659-51fa-4330-b555-6e2cf963a658	38161	89.79847	94.80371
c4ebd2cb-9aa3-4e62-84cc-f74491ebb17c	38232	95.68388	98.91642
c4f18d91-25f7-4178-a9a7-6cfb16a70fb0	31187	92.56279	99.12963
c4fbf579-e388-4aa5-856d-d2ab50b5511b	21374	75.64152	91.65433
c4ffd5e6-7150-466d-ab31-c009c8cabc87	24555	95.19962	99.00894
c505ef18-ba2e-4f53-8f82-e92019260f09	26542	85.66813	96.79414
c507fb26-81b4-4f6f-9ccd-6fa4b3d3c87c	25727	94.30798	98.86346
c50bbb92-ba1a-41ce-9727-8e292ec3b996	52690	94.42908	98.91351
c50e70f8-a229-4043-81dd-2705a49715cf	35266	84.53534	96.74119
c51353f8-2da2-47bc-997d-e996274adfdf	26489	88.59614	98.25501
c51406a6-6b84-4c4d-bb15-39904c887504	23469	89.21968	97.45501
c51b7a08-984f-4d7f-b219-3b9c0c49a6dc	22118	96.33007	99.38678
c520acdd-a36c-442b-98aa-e6d04c7d70b6	55786	94.36238	98.58779
c5229416-fdf4-40df-ae74-f0e76957beb2	55236	90.20579	97.90941
c52cb255-6460-424d-9d62-0ef4a8294519	39347	87.25156	97.92878
c5312d64-d4af-4b7b-8a46-76915972cd87	51747	94.49201	99.52232
c533bc1e-07ec-4cf5-a252-0d97dcd3a7de	36892	88.19030	97.72757
c533ca47-33c4-46a4-b754-f11d9045fa9a	40429	87.10821	96.53514
c5342983-0a7d-4a31-87d0-cad59a804148	46642	79.63443	94.89267
c534b75a-c05b-4f89-a056-1b5cde523324	25064	74.35532	93.29309
c53dcf4f-ab00-42dd-a667-379421dd98b5	18376	86.21537	96.54065
c53f006c-575d-438f-a84d-2f1e3d3c1a31	30733	93.09577	99.27078
c5400a0c-d355-42b9-b315-a8796200c054	40896	86.38712	97.01932
c5463974-d3d0-4a9c-a494-89511eef018c	33125	93.60386	98.81889
c54708b0-ef72-4230-9593-74677c7af456	85544	92.34841	98.09707
c54e05ba-73b5-4d47-a2bf-ad3cbf9273f1	50421	90.48037	98.28007
c55634ac-c6bc-4da1-8d5e-8757c46ce3b8	49910	92.75746	98.74108
c5564294-acdd-46e0-a0fb-07063e67d07a	30649	94.16861	99.22775
c556adab-1949-4cbe-988b-cd0388e079f0	27048	87.18747	95.49703
c55b7677-aa97-4815-ac30-0a116fdf6025	45592	95.12546	98.95357
c55c075f-1a7f-4777-b11a-f98f708477ad	22914	89.24700	97.92293
c5675f15-9eaa-45e2-a9c1-4adaded5dcd4	22576	84.32095	95.66161
c5701da5-748b-4c61-8a2f-6b53b3ea6809	34468	87.78920	96.99013
c571bcf5-d6a8-40a2-b280-87842154a9f8	33818	89.83596	97.37579
c57b533b-38b4-4341-b07a-602d7aab82a6	63111	93.56469	98.73533
c57ffbfe-8ae5-4ab2-bcf0-c77e7840b863	30797	95.87843	99.18112
c5848684-2838-494d-8a35-db3a632faff6	36177	95.31627	99.08058
c594b30f-cc3e-41ec-bcfc-16616b0c5226	42599	81.65246	92.13425
c59f51d4-9451-4c5d-abcb-fd89b887a72e	39489	90.30975	98.38117
c5a0ba98-fdc1-4f70-8a95-e4efb24b2b1b	26383	96.49326	99.32420
c5a2c104-5be5-4a52-9475-fd88e50a9e5f	27458	90.05782	94.36804
c5a3bd4f-1794-469c-8a96-ab1816002b48	34107	87.43937	97.12665
c5a4c20d-d85b-4dd9-8280-d95ca65cc91f	28648	86.46995	95.82523
c5a7c809-7bec-4770-9b11-71335c42e6c3	31278	91.74958	96.61027
c5a95cf0-833b-499d-8e1b-c3b78816e5ea	24900	79.17095	94.95538
c5a9bd86-7d14-43a2-9888-316c6348693e	23493	90.45616	97.56575
c5abaf29-020a-4bb2-b7d5-53396ac8c4ed	31384	95.86451	98.81629
c5aedb48-1bbd-4ad0-a94b-12ed778bf47c	36163	80.95695	94.06716
c5aefb33-1cc5-4188-9e2f-f58141075082	36559	94.97933	99.08987
c5b1b771-9b2f-45cc-aedc-bfcba51c73b4	40893	92.11685	97.34752
c5b2ddec-4a2c-4de7-bc23-9f9dcdc4873a	28069	96.61231	99.22390
c5b40f54-3976-40e0-8f51-ea363933a3fe	23447	93.06330	98.49342
c5b44cac-5054-4ba9-b8ef-4d203b6ad4a7	34362	91.64252	98.29969
c5bf9564-9979-4376-8eee-2e1c4d8236c5	33597	90.09153	97.35833
c5c1b011-2a9d-4857-90ae-fad354e4ae80	44167	92.68566	98.16019
c5cb1462-e5f0-4319-b64b-e7e9df073058	24980	88.69725	97.85132
c5cbd540-d4b4-4267-8336-55036c95d5a4	30891	87.72584	96.55680
c5d348de-fa78-49c5-8f86-24a24e479bd8	31507	94.14082	98.74925
c5dc436d-6ff7-4ccb-aedb-a31f2ce2b08f	31948	94.55729	99.43510
c5e3c0eb-154d-43af-8b65-88bf74e2f7ac	50343	94.40811	98.79719
c5e6a9af-d42a-4ea0-a98c-c6402a53f1f4	19168	89.86834	96.37637
c5f29e3a-295e-4159-97e4-a23ec41e17ae	32441	92.91353	98.77561
c5f5c9c6-5f08-494a-91c6-48662f1571e8	29067	81.66089	94.04731
c6037c07-4a00-4f39-9fbc-2c89c6ceec63	26782	94.69104	98.68061
c60a1c00-5182-4171-a12b-2bbd2eacaabd	32985	88.01720	96.67401
c60c6102-b70e-4a6e-9dd4-0c1cb68ac76d	23504	93.42672	98.27890
c61318fb-295e-4fd3-ade6-a499455cb581	38292	94.92824	98.54048
c617b06c-2d15-4fc4-91c9-6ca3257ab83e	12499	94.74143	98.91688
c61b2c45-ade3-4b1c-9772-d0a84f424821	66932	89.10407	99.01926
c61eef7e-d869-43cb-9f19-2968478e4554	23840	86.65661	97.01724
c61f0ba3-f918-4277-a96a-9f55404bd546	25364	92.19120	98.62645
c6290c99-6fd4-45e4-95d8-e0638a497c03	28708	94.13730	98.83934
c62d1328-c2e8-4879-8fd1-c6d4ed50ea34	33065	74.51838	94.26349
c62d1d50-ecb6-4abb-aaa0-eb43efee1e17	28821	95.39602	99.37422
c62e01e1-c1d6-4ce7-8f55-05d969006754	25952	95.04583	99.23647
c62fe95b-a613-4fb5-8e01-c04490b8cdd2	8090	92.62967	99.02853
c633a88a-d878-431e-afb4-69edc28be520	64872	89.30017	98.21423
c63adc41-be70-40a1-b383-00f0ffa0cd1c	46730	89.72176	97.37232
c63db531-e2cb-4696-a260-c06c5d15d835	34256	94.59166	98.90307
c63f5fdc-15b2-4285-9064-cbe746996d46	39083	93.72097	98.91655
c63ffb51-abd7-4a4f-9cbb-bda498b43df1	72762	88.80932	97.39917
c64604ad-1a05-4e63-846f-92383393ee9b	58111	93.77342	99.04765
c6500c7c-3280-4bd6-9c13-6d1950ea3878	24970	90.30364	98.64854
c6510db2-7748-4bf2-a9af-833034cb31d1	43511	80.80083	96.06863
c6519657-ebbf-4385-8a8d-a7570ed131a7	23149	95.24820	98.81733
c6567dec-1a0b-4af2-a17f-138084770940	29869	94.75064	98.98335
c65b6fee-bde5-4993-a4b4-51b476ccf7df	50425	94.89594	98.80429
c6601469-200a-46c9-8c7b-646dabe03088	36483	88.53149	95.88778
c663df34-16fa-47a9-a4cd-8263f6bcbb7b	43958	86.16709	95.68907
c66baea1-c2a6-4573-b849-a8a4b6a4ab90	24933	91.03881	97.23952
c66dc577-26dd-4022-9938-1a44bc870b37	54000	89.92314	97.93219
c675cfb8-5565-4d4b-8180-b313d918c01f	50000	93.20605	99.25056
c679676d-72b8-481e-9287-84fe058425ba	22890	94.80247	98.80870
c67f6a50-a6dc-45ec-926c-808172acbb97	36333	95.13242	98.83819
c685dcdb-be48-4a51-ac99-0dbeba973a77	24980	95.38891	99.02156
c686c608-a7ca-4b66-a38f-ea80a5d5f327	35970	94.24858	98.33119
c6877d63-9dd8-4249-9713-9066590bbf1d	24214	90.19577	98.36139
c688694e-c2ec-43b7-b661-473f0dbb3aba	23309	82.89578	95.33462
c691a5f6-abe5-47c6-8f4b-e02f4c92394c	29186	92.03175	98.40738
c693a694-eba9-4c1c-81e9-c290f69a0cbd	43986	93.21032	99.23157
c6960fea-dcd0-4c6f-b91c-75c8e601666c	42969	94.40787	98.12875
c6982313-b6b5-4ecf-9c19-77c718d395ae	36512	89.27043	96.39437
c699719a-390a-4c76-b7a5-1d7a2b3e42d8	41902	73.34585	94.61315
c69f7b30-a29b-4024-8d9e-e0393f2bcdb9	27497	84.76891	96.20885
c69f9dbe-bc9c-4ebe-a439-37659de083ad	25227	93.04992	98.42631
c6a4ef3e-a320-480a-ac04-cfe48c25063f	22545	88.43295	98.09104
c6a81804-fa36-4146-a590-74edf8b79efa	28186	94.58480	99.26190
c6aa0df9-0be8-445e-9f46-a964a885dec4	25512	95.43864	98.79986
c6ac2d01-ce6b-4f9c-a802-0ab3052e260c	38504	88.35400	98.24369
c6add76c-483b-4b48-865e-fbdb7c0c82fc	39776	93.92475	98.52948
c6ae10c4-2de5-4d0c-850d-99489bcd8261	97440	95.36369	98.89384
c6b5e562-f526-47c0-871d-4e4dfbae5dc4	48319	93.32499	99.06360
c6b795fa-4adc-46b7-b6fe-40a6cc3028b6	22382	86.18410	96.77615
c6bc5759-cc3f-4eee-b4c3-eb4408aa75c3	32241	95.22057	98.92354
c6c24bb9-a80c-4a2f-919b-c28bc9e45b38	51787	95.97341	99.13724
c6c6aec8-0756-4cc5-8cc9-5e4d18323774	28298	91.33342	98.04739
c6c6e234-f5f7-4098-bad5-76e97307c8fd	32597	93.17678	98.75684
c6ca59c0-c71e-4757-99b9-001056ccb564	22534	95.54265	99.01226
c6cdafda-25bf-4290-b1b7-9d57ef864586	60957	93.33823	98.49838
c6d8ea0a-4d55-433f-b01d-d9485d86ab83	41779	94.64152	99.04257
c6d9c3cc-34a3-4967-9737-01a67dd19fd1	53710	88.16664	97.71588
c6dc406b-4c80-47c6-a133-225080892ba2	56126	81.05460	95.45439
c6e04845-331a-4cf7-8fb8-9961442a453d	23003	91.39807	95.67324
c6e3aad0-b7ef-49d3-865e-ddca27505193	25167	84.34750	96.63771
c6e3fb63-8867-4364-814c-7622dacd925e	25336	91.66030	98.61420
c6f02af7-3965-49e6-95d8-bcc2e935bec3	30409	92.00855	98.71432
c701ced9-ea81-4ded-a656-2486c3b8797e	36567	94.81754	99.37626
c70566fa-2072-487a-81ff-09677ab80d0e	25064	83.05743	96.05116
c7057e3c-0f47-468a-a6af-e4c48ea5d302	28079	94.99878	98.57093
c705edca-707c-49b3-9957-5e9bd38d0209	24383	89.01378	97.40176
c7076b70-abe8-4f9c-a088-605aa8062351	70329	90.80161	98.78181
c7147597-e936-43ff-9b2a-bdb30236685e	55056	87.05142	96.36255
c7155d0c-6aef-44fd-a1bb-7a0407bc801f	43857	74.75126	92.62144
c716ef4e-21ef-4f26-a267-34537cccfcc6	46580	89.25110	96.64789
c716f0b0-d677-4b10-b35b-c970a25b048b	40828	90.51531	98.52266
c71db587-ac15-43f5-91b7-180e8603445f	33296	95.16524	99.35391
c71e0881-86f6-45cd-b2c6-6d9f186fd3b9	55086	94.65634	99.25302
c71ebf56-e012-473b-84ae-86e7a61fbfbc	22618	94.46705	98.65587
c722966f-20b2-4db2-80ed-3596eec6850a	55671	80.91868	94.85289
c7236e38-b0af-42b0-a26c-400d30b9e0a4	35734	95.30485	99.06093
c7240469-4357-42a6-a21e-e51a5a6a6174	27589	93.44012	99.58015
c726d7b2-4580-4946-a8c4-672add1699d6	26550	91.12333	96.59904
c7289063-d9cf-4f47-9e8e-851059382cd1	27123	69.59461	76.03187
c72ed48c-acbc-4626-b4d9-c7488b521552	23242	93.56250	99.05935
c736b093-fab3-42dd-a6d0-e107630edd3c	24920	95.42099	99.15819
c7389f7c-4292-482d-aa33-427435148a92	43768	93.37656	98.34804
c73c472f-20bb-4aff-9a80-9f603b0e97d9	26784	92.26117	98.34248
c73da632-aa11-46a4-96f6-6f2f353c8fbc	22296	94.21607	98.88726
c740346e-54b0-40c4-8c79-1ee39bf37001	22974	91.67536	96.96033
c74b277e-b10e-4eab-8aa7-8468f5ade093	33122	84.26195	95.77412
c7503893-365c-4a76-a3ce-85e3c482d068	33581	90.23789	97.91234
c756a1b3-bda6-4cfc-acf9-f4ec944335f4	29716	92.75476	98.56692
c7620942-53ac-4b52-9a60-6ca32cb7401f	4539	94.02008	99.31218
c76b6a42-3217-4e47-ac03-94aec6d7736d	25468	94.36517	98.96706
c770e0bd-81c1-4551-b857-24da986eede7	31243	84.31214	96.39815
c7715212-3cec-4a17-b579-135102e35e4c	43502	92.40124	98.12698
c7730da7-0ed0-473c-8380-aeb11e355229	33807	85.48622	97.37481
c77af5a6-d175-4af0-9343-f1939d08326d	69350	92.93319	98.42010
c77b3804-abbf-47a4-ae92-9bdbf0d77e8e	25236	95.89308	98.89885
c783447c-26f6-40e9-951f-fa34f9696192	49621	89.54223	96.04939
c78b0bdd-d46b-4316-ab80-70736c83718b	48007	91.66213	98.45417
c78d8a85-f4a3-4138-9724-980033a12161	34924	94.03107	99.43506
c795fb7e-f4bd-47c9-8e9d-9fd10c30412f	23219	93.14310	98.56735
c79d6a55-9be2-4c67-af47-55d4d73e6a2c	24798	94.91237	98.85232
c7a738ce-6c00-489d-9f34-651345fd3064	41436	95.19518	99.29403
c7a9eaf5-f864-4622-b3ab-c7398187ef58	109829	86.49578	97.76414
c7ab4eb2-4d68-4cdb-a095-1de257c729ab	26447	87.16425	97.85126
c7b4cd16-8f90-4c0c-bd4d-76344c87a11a	25255	84.19867	95.79877
c7b988e2-6c68-4b6b-8f8b-f7bd920b6014	46155	88.06782	97.03392
c7c114c6-f789-4e9e-aaf0-725312a53d47	24072	91.40600	98.52591
c7d3f4ce-821e-4f53-88ed-1627f7d1c35c	23265	87.46903	96.99791
c7d85ae9-bb97-4b62-b2d9-d06c88d412d5	51528	92.54419	99.04140
c7dafca8-0d4e-4663-8391-4c9fd38d3051	25153	87.42765	95.60427
c7dda841-8225-42be-9068-3396aeb32e5d	48822	93.88672	98.69002
c7dea87d-6886-4c7c-bf29-75e527db32cd	81149	86.81685	97.03861
c7e0c75c-72f2-471c-b2dc-e2b6716d1d5a	33886	95.33595	99.35913
c7e270cf-4c8b-428c-a743-1f03f20d42d3	25089	89.86350	97.67024
c7e9b745-6cb2-46fc-a42f-e7474b54241f	23473	93.33084	99.02326
c7fb6200-f3a0-46c9-a20f-fc9814878af5	34898	89.28816	97.85684
c801f3d9-2bfc-4bca-95b6-7b02db13bc38	64341	92.87870	99.41212
c806982e-7add-4932-a372-1fc80820d55c	32057	91.94176	98.22772
c8097f9a-e5df-4ae7-9b72-abc1ce6e037e	45398	93.60129	98.53267
c80b24d0-ca9e-4fb3-9321-eead92b75282	26202	94.30688	98.87125
c80e66d2-eb31-4ebe-9a77-c48a4eea7de6	49936	89.45822	96.43838
c80e9ee4-529d-4f77-9e4b-fc9b53d77e07	46818	95.24209	99.21892
c8126a18-719a-445f-b1fe-87e5c466a106	36258	83.29629	95.29666
c81a638f-6cfe-4766-9817-189546b9847f	25070	95.63492	99.21801
c81b9b92-a401-4156-a27d-822a9bb40e81	51392	87.93925	97.97438
c8230601-5b4a-4997-b2b7-6c04fbdfc9f2	36377	95.18501	98.63319
c82434f6-97a5-4808-b61d-8dc0bf554b25	31324	76.99533	93.41200
c82b920a-7fe4-4c82-88c3-a96c9108d548	37136	85.65856	95.91683
c82f21c5-8b36-4ac3-afc9-a748a329076f	34547	94.47783	98.96070
c8395717-99f4-4cd4-8ddb-27f5b39e14c9	28164	86.42461	97.37262
c83e2bd0-7698-4760-b193-64b39e7c5560	30074	94.71070	98.40583
c84a25d4-260b-4c82-84e6-ca6b5ba6f324	23699	96.27218	99.65396
c8509f3b-23c7-4570-8a08-ce11f965e8f5	31834	90.57537	96.94712
c854c9cf-6e68-455d-af2d-a82a4f081f9d	45087	91.59307	97.02770
c86217f1-cd47-4a15-8c37-f3f2bf8fcae2	37037	85.41864	97.52324
c862e710-ead0-4930-bc0b-2a1d113f6072	25323	95.23939	98.86475
c86420ba-8701-462b-9a18-5daec583c811	31296	93.89239	98.80044
c86c15e5-054e-4200-9791-df53b9778477	24669	95.58342	99.31745
c86c3dd8-2be2-4fe8-813b-5676785751dc	37272	91.17594	97.57870
c86e12f1-980f-4890-a158-8e6dbcf4e31d	70341	93.57811	98.79225
c86f253c-1c6a-476e-958b-6d9797318313	41152	77.98612	94.25600
c86f566c-96d6-4b69-96e7-0e3cb31ae897	36675	86.95013	97.35337
c8701cfa-9708-496e-9cae-41c939b29b3d	26050	87.90902	98.13953
c87d7b9e-972c-4598-9414-9e85dc2fec9e	26985	93.98401	98.85475
c8824a72-867f-4298-93fc-b789b8dd65d0	29477	94.57498	98.65427
c8876708-d159-40e2-8060-52611c30a887	44587	89.44983	96.84957
c88ce630-80f9-474f-a675-34aa7c437ddf	36373	85.73451	96.20736
c897ce47-eba8-42d5-a655-cd113803819b	46036	95.85548	98.90867
c899e279-4eee-45d9-8664-cc3ba2952d49	37672	94.68620	98.58660
c89ca7dc-0d4a-4b77-bec5-f7803526f108	33648	92.66537	97.70095
c8a52a75-eb51-4306-b9e1-48a97557d4eb	71117	88.42690	98.30485
c8a63fd2-d268-42f4-96f1-f3e583661a37	31464	95.05077	98.90338
c8a64626-188b-4bb0-9f0e-98d58251c035	29637	95.87899	99.07168
c8ad3243-01f0-4799-86ed-28ac7c8b110f	38809	89.44822	98.05983
c8afd9e8-c0f7-4262-89b3-0093f37bf68d	28941	86.95495	97.82174
c8b17644-a418-446b-98e9-032f26172cb1	26433	85.36393	97.52693
c8b238dd-04b8-4ff5-8a93-55cd69fa96c0	27518	87.87079	96.01120
c8b8212c-6fd7-4db6-936e-4038105a43e1	26756	89.53646	97.38014
c8b866f0-f9dc-4288-b435-6babbfe09b6e	32545	94.14879	99.08165
c8bb1610-b17e-4f5b-99b9-d579b017f156	38414	92.32136	97.24456
c8be8e11-6989-44f7-9591-4097653c961e	38818	88.19723	96.52707
c8bf4e8a-9350-4f5c-9516-a2012b20dd7c	49050	95.91063	99.29275
c8c36420-ec78-423a-9fb1-ba7e63efd149	38840	93.35862	99.00644
c8ca6114-c8bc-45d7-90b3-99c1e265b44a	263	93.98148	101.42857
c8daf3e2-cd14-43d2-8af8-2d2da7b7578b	34500	80.21698	87.82691
c8ee9479-ff7a-4580-870b-34767d63683c	40563	86.38821	95.98112
c8f4c9ad-cb0c-42a2-8260-175651e99c12	24667	96.33430	99.02154
c8fcd9f7-064e-4125-aeb6-954e9a6d57f3	47383	83.69426	96.81217
c8fe35b5-b0c9-4edf-9fa7-74aec82ab0e7	54521	91.26806	98.09876
c8ffac5f-1842-4014-b4ff-0a0892c958a5	56642	94.88846	99.35358
c90e1570-631e-45c5-ac0c-e33112f4f113	8837	91.55057	97.68300
c90f6e96-ba1d-47dc-b453-6874d291f35d	22756	89.02398	97.22389
c9158283-210a-4657-9052-98ed57a53d5e	39175	91.40921	99.08798
c915febe-735e-419e-b6c5-ab2f23732d3b	30499	82.94940	97.51035
c918ddbc-aaff-4c14-8430-6f3362b66fe7	26567	94.54378	98.76594
c921ab68-6820-4ab8-bcdd-4cbb69d3a6a3	24467	94.22686	98.41026
c930f0b4-eb7d-40d2-8cb5-6aaee61f038e	25377	94.90700	99.11075
c9342df8-f3f2-4d04-9a44-f08b74a700e2	29381	93.45950	98.95538
c938f8f6-7af3-4e22-9eb7-36a3570d4e83	22763	88.80606	97.66901
c9397ae7-e3d1-41a3-b0f2-aca712b94a31	31111	88.97326	96.60057
c93d447d-ff78-4c49-8040-e54f4602e2eb	29368	84.25855	97.73547
c94c9550-2a2e-4bd3-9469-1f828e158a01	49626	93.25693	98.66903
c955ee6a-f99a-4fa5-9310-1ebb1f7953f9	29617	91.42922	97.99954
c957cf0b-a271-40f4-a64e-542f91dcf5f9	41146	89.33438	96.96576
c957eb7c-799d-4863-83cf-abbe4d250bbd	23259	91.22107	98.06992
c95bbf13-8785-403f-88e0-1d42266828f2	26112	95.13451	98.70233
c95c207a-c49d-4570-879c-1e77b0ce81cf	37746	88.12219	95.70111
c95dac8c-c87a-428d-969d-1b41a8bbd6f3	22816	85.76844	93.61001
c963dcab-0192-41c9-b1d2-cac58b9f49e6	22477	94.39791	99.21616
c96c16b3-f68b-41a9-a288-f87785d5f00b	26077	92.14456	98.12823
c96cf81b-fb1f-4227-a875-a4a0eea5a469	40981	91.17543	98.10737
c96e62b2-cd0a-4ddc-bef8-821215021304	61244	94.42170	98.73608
c971119d-875e-468e-87a4-769ee696ff31	22902	93.26661	98.60397
c974ae50-3050-4fef-9af2-a4c8f71cda09	32398	94.09014	98.74625
c979fbe6-370a-4fcb-bdae-5b3ec9573369	50288	93.45049	98.80168
c97a3f8d-bdea-410a-9882-bc85e19f6c45	24135	94.96797	98.50520
c983cf29-43fc-45f9-9fd8-4b9bae7c73c5	27831	92.79541	98.61407
c985438e-de27-418c-96d4-0ac508124bfe	25687	90.88015	97.88016
c98b7ecf-fbef-44ef-9064-522990c23d33	42191	95.64732	98.81045
c98d4bea-0215-4d22-9959-6384cec38a74	25148	90.85253	99.10273
c991dcae-2e09-4263-b098-b73a417c4eb4	32117	94.33474	98.68466
c9a4e6d2-3bc3-45ca-961d-43eee4e7306e	29262	90.73486	98.87119
c9a791b5-c282-42b5-bd03-0a686c39a7bc	23945	92.94757	98.04034
c9ac335a-f854-4b58-8279-5dac80027b0b	35644	90.25385	97.96520
c9ae2ee8-a9ea-4382-81fe-ffc85daf42a2	25487	87.94792	98.20945
c9b1fc6c-683d-47a3-9fc6-a3f17895893e	13558	90.79238	98.54164
c9b1ff02-23e8-45f2-8fc8-7b993ab6f824	23033	95.13059	99.11906
c9baff34-d215-4379-bb78-43abf2422c27	48395	85.96186	95.93830
c9c01902-921b-49b2-af51-080b73f033ab	24924	91.81626	96.91084
c9c280ad-6f94-4756-af0d-22105491fc53	29680	94.70295	99.05970
c9ce0ae0-2b32-49bc-9e77-a30bfac0cb3a	22114	85.10638	97.41784
c9d0992d-0b1d-465a-b4f9-dbceadc830ef	39362	80.39797	94.43134
c9d1aa8f-940e-45c5-b246-7d275fffa415	24946	88.78820	97.54019
c9d5cad5-3ba9-4fd4-8c26-8ab221965b7b	23404	94.31761	98.68265
c9dd92ae-5d97-4964-b91d-c5e46a8515ae	25403	94.97241	98.73660
c9e045a2-09c3-4999-ae6a-99a5bdcca8e9	30575	94.19790	98.95143
c9e0cba4-e5f7-4023-8a3f-2c16283f3779	29754	95.52397	99.19446
c9e16eb1-d530-4924-b02d-c90bee45ff01	30388	88.35507	97.44275
c9e4152f-4ead-43f8-8d47-0d14e34ebf58	25415	94.31380	98.99937
c9e689f4-f513-434b-81a5-380ce1596dce	74368	92.48256	96.22414
c9eb7088-d9ce-4807-b0ea-ee697dc46e24	26736	90.04116	96.24576
c9ecb08d-77ad-4acb-b407-c07b41b314c7	31734	85.44485	97.44617
c9f02d65-0ff3-4216-aacc-1f7e9b655acf	44433	91.38017	98.66539
c9fb2f9e-3abd-454f-a1fe-82e3405f656e	38333	93.01424	99.19876
ca0425a1-1899-426c-93c4-a1c80afb40dd	24854	95.73870	98.92984
ca04b500-5b99-4f16-b2cb-dcc8cac8ed47	25012	92.60824	98.20760
ca06e017-097f-41a0-8fd2-98f030388952	27208	89.49718	98.77942
ca076d28-f505-4299-845e-ceb7ff210dcd	69064	94.96319	98.81176
ca10a5b0-f598-4033-9d85-519be7fffc7b	28092	94.52833	98.90878
ca16836d-ecf7-47cd-9393-fe4b95567707	59059	92.55826	98.46262
ca18af6a-6bd4-43bd-b586-58dadf002b1f	50158	93.39810	98.84077
ca1ed085-7e34-4783-8072-f3ccab3836bc	30470	95.74269	99.11629
ca2671b9-1cc4-41bb-af62-724affb1affd	23680	91.56003	98.17388
ca2d8d3c-6101-4e81-831c-3f7e68b293ff	28654	88.89932	98.40160
ca35e71d-c0eb-4b92-8973-b5e8bd3761aa	32553	94.78812	99.24212
ca366e1d-73e0-4896-8a58-0ee71a320037	32449	88.87107	96.58667
ca3c5d26-2b55-47b7-a367-050eed86c073	27816	85.10216	97.86055
ca4f15a9-9ac9-463d-a69c-4f2f04a29877	25612	94.48515	98.46534
ca590141-7a17-40e0-8914-a96b928d9f76	45736	84.29315	97.30814
ca5b976a-db08-40e3-8814-1059b6ed172f	27462	96.24753	98.97299
ca613ac6-22ce-40d8-b387-d08b0d04dce2	36505	91.53145	98.57131
ca639b8d-4888-47a0-964c-43c0a1ace087	56040	94.40356	98.17126
ca63cc3c-f3c0-465c-a75f-cfc045f4528c	26619	92.98239	99.14830
ca688567-3de0-4d5a-ada1-49c91378542e	27144	92.95012	98.60458
ca6962da-b705-4a5d-bfbf-0be1f4c93ad1	41188	87.62020	96.43745
ca6f2490-85e2-4d84-b709-08d26de9e218	25874	90.84602	98.53677
ca72d831-fa82-4178-a830-998f736db215	48390	94.80065	99.06291
ca7beeb9-1306-40c3-9d1e-3e5b18ce677f	288	93.60731	97.70642
ca7d896a-945c-4a9a-b215-dd30c34c2799	65382	93.72122	98.56711
ca8193b6-5e04-4a1d-aa00-128661ce9023	29320	92.60711	97.68118
ca832252-443d-46c5-bf88-70c05b1af2a6	27101	91.12135	98.65980
ca860f18-0b1d-4c49-8dbd-15d4576628ec	34475	95.20367	99.10413
ca8c8e41-29ca-4b2b-b2fd-cf2d5353cd1b	31890	81.04649	95.65021
ca8e63c8-c70a-449a-93df-d971ad60ed2f	35792	91.30144	98.49877
ca974f8d-f31a-413b-be13-0721d691f0a0	38244	91.88562	96.37332
ca9e57f9-eebe-4e5f-af11-a5b1a6fb4fa2	30410	92.12849	98.95782
caaf6602-a8bf-4b6b-831e-18c1ca07d8ea	28346	91.37250	97.08114
caaff54d-826e-446d-a226-0568a72e15a6	25083	85.23831	95.31250
cab581c3-fd5e-479f-8f61-3ecb3b06f87c	22366	95.41256	99.03141
cab6d641-894b-478c-aed7-10f5c8da006b	24197	85.06341	91.28343
cab708d7-f0f5-4b00-89df-249a0b12dcf5	34566	81.31666	95.24783
cab772f8-a87d-4477-a09c-3cbb5ae85a36	24025	95.66306	99.26983
cab83c25-af49-43be-981b-9c3abe6d1fff	38552	92.85606	98.44898
cad1c2b2-ab9b-40fa-81be-46b87a90088b	61661	85.22984	96.73896
cad978f7-a1a1-4d29-a388-64e90141cbdc	26813	80.44587	93.26635
cad9f79e-5a09-4b93-9755-871b08f13398	32374	93.41328	98.73929
cae82d44-3a10-4141-bec6-1127278810ac	23585	88.55005	97.36929
caec9080-2450-4675-a2b6-2a2e325a1f9e	32563	91.60417	99.00259
caede598-1ac4-4bf4-9c59-5ea31db27f2f	26582	95.47506	99.05036
caee4633-ff32-4248-971a-bcae6ad04dbe	79343	90.33517	97.21469
caee9703-4213-465b-a9c3-23353a76438b	38489	90.22568	98.11210
caf5138a-4458-44b1-824c-934392b0cd2b	28064	87.82924	95.02886
cafc4dcd-d599-403a-87f8-141e3ad31b26	26951	93.72587	98.22721
cafe9117-6e35-4298-9a72-93f7bb7b34a7	30284	95.40018	99.10120
cb051357-55cb-4a83-8276-982acb80a46c	26585	79.33163	94.96109
cb0a315a-a8ec-4f92-bf37-f868b7eb9b3f	22388	90.15824	97.65608
cb0a37eb-0e00-4fe0-86e0-5ac9dd48b379	29995	96.29166	99.65368
cb0f5df0-31f7-444b-a0e0-70d39bb7be43	30691	92.67176	98.33291
cb1adb6e-4a47-42b0-8291-fc84bce7d245	43762	92.18084	98.68525
cb1ed739-509c-4eba-9b92-614f0e76cf0a	49142	92.56989	98.19412
cb1fb4ca-f201-45dc-8f9e-5fcdcace44fc	85391	78.74496	95.04325
cb22f850-59f7-486d-ad3b-caaaf19c2d53	23168	83.96096	97.73383
cb2562e2-42ef-441d-8107-2ba052478313	22274	77.11248	92.92781
cb284b31-ced2-4674-ac02-def6dba70c53	25768	95.76633	98.72771
cb292013-925d-4a50-8859-76c13a22f323	41763	92.94156	98.15643
cb2d0c29-8fd2-482f-88dd-3eb8b016b0f1	65433	89.37707	98.31485
cb3fd9b6-a10d-4b29-874f-d64925a14bfb	31049	91.98053	98.47059
cb44e6ae-1cfe-4ad0-814d-7430cf6a7c71	45576	94.96309	98.60642
cb46b38a-85fb-47da-b9f3-33a9daa8642e	49583	87.24969	96.58570
cb4b375e-3807-4621-a652-a3e6206de995	33283	93.22664	98.87480
cb53bb48-9635-45cf-8366-c01fff6ea705	31094	88.14456	97.71430
cb5f0794-8a2d-45d2-9462-1d6857e0c7a8	26367	94.34676	98.89440
cb64f6b0-a992-4cce-85c9-69788e102142	36412	94.04332	99.40877
cb654569-8ec2-4a63-ba6f-f93e5d717396	42432	94.09832	98.43383
cb6a2379-7210-4ac9-b650-9c7bcb4dceab	41417	82.81800	96.87097
cb6a8b26-9d7a-4904-b095-9d9169279512	33013	80.27186	95.10340
cb6b580b-9cd1-4dbb-948a-bba41da47e45	28540	88.49623	98.18044
cb6f18a9-5283-46f1-aa18-5da18de8abb9	25357	79.99000	93.11045
cb714a94-610f-4422-b737-4eb437a54ee4	28325	94.30080	98.90048
cb75be80-dc05-40e9-a236-f529937e1948	22018	92.40484	98.62379
cb786f3c-776d-4a21-bb82-84ca733219e8	25648	94.86435	98.89417
cb78f0c3-6a28-4bae-849f-02617973ad5a	29673	95.21756	99.44894
cb79ed4e-5ef8-4bb8-9109-ccf6c78a73e9	25482	92.94154	98.82952
cb8a8679-9fec-48f7-b660-5dfd85d2dfcf	33774	92.78827	98.62160
cb8d5db8-93b2-47b8-a79d-0e7a89416d55	32625	95.66994	98.60290
cb9a42c2-b305-456d-959b-260f162447dd	27674	95.78887	99.12712
cb9df315-e748-41a3-a967-ba4f39686a34	21079	92.88641	98.39140
cba43b26-ddc7-40c9-8f79-4480ebca2d3c	27798	95.21443	98.71087
cbb60c5d-0717-485a-8c2c-e620173be830	41749	96.15938	99.08931
cbbd6a70-d046-48a3-9f6d-2b082be137da	24724	78.31405	92.76539
cbbd9129-4dfa-414d-8a6d-a7e4a5bc6a8d	30880	90.80965	97.67819
cbbd9efd-b79e-4c9e-8402-c2cce82e5d59	31391	92.02677	98.30184
cbc05635-1f1f-4fd3-bc4f-ef8d354c9d3a	25097	89.11211	99.06090
cbc45a47-e1c7-42bf-9094-6b4019eb3641	32498	83.85478	95.63613
cbc6c538-abff-4f1b-828c-cfb044532f26	26371	92.46722	98.73789
cbc9ec1c-7dd8-4857-9a05-63eec7c92864	26282	92.33637	98.54838
cbcf42d1-f8ab-41c5-bb43-4a0427853c4a	32260	90.86370	98.50609
cbd2865f-e746-4d21-9d70-3475f4adbd11	543	84.90196	96.37827
cbd4a2f9-f6d5-4b65-ae71-3645c2bc5f56	22860	89.96411	97.01022
cbdca35a-f31a-464b-9c67-f4b6d87b8478	23496	94.95304	98.92287
cbdf9e95-190e-4351-8363-c57c8ae6172d	21891	91.61510	98.36709
cbe3d9bb-26be-4301-9eff-f8d3d4e3f26d	46732	91.39670	98.02298
cbe9e242-eaa7-4047-9101-fbc9ddf59fee	50662	94.04789	98.91283
cbf0b43d-c0f4-47dc-a196-96f0ee827b0a	68084	92.76728	98.49657
cbf790ad-15f0-4a3e-91c6-09b4cf976bb5	34905	92.40326	98.93750
cc01a39a-6ae5-4e1c-8157-4c9d8e3ebf05	29375	89.79918	97.94390
cc0fb94a-03b5-4f9c-8ea0-b5c8bbf8f722	37952	87.28031	96.35254
cc12aa9b-0d2b-4447-aaed-bba8776af152	27889	88.50000	96.81136
cc16884a-0c49-4dbd-a796-130313f1ad4c	44167	96.20573	99.50573
cc179c78-c818-4250-a919-93c063bbbed8	32320	90.61818	98.59013
cc19af04-97a6-4797-9cd0-198e8c0b456c	29983	92.25234	98.11352
cc1a8b0b-7616-4110-a5d8-bd97a53d02cd	40263	87.66651	96.35129
cc20aad5-dae5-457f-b89c-ae6f3201a194	26898	91.87310	99.19662
cc2374cf-1dfa-4521-8a6f-10d108203c89	34336	89.05212	96.52326
cc2631c6-2212-4fb6-a956-934609dc5288	25764	94.65063	99.24940
cc2a9f89-4b82-48f8-a879-86220e572c25	34822	92.80053	97.90868
cc2cce96-2ff6-42bf-bf47-f49ecd77cde4	63138	95.02179	98.96268
cc2eea31-ac0c-44ff-ac20-92d55f8f9ffb	58822	90.81787	98.08711
cc35f038-bf6b-4934-a8fb-472bf4394cd5	49074	87.52902	96.13173
cc3985af-408b-4a62-8414-94be81435843	36478	95.22786	98.83017
cc45d305-7ca8-40b7-aa5e-d87886b27691	29765	77.24781	95.17781
cc49f222-ac08-452f-9696-4264ca9dc65f	23705	90.58105	96.42317
cc530660-b9b3-4a56-b6ae-e05515d8269b	39868	94.61602	98.53906
cc57362a-70d2-435d-b8a3-0d5c3c1aa365	27623	95.11174	98.72801
cc57a3cd-c75a-4e63-bc2e-cc5f1f94f477	53517	93.01145	98.53592
cc59433f-825c-427d-807c-dc5bd83c7dab	44784	90.05998	98.10072
cc6216ca-9810-4b82-b1f7-df8d80d55afa	29889	77.50000	93.75926
cc661819-f648-4105-a85e-802cd1d4f884	52643	94.71640	98.92358
cc72a4ec-e086-4776-87fb-9112c5948261	32410	93.68919	98.99917
cc78d197-3ef4-4792-a75b-657ae1c79f37	67098	88.59079	97.66035
cc790be4-e2c4-4ed6-bb61-bf1704b0345e	26939	92.76430	99.26468
cc80b05b-4833-4a8f-8abb-071a401c2b8e	72660	93.82435	98.67845
cc82ebfe-ef37-4182-b848-ad5da07aec7c	28485	96.46223	99.13092
cc95eb99-abd2-40d8-9be2-acfb09bedb14	30982	95.11639	99.00721
cca99b7c-4d70-4572-ae7c-91af4931d764	45635	94.75816	98.66164
ccab4093-3c98-4348-929e-e892e7835212	40917	92.59189	99.23725
ccac052b-c60e-4032-888e-ce40f43ae46c	46909	93.48205	96.75339
ccb2111b-3804-4138-867a-e81442386401	27423	93.03331	98.37033
ccb3b348-c1d5-4ea5-b7af-06a5a5daffcd	60114	81.90745	96.44402
ccb4ae9f-af35-4e71-8acf-92941723d7b4	22780	90.26545	98.08881
ccbcf682-5730-481c-a8ba-d591099a5b53	68636	93.47432	98.71979
ccbd7780-5307-4837-a46d-1136331545c7	40732	94.40477	99.08612
ccbec020-3a04-4d0d-8939-504df7a03a62	27987	94.22507	98.43744
ccc395ec-deca-4800-be39-9f9b95e7dd6d	38718	91.09630	98.68451
ccc66fa2-00e8-4c1d-b08d-da24a573e20f	40626	89.45924	98.62487
ccc75a2b-f67a-47e0-a48b-0b02b83afb23	35165	96.25987	99.48676
ccc76319-279f-4116-a300-8ff7fc905cfe	43985	95.97935	99.73876
ccc88b39-cf51-4b20-adec-f321bd8d4230	50500	90.40974	97.77679
ccca5ead-8f74-4238-8777-ff23d05d3e34	51102	93.99388	99.13957
cccf66ba-c8af-422f-8024-355c4b73fb15	39354	94.90187	99.01405
ccd55d1f-7d87-4b33-9039-efa75615dc15	27703	93.87332	98.38704
ccd5775d-b5fa-4c71-a93b-61cb5b8b4040	51038	94.96961	98.84384
ccdaccee-8e0f-474e-a2f0-bed90eac56b4	44901	92.45588	98.29605
cce127be-93ad-465d-bac1-882977d992cd	25207	89.82619	97.85461
cce2b10f-e290-4c5e-892e-dc30bbcf8bcb	34890	94.67063	98.74901
cce73c65-edfa-4069-a0a2-d84429a3bb17	39587	90.23383	98.19679
cce84e23-fe4f-4c47-8e59-e586b488b01d	122421	88.59503	98.81283
cce8c2b9-d475-472e-9d02-642d4492be8a	32462	87.01497	97.25187
ccea7c34-0f6e-4eab-9956-49ad3db05bba	28339	89.00891	97.96981
cceec8c0-677b-41a7-8611-a884f898f076	26579	87.93475	97.70170
ccf7c288-ac26-4e3a-91b2-8c975b9445c0	42088	95.90705	99.33076
ccfa0342-4160-498c-ac42-9995114a2d8f	36270	90.41502	97.63954
cd012785-bc20-4c3d-999e-cac90a598d15	37607	92.25425	98.67473
cd03697f-767b-46d0-9cad-a63b71001572	38966	87.06052	97.87293
cd03e938-707c-4301-afdb-704cdbdca9fa	50222	81.92824	95.78453
cd08a4f1-9b5b-4746-9337-f49514a2687e	47087	89.75564	95.97263
cd092be0-7d5c-4d63-89c5-eac7d0d325ac	26449	92.66514	98.70485
cd0a66a7-a97f-4a77-a5b3-51b22802a3e8	22179	89.55198	97.72677
cd0e3198-7d4b-4622-b283-5d400db6aaf2	29236	91.76650	98.18311
cd0e5fdb-048d-43c1-8fa0-1183e60bf514	35539	90.66512	97.51671
cd10e933-79b1-4c26-8ae2-a9798617547e	28101	84.17717	95.22854
cd173db7-029a-4e6f-97ed-53578024c9bb	15156	95.19625	99.21680
cd19fa6e-1eb5-41b8-b87b-62aa3d774cec	22359	94.89294	98.78027
cd1a2d76-51b8-4936-b393-c91d11984b6e	35288	88.29945	97.55327
cd1ee949-4fea-4888-8def-7ac8b649bad7	30478	92.77505	98.46972
cd23c843-f8fd-4563-9ecc-5feda21dbb7e	55262	89.48288	97.76408
cd2b4970-0584-4994-895f-50dcefe44c4f	34090	95.28134	98.66848
cd376e71-e823-4619-8775-eb91855d3989	28916	96.66564	99.25992
cd3a424a-7b54-494c-b6bb-5975334e6144	33147	78.31737	95.26982
cd3e7587-94fe-47e7-9fea-247f913727e8	24121	88.43149	97.84574
cd41cb60-595a-4748-b950-32a51330e21c	32346	90.27881	98.33562
cd42ba51-b230-4ffa-8c93-68c9ede4e2db	25883	93.43619	98.93829
cd49f8a1-1235-4a74-93e3-ec8f7e1e4be1	48224	90.37498	97.40233
cd4ab965-a87c-43ba-a62d-04f220850e7d	28182	89.03063	98.34285
cd5590ad-ecf0-4d33-8fb6-59fce4ac1186	23615	91.67339	96.19638
cd60efdf-5008-424a-a750-c5ce1fa79b4a	51430	95.10472	98.81450
cd60fec7-908c-46c7-b5b0-9b901700bee7	32996	95.66981	99.10021
cd61f638-1fa8-4ea2-a29c-bb883eda51bf	42882	95.47685	99.22804
cd62a423-c6c2-4338-8d35-b8dbea8232bb	30995	93.12000	98.43099
cd70ee4c-3ed5-4fd0-8018-d726e749c00d	44971	89.54972	96.11513
cd723501-c80e-4ad7-b1ef-ae1c2656fffb	41189	79.64789	95.78371
cd7b74c5-38ca-42ef-812f-f0a70704fbc1	31970	84.29149	96.29909
cd7bd551-ae3f-408b-94d2-cc7c1a78c995	43698	83.72957	95.57615
cd7f439b-b551-4a9f-98b6-9177bc5caee1	40442	95.59209	98.74505
cd81ad7f-1921-452f-b97c-fac87741b251	25723	74.25039	89.09476
cd84d544-af71-45fc-820a-925304df42f2	25668	90.22107	98.42926
cd84ff7a-0562-4842-8601-5193d93bdb43	39305	87.79026	95.43718
cd871ea5-1fb7-4e74-8e8c-4e0014af0e2a	22056	92.83693	98.60705
cd895067-5a82-4ce7-b6c6-f203958be868	46631	89.23262	96.89087
cd8a2c45-428b-4d65-9b47-0a5794dc6a82	49145	95.48083	98.90746
cd8b8df5-f43b-413a-8693-676c7b9f4edb	35938	90.21879	97.73520
cd92678b-81ab-4e9e-a264-3e665c8bd428	54975	92.67066	98.38620
cd97161f-7bfc-49eb-b0cd-398df15d0e8a	22777	94.41398	98.32489
cd9c1d37-7b33-4c77-92da-3c076b42c849	35255	91.29513	97.05062
cda20beb-5514-4460-9341-d178a90e8558	22520	79.49084	95.02266
cda5373e-5785-4566-8e2f-62e30a562651	70423	88.28857	97.50302
cda6f833-447c-480e-9fa6-d23fa708f952	30628	90.81207	98.54483
cda9c0a7-ccd3-4196-9d6e-b8ee7a1111a7	54275	91.22888	98.17760
cdb3b748-0d84-4053-aacf-56543463ebbd	58405	95.33095	98.97507
cdb49a00-47f1-49fa-80b5-b9af6c9f5d22	31779	87.60152	97.61758
cdb61586-7578-4a2f-859f-94c36ea27340	35797	90.69943	98.85404
cdb6b000-4390-4328-9076-c00b321df666	28825	88.81026	97.88783
cdb6b978-39e3-43fc-9542-855446f7b6cb	54060	95.29675	99.24620
cdbc17fd-3f36-40f4-9cf0-60dff701a4ef	24734	93.58312	98.53752
cdbd6137-29f4-4a1c-8fe0-6d8c55ae71bb	23031	91.98097	98.38786
cdbdd53f-9c9d-4cd2-85d0-2db467fa2315	26449	88.38712	96.06828
cdbf4807-efa9-458c-a1f7-f73f95212e75	17198	93.11877	98.34806
cdc766bb-da53-4e0b-b400-3cf28080679e	35565	94.97887	99.15268
cdc9dd54-5ed7-46b1-ae47-1f880566299d	21625	87.26067	96.63027
cdd0641b-b4c9-4ee1-a8b5-6078e4294269	53285	91.40384	98.41475
cdd1cfdc-419e-40a3-bbae-c3bc2414f801	31408	90.55566	97.52529
cdea1773-a20b-4483-85bf-18ae88caec37	46402	95.69282	99.12078
cdeaf6b8-7a59-4921-96f7-fbf127d5191d	27649	94.17918	98.78529
cdee062c-85d1-410f-bfa9-ab5d2cdd7f01	51435	86.16448	94.94191
cdef2d64-0f13-46f1-8d7b-9c97196abd1a	78810	95.70945	98.81523
cdf619ff-7cbb-42db-8980-b8596b8f65dd	39034	91.63086	98.78702
cdf750bc-c967-4032-8731-d49d013be0b0	34691	96.49606	99.07251
cdfbea21-02fc-477b-8ff9-50c768ba5b15	30892	77.54823	93.38624
cdfce46c-9117-4030-9379-e69f35c9e7e3	35245	90.32102	96.30644
cdff470e-28c1-4187-95e2-748dd9dbd371	31181	95.55619	99.40866
cdff51a4-d72c-4129-a0b5-2af02430645c	30097	90.64990	98.40005
cdff5489-aee0-4e14-bb3f-6437af8d57c6	32202	94.09582	99.10224
cdffbcc4-341a-4cc3-bbba-b053ddb03cbb	34973	93.61064	99.32767
ce00fefb-8fac-4906-a960-4d093f80b824	27063	84.65396	96.32384
ce063d42-ffb4-44a0-b0e5-35bbaa6ba8f6	27861	90.11143	97.12187
ce09e6c1-4b86-4d27-b091-b05858839f83	35748	91.20900	97.42112
ce0adaeb-eb17-4b44-81d2-580ec845a2fb	29524	88.33525	95.60032
ce0fe487-9c18-4a96-8e5f-63a2038e0c8b	33344	94.00158	98.55446
ce101536-3c81-4af4-9a72-8076808efbf6	26224	85.35249	95.56067
ce1589fc-529c-4cd7-a282-d6dcca959fec	33513	94.62027	98.73145
ce23b1d8-f486-43d4-a5bd-f42ca0c41905	24363	94.83612	98.71951
ce26039e-4630-4f60-ab73-b6dfe201ffba	26870	84.06341	97.07515
ce2b6dbe-9d56-482b-9ae1-3d0114dbcd04	26756	95.13512	98.77326
ce2c3bfa-ef31-464b-a589-18f763b8e96c	27589	95.90439	99.16369
ce2e8684-de38-430d-a720-9e7a9df519ea	34243	91.62964	96.86357
ce3418c9-17a2-42ea-af92-3fac7539c66c	32021	94.41351	99.02019
ce36a765-546b-442e-8cef-f5aee36a32e4	30892	94.74701	98.80716
ce404f06-e356-461f-a8b4-4cedc1883e40	22387	89.36006	98.32033
ce420f45-c605-4a80-9362-64148137799e	27694	93.32227	99.01708
ce5d7104-c90e-45f4-809c-821eb1835bed	28490	96.11818	99.12770
ce5d7802-1c13-4754-8ffa-2b4ba753e196	52799	92.54265	98.15308
ce610d3e-8d00-495c-8029-d876a981b356	51249	95.90713	99.21067
ce66931e-f69e-485a-b4d8-0598b40e1cd1	39829	91.43128	98.77879
ce695888-7355-431f-9ba0-1f1c5a955626	36328	95.83198	99.03562
ce6a2c9c-6b98-4e4e-8cd5-0683155e41c8	24801	95.53930	99.42901
ce713063-070f-403b-8de4-179e2e4320a0	83543	85.27993	96.07374
ce7772b3-c08f-4fe1-90ba-436c7a1f3743	65102	94.77872	99.12668
ce81331b-9792-48c1-9c45-86c500cd5b12	36234	79.09447	91.23900
ce813813-08b9-4da6-ba2c-97383a272c19	30961	95.24717	99.45899
ce816ab6-6fc4-465d-a9b4-c876aa37a085	27037	93.79113	98.91021
ce8547ae-6e3b-4c0c-b112-f576d3dca8df	26314	88.10813	97.88632
ce8d7c70-6822-47b3-b4ef-a71f6167e6db	25618	83.61062	94.35418
ce8eefcf-8c1b-470e-966a-4c2852760366	2421	89.29310	96.41501
ce900e1c-3f16-4968-bb87-cc92c4374310	30592	86.02082	95.39000
ce95a198-38a9-4263-a39b-c81e9cab732d	47166	89.91662	95.37894
ce97aa51-2441-4df7-bcd4-5f38999e6faf	15259	94.12482	98.92767
ce9849c3-c548-4b16-8352-becbeca8c145	37678	92.61669	98.73956
cea39f6d-c0cd-4c60-83e7-28c5a7594fb6	39865	86.02247	96.80074
cea71d4c-5064-4156-be96-f3b5ea9d2569	25170	93.84945	99.52797
cea7b1db-f1ac-4a16-af62-923af6deb700	43270	85.99244	95.10186
ceac91e6-5201-4353-8854-3535305f6827	27007	89.01697	98.25004
ceae41cd-e09a-4652-bb3d-97f1a39c4d48	32260	93.75549	98.73895
ceb673aa-3e54-4a3d-99bb-07d9fca687a9	49172	87.90604	97.66552
cec4ca44-bc1d-4ac0-b26c-bba319dc566f	32688	83.71125	96.83450
cec68630-4232-4b30-ae9b-072c882481e8	35659	94.73236	98.97653
cec800d6-e1dd-4b9b-98e9-45022b550806	37899	81.94498	95.01760
cec9a853-a55f-4d89-8baa-3673be80a0e3	26258	83.97806	95.60323
cecabd1a-bd38-4e5c-a822-acdb9eeedde7	55175	95.43732	99.09889
cece2168-7115-41f9-9178-76e0138e885a	42191	94.15460	98.44769
ceddca0a-2459-4d97-89fc-62dbb71c07da	29761	95.97129	99.07871
cedf092c-7a17-4426-b100-007a6eb34e74	56362	93.40073	98.75460
cedfd2c4-3e0e-4ef7-9ebb-0acde325a3a2	26464	90.16561	98.34683
cee26f4b-0761-44b9-88db-0603d13fa44a	50873	92.59746	98.42094
cee4ca78-deea-4cce-b360-3927ead45b92	26448	94.13179	98.99396
cee806e6-1ff5-4279-97b7-dabc7958ba50	23926	73.54421	86.66197
cef02eb6-a067-4b11-b95e-47d32e3d00a5	68032	88.63107	98.66473
cef7a1a2-2779-4e6a-bfc2-e5c4800fac9f	27440	88.45877	95.94040
cefa6350-f1e5-47c9-b7e8-93b038cde537	54274	92.73705	97.58578
cf07fa3c-3cb6-4305-b26f-dff1ebb3e199	24892	92.37520	98.45641
cf175285-878a-460b-91b3-5828467b3fed	33965	95.33578	99.09357
cf1f4bb8-9ff1-4215-b6f7-cebe3ecb5c9d	39592	88.29619	96.47987
cf1f8434-0f82-4af5-8d8c-8edd7a974f39	30869	94.06560	98.64480
cf20dc54-9bef-418e-a963-6f3a086c2a79	42695	95.75408	98.92573
cf282aea-f4c4-48b5-9f4a-651614b7b547	29352	95.24447	99.43309
cf2d2149-8505-45a9-bfa1-0f9d21abc25a	64536	94.91605	98.86013
cf2d601a-9d17-4cf9-9fa2-c3d55b5fb1bf	33519	91.93263	98.84144
cf2f6885-5260-4aaf-84ce-208e84d77fe4	48380	94.86910	99.05668
cf2fac44-5cb6-4ce0-b28b-9dff91d040ec	92377	90.44801	98.40235
cf39d414-8b25-4486-8780-82d9d0aa1108	30668	90.36455	98.15255
cf3a6be6-48c3-46c0-9217-65143abf86c9	31185	90.29186	97.99451
cf3a8761-2107-468f-8fd7-6d987e69b66b	40374	91.26432	98.53322
cf5dd76d-4c50-45e8-bbb8-d8407a50b243	38936	85.00876	97.35074
cf5f3c3c-7525-4d38-9af6-074267fbb7cc	31755	93.68402	99.10530
cf613d68-12aa-4e1e-9a5d-f9d96af8d910	51343	91.91438	98.24286
cf626f38-f8de-4a9e-b604-fd28761b2e60	23162	89.99293	98.31296
cf627a05-ff6c-4272-96cc-965033db59f2	23867	91.51739	98.15151
cf654c75-cdf6-48f7-a612-51f90340ff02	23397	91.06415	98.43400
cf65d5a2-b166-4758-89fe-2e9313f7d626	86573	95.08911	99.12431
cf6f8361-08de-4f22-ac9e-c3fc7879b1b3	51060	95.40544	99.26956
cf71caa1-b3a6-412a-b6a8-81f535c4fe77	48208	93.06358	98.86796
cf72d0bd-45f3-4c35-9ae0-91561d680da0	37499	94.99773	99.31013
cf78b890-a2ed-4d49-95f6-cf94fbeddbd4	50043	86.53099	95.59881
cf7ba1d1-3f20-4dd7-a239-700b8b46a36b	21900	73.64212	92.01876
cf7cf08d-d2a0-4e8d-a661-b4c875035674	25597	88.98119	97.38991
cf861eb8-4fb3-4f42-ae93-2218368b8c01	26819	95.39145	99.53485
cf88a74b-08fd-4cd4-944a-0eb4a06cc2c0	32557	92.33586	98.40948
cf88b00e-03e3-4ef6-b897-8cc26a6f187e	53384	92.79353	98.10046
cf89688c-8146-4947-a04e-6d9ca0262d49	65017	91.07103	98.60000
cf956dcf-b204-4761-bd66-817a698139f4	22895	95.18016	98.82226
cfa03f8f-652f-44f0-bdde-5988144096a9	34254	95.18691	99.11266
cfa0a886-6bef-41bf-bf7c-3cbb08ab3eb9	29905	92.90342	99.44318
cfa1ab18-e755-4afc-9106-1fe0f6956369	26285	90.07763	98.75467
cfa536e7-a068-4893-b5c9-2a09e7ebb36a	43977	92.07421	97.96510
cfa56e7a-ed70-4503-adcd-999ad2a1f98c	52836	94.24012	98.86592
cfa78d1b-097e-4177-8f36-b4cff6b92672	30015	79.73050	92.69729
cfb4bb55-2200-4c80-a7d6-d1ff0a1973e0	55782	96.41923	99.29232
cfb7d578-f1e8-4f0e-bbe1-6c583813109c	47956	94.26758	98.70135
cfbaf3a1-8a51-4715-a4ca-8c788f830912	30432	89.93194	97.16078
cfbb3237-4a9d-48ac-9ef8-003473a5e5ae	64446	93.76633	98.46726
cfbcfab9-a2e3-4aaf-bf3f-4d623ba83663	49122	95.82434	99.17290
cfc58ffe-aa70-4871-8a07-7da7b42f153c	24518	96.24577	99.18409
cfc6b973-d25a-418f-b700-35b099969380	24732	95.61152	99.11547
cfcc1ed8-dc00-4abe-8205-a5ba44979a0c	33623	91.38944	98.59445
cfcecc2d-c971-4644-84dc-00833e951cd9	47069	86.27661	92.83978
cfdfe07d-6e07-4d4c-91cc-5c859b998f12	55994	94.25421	98.24975
cfe0e534-e83d-4e33-a90d-9ab90eb06f1e	41114	95.55736	98.99153
cfe5b83b-4314-4cff-9149-0e6aa93cb58c	27145	92.85205	97.60728
cfe8b91c-09a0-4f69-9e2b-10464c729af6	34532	95.14450	99.01115
cfea94f5-bd09-454d-be0f-ea0973c6981f	35716	94.27551	98.40424
cfed1a7a-39bf-4cc8-a944-e84f25cdf22d	22160	95.89627	99.41463
cff12101-3381-4dca-99d4-387477fb28d0	32460	92.43124	96.12155
cff423c2-c779-4d8a-a641-95eca7de9276	33885	93.20701	98.53404
d0058006-0a9b-4738-8116-b97b476481e3	60151	88.93544	99.06816
d0093603-ff8b-41d4-91d0-e0c6a9c87d8c	43720	94.93549	99.19989
d0136d23-b44b-49a3-9b05-1c799b83e2c0	33388	93.54217	98.66030
d0197794-d3bb-43a4-aa59-735de6449ddc	29024	71.52507	93.32620
d01c6c0e-8404-4038-8495-9b0ef48fbf85	14608	85.83409	97.92311
d0212c2d-56d3-4b33-9755-d0b5fda1a25a	29269	83.28771	94.62299
d025948c-c858-459b-8ba2-af2218792123	28411	94.62362	99.16346
d02a2a45-a5b4-48f2-a4a7-2995595a32fc	65629	90.38907	98.12677
d02bdb1b-8af4-4b49-937d-58051767c615	28860	95.94207	99.26501
d02d1da1-c774-4a4b-b731-009c212f85b7	32217	95.40654	99.30478
d03f61dd-aa02-4b5d-9a85-e60fad89ed63	41318	95.28465	98.94891
d03fff23-f419-4ba1-b303-e594a9fb0fee	25098	90.64674	97.55850
d046076b-c9fd-4736-ad84-8a6e508a8dab	22148	90.87631	97.96235
d04e0bb8-1cb6-43fc-8964-7c124b54c6aa	26972	94.85874	98.95140
d0549e53-e7ee-4b31-8bef-d029e62b3cd7	49848	88.49878	97.69964
d0555ae9-9af9-4d0a-8af2-b703a21b7a5f	27407	93.81454	98.96675
d05637a2-9b03-465f-b80b-32b1a5ce817f	33204	96.00249	99.17964
d0613662-749d-4307-b2cc-e267e5b6e2dd	35340	93.97474	98.61996
d0623104-fe0e-4596-8423-fa2f79e0c8ed	40439	92.03773	96.07885
d068054e-ece5-4a18-8516-87af364346cf	24863	94.06830	98.86246
d06a15ed-374e-466b-ae8d-abb884304b06	36341	88.62229	95.31073
d072faad-8a99-4519-be57-2fd46438ca36	60120	90.78693	97.96681
d074db0b-97a8-4f92-9dc9-f13c84ff7f52	49319	90.48232	98.36734
d0763f3b-aa93-4de5-b366-2457a60b95de	39452	94.99876	98.80307
d07ad129-9c60-44d4-b78a-2a2a65ff571f	23221	92.03700	99.05244
d07cc69b-5c5e-416e-bbf8-55ef250ea5b8	35752	94.41752	99.05095
d0880cc2-8865-44ff-89a8-d9d3cd2ed28a	107364	91.37384	98.55025
d08957c1-0dd3-449e-86b2-b7dc9e120180	34096	95.41829	99.15175
d0898f62-747b-4efd-abb6-adda88905d12	32108	94.55784	99.14845
d08cc694-3fbd-4bc1-913a-ac778687329a	25551	95.76728	98.94737
d09fafb4-c6c1-4d9e-8fc1-3ab061f05427	30766	91.18718	97.23718
d0acbdce-b981-411b-adef-e871ad139391	23606	84.14193	96.27339
d0ad0f17-c133-4944-b302-a6fde92e57f9	31506	89.91824	98.47749
d0b5ab66-5a74-420a-b19f-1b58e14b9df9	52547	88.46126	97.79742
d0b6139f-1107-4e22-833d-99bf3d660898	29630	87.67729	97.23630
d0b99064-d1c8-453b-b2a1-ce1f55749479	41131	88.25982	97.49774
d0bfe99f-6767-4358-adb1-3eaa9d41f71f	35277	86.87061	97.63570
d0c19fa5-27d7-40ab-8591-377ea05f2af8	29973	96.11405	99.05251
d0c1d817-f420-4a71-884a-225c78862cba	37234	91.89946	97.91068
d0c721ea-71f6-46e3-b24b-a2417bc4defa	34692	92.27487	97.92516
d0c77d0d-0887-431c-b247-010d969d2cda	31895	94.46275	99.55873
d0ca9214-f48e-4c0a-a1cb-1e9cf4550e9a	22550	90.78658	96.44635
d0cbd2df-ead6-4e91-8eb3-6b27e49bbbf2	28932	94.95466	98.78458
d0cc26c2-6de8-4dde-8703-ab54c3d7f89e	14184	81.31955	87.70482
d0ce4e10-7523-4107-9e65-cdc4b391fec7	23651	91.84109	98.84291
d0d1489d-1fc1-49fd-bee4-25d250791a4d	32516	94.00686	98.93857
d0ddf11d-8e3f-4eee-bde8-6d89ecb707ad	35079	92.61695	99.01880
d0dfe6f0-73e6-4b7f-9540-9add362309ca	58212	95.15776	99.15056
d0dff5e9-f5e3-4e5d-a78f-4227544ab756	23224	96.41111	99.35608
d0e18b83-1af8-41a0-a97a-349795be622e	30447	88.64349	96.38673
d0f40821-8db7-4e04-a505-d05a17c0ed2e	30263	94.08580	98.52466
d0f533ef-7b68-48e8-93d1-f3a2a2e9f94d	24383	94.83404	98.99369
d0fd1119-17e5-4ba4-86cd-e8ad3db7f3de	22697	91.48304	97.88799
d10094bb-f490-496e-8594-b128ba5b8145	33699	91.11569	96.63151
d10633ca-0a51-4f05-9a99-909ad3f977a6	44759	85.31228	96.71179
d106b071-a37a-4ef6-a905-fd79ce958b38	36773	85.50736	95.94644
d10a3310-40ff-4fa1-a701-c15fcba5b091	24350	92.79470	98.24299
d10a4833-4c99-4c29-a30d-94e7c25a55c2	30388	92.41815	98.47167
d10afc45-0821-482f-b5db-dfe78033a1b3	30037	90.51638	98.54276
d10d0276-87bb-47d5-a37b-dd7ea09def20	23096	83.55702	95.13809
d110d7b5-d8d3-4c8a-b670-b49aaf12d95d	46918	93.72675	98.58129
d11abbfa-ad4d-4e18-bd9b-abf9ad5823c7	40613	93.75616	98.78628
d11cc623-763a-4b71-b144-b877848df9d9	37469	94.54223	98.72736
d11ce015-7f4c-4eb2-8a2d-edaf2e424937	33986	89.72745	96.68719
d11e4d77-8ac6-4a21-b043-1a8485746b92	33067	91.16752	98.68079
d11fc467-3f08-4e53-bcc2-4d09c4b2f20d	25083	87.45578	95.22631
d1247c3a-d5e1-45d3-b8df-6da00dff2088	23307	93.41438	98.71473
d125d74a-098e-4462-b7c0-589210964914	23756	92.32115	97.51660
d12ca7a6-d5c3-453d-aae6-63f0a4811562	24885	87.97230	98.05526
d131f02d-8c99-4ee3-9b7a-c395f21a5fc1	32626	89.73818	97.44703
d1323e55-2fad-465c-956b-4fae3e696eac	37724	89.28035	98.26564
d1357eaf-3e91-4824-8caa-10845735f257	25406	93.60999	98.79109
d137d6df-8b8c-433c-9b9c-f36635497552	28280	93.08267	98.00153
d13d5044-7553-4a2c-a6ab-f76d2b7e0ba2	23883	95.15446	99.03046
d13d6d95-eeb9-4a58-9abe-18d4715ff818	37725	89.14647	95.98522
d16079aa-46ca-4cad-9951-d53bbb2a5d6a	33088	72.87588	96.99885
d162eca4-05fe-4fa0-a426-13f44f9b818e	35962	94.87340	98.78593
d16e4fd1-f5c1-4270-bc09-34668ac6d5b4	25309	95.11154	99.15134
d1746287-c315-42c9-8c39-fcf6b7a92e87	39092	91.93505	97.97589
d175a8a8-d5c8-4e9d-81dc-6ed4400ff52c	47614	89.68741	95.73225
d176877e-a717-495e-83b8-d33a8f4967cc	24121	93.64745	98.80806
d17a2f9c-bd72-4b53-bb8d-a241394abed1	29775	95.62935	99.04295
d17e73f3-3ed8-46d1-acbc-e13d28ae8455	69612	88.70970	98.45328
d17f91aa-308a-4c53-af4a-583e147f6108	35776	88.69558	98.07814
d1895e99-8f5f-4246-a272-6d6fc3cd98bd	27286	90.81600	98.27848
d192a5d5-ad11-4ff6-826c-86ac84c27371	24976	95.71710	99.12459
d19abebe-4e96-4f91-a021-a19acaf0ee98	43555	94.87606	98.88341
d19b5bde-beed-4e64-ade9-90f1cdbedd80	26514	94.72906	98.89271
d1a91b8e-baff-405a-993c-c6f5fed5a152	30019	92.02480	98.65920
d1af2043-a5ad-45ef-8b06-dd9aa8b7e8e0	24845	96.20394	99.27835
d1b054e5-fe22-4d47-957a-b41691c791d9	31896	89.38637	98.21440
d1b3fae3-ede4-40d2-a267-1ea56a1992e5	50095	87.36612	97.59582
d1b45f94-d003-49d7-abec-d8bf2b97a6d0	101507	92.50127	99.24271
d1c4d9a3-f685-4b57-bc38-197545bbda19	60736	89.96002	98.17458
d1c60839-969d-4149-b1ba-7ca23d2488cc	26445	94.26993	99.27362
d1c65880-49d5-46d6-88c9-2435787a9d1e	26414	90.88351	98.24843
d1c6704c-1d78-40e1-be8f-bb56b74328b7	36828	83.49603	96.02654
d1c6d424-6952-4e32-b1f4-20a9f7fc1ea1	31608	92.13235	98.33468
d1c9b0e4-84ab-43df-b3d9-bc68235cc390	25807	80.90033	95.50395
d1ca3ec6-eddd-496c-be00-5bb874ac5f6c	40755	88.72968	96.51726
d1ddcc66-653d-41af-a92b-b7f4b0dae366	40179	87.59452	98.32532
d1e46d96-45ef-4420-8466-5afb18d8bb11	22227	89.56741	98.36709
d1e89de0-5e02-4a84-8a8f-5ade42f7e0ba	43172	91.77303	97.89660
d1f974f0-6d1e-4706-a789-16bdaca75fb2	26887	76.50430	87.69880
d1feaaf0-a6e9-4b4a-8658-d0fe2b22f208	33599	89.15007	97.71284
d1fed947-b9e9-4a4a-88e1-7cdb68664818	23516	95.38790	99.22047
d205db52-9d5d-4a55-914e-edd10ef1208f	48312	93.74194	98.57143
d20695f3-9ff9-4abe-9c8d-ae84e6837505	31527	96.42522	99.26454
d209f971-a9e0-4441-98d5-b30cd7561b07	23634	94.35317	99.02447
d211dddb-d144-48a0-af42-2d72cc38b145	37224	95.30212	98.93991
d2143b7d-e6cf-450a-8a0b-a4a12c7bd726	32972	94.57967	98.92628
d2163d45-bd13-40e3-88f6-6972372de67c	34091	89.96722	98.46007
d21af747-3830-4227-a9c5-2e98e291ad09	25775	87.67475	94.48408
d220f3f7-5959-4b7f-92a7-81525bee203b	34951	83.66316	92.34686
d2238e8a-904c-4283-bd46-2f0800d2e1f4	35084	95.64389	99.16131
d22d4e23-4a50-4901-8e7b-174acfd7064c	26365	86.67699	97.44807
d2352671-a50e-42ff-a941-de8303d7a07b	44018	91.42970	98.38099
d2420e8f-bf08-48a4-8dfd-59de7e0898b0	30221	80.55347	93.24504
d24409eb-9c12-4c87-b98b-ac570763abc3	27242	80.84026	93.33953
d249e238-0442-41f2-89e4-93b8a6d0660d	46598	86.96657	98.13650
d249e50a-f71b-4139-8f6f-018f47a4ef44	27342	95.35812	99.17031
d24ca319-2a76-4e6c-ba7a-28ecf3d1290a	24336	95.17255	99.02429
d25025d9-72c3-4384-b9bc-e23c66e299ce	32173	94.12590	99.34675
d25198c2-37f0-4efd-bfe5-6f85a0fa79ad	34198	95.42259	98.98439
d26d6c28-21d4-4253-9dec-7076a178590a	57376	90.53595	97.99767
d27eb132-6aef-4f22-ad5c-c20a3c95f004	37553	91.24685	96.49050
d27f712e-6db2-4558-a6e0-dcff0affe36c	23136	94.08364	98.66478
d2842eb8-94d4-4d4b-ad8d-b7ed586c0af5	56146	94.43970	98.99705
d284597f-98f1-4529-a2c2-3c04e257d7c0	39975	88.15802	96.57211
d2872be2-23cd-4cd5-96b3-ae9d1e810215	34739	87.51163	97.31596
d288449d-183a-4780-af50-0219cff721c6	58262	87.97689	97.82667
d288a7c2-5de0-49f0-8d0e-d41a2cc90fe6	34013	94.88251	98.96183
d28d418b-d26a-4b4e-bc25-77b36591f540	28658	91.07632	98.82402
d28f33f6-7a9a-4968-88e6-c701f866600e	33802	82.11049	94.20675
d291cacc-8896-4b59-bd08-25f828e7c974	29715	89.82539	97.26643
d2956c9f-4b92-49fc-8aee-4e6840d23d02	29104	95.09962	98.74821
d29be214-b2b4-4c45-b290-0f17fd2d1793	39258	95.07194	99.03705
d2ac73ea-ca8c-4d7c-a747-949d620a00d1	32720	88.47074	97.30995
d2ad30c2-ef69-4ea7-b3a3-0bb9f426039a	23592	90.16794	97.64979
d2b00dd1-9c98-4e90-a547-70cf93d94e39	48241	93.01412	98.54319
d2bc1a38-dd57-4cfd-a3a5-65d0c9e81c0f	28310	94.47615	98.88254
d2bf4008-3c9c-4050-aa84-cfa4e8a77f94	44312	95.03207	98.87563
d2c0b546-4d93-4891-a4c8-9e69a9c6d836	22408	85.83814	95.23403
d2c1876a-6f5d-43f0-80aa-c46ad8bed102	38063	95.75177	98.96819
d2c3face-b649-4573-8f62-82d3bc20c1b7	24843	91.75527	98.08279
d2ca5236-185b-41e2-a779-c6acf0fc2436	28109	91.94324	98.04380
d2cc9aca-e684-44c8-ac2a-d4b170427f66	35830	92.07655	97.00644
d2cebadc-1f41-4840-82a2-0e5ce713dc67	39052	95.64013	99.27403
d2d1bd26-2c8f-433b-b8da-c3ff54ceee1c	30757	90.61488	97.26766
d2d4e506-4469-4757-94f6-569c780c4e60	59915	90.69268	97.52609
d2d71df3-d891-4362-b9d6-25b7e5b43734	29563	90.03449	96.92009
d2dd4289-1ffe-4d48-b98b-f7775cc5bd69	46139	95.55011	99.14122
d2e65b86-5971-48f6-8e21-a93f67c39fc3	37896	92.31124	98.39549
d2e7935c-ed50-44a7-95d5-269c42c678cc	71431	95.57575	99.52708
d2efd54c-659c-42d2-9dd8-0dac637f1c0e	39322	90.30478	98.41716
d2f42f46-a3da-4711-8d53-bdae0b6971bd	30636	90.98113	97.87234
d2f54706-4738-431c-b23a-bc8964c65eef	36841	94.49857	99.72594
d2f5582a-8d25-4550-b50b-aeeaedfb1e5d	59071	93.76623	98.33797
d2f74d68-7bba-4265-9724-0d86ab45227d	25367	94.97293	98.77368
d3001385-aee5-46d8-aa9a-f7378bdc15f5	31649	90.78109	98.38237
d301abed-2603-4fc4-967a-5bf6e0146344	26323	92.34975	98.94042
d306e25a-02be-4943-a27d-93cc533c1faa	39072	90.61082	98.87812
d3089293-390c-4728-a7e9-deb88a9be847	38565	92.75807	98.44246
d30b309d-b378-451e-91e4-b265b78faa75	31165	96.08234	99.32586
d30e9d93-62a2-4ef0-be5e-a5a14fd63f71	24878	94.18673	98.94695
d3114170-598f-41bc-b25d-d1096887feea	50925	90.33502	98.08998
d312cbe8-b1a2-4f4a-a77c-c810e5f3a550	70408	95.21359	99.18345
d3174949-ccbe-48d9-b4d6-c58edf1c5845	26291	84.78497	93.72271
d31f9dc3-8678-442e-a525-394136ec92f5	28145	90.39330	98.08432
d3232c3e-289d-41a3-a8b6-0a92519d5744	24100	95.06887	98.97400
d3236325-66db-4036-91f6-7cc19d7bf2e0	29366	94.80914	99.48723
d32bf929-7a8e-414a-a9d1-db2beb26a56f	24629	93.78614	98.47938
d334733c-e184-4604-8674-c41dc3855197	22974	89.11525	98.02358
d3348d85-1195-4162-adf0-7cd8439b7cc3	53288	91.44512	96.85993
d335d9bd-6797-411e-8876-5121cc977550	42438	80.69222	92.84774
d339ae8b-ea6a-4852-902b-34f6cca95bb8	63778	94.38479	98.95301
d33cd28e-ee40-4a8b-86d9-5aeda4a0d705	23111	94.23224	98.64645
d34f0c92-8917-44eb-8859-94e770635c28	44254	92.87226	99.22911
d34fae17-5b9e-4416-b9a4-72e147e79577	36611	79.58590	93.93269
d34ff313-23dd-416a-8e80-2e2c4f87acf8	50832	95.84413	99.01102
d35868ba-b128-4f9e-a77f-55a766559adb	44380	89.60617	98.20459
d35ecdd4-fd3c-47cc-831c-5a3faf66a715	22097	88.61888	98.27663
d3647391-6326-43b2-86ac-0db9151f382a	40116	83.22515	94.93719
d36856df-65d2-4714-8019-08ca0077d59b	58850	73.37155	92.76679
d36860d8-0f3b-4b99-81c7-5a0338862c03	30702	91.56384	97.92779
d3686638-c983-437b-a7ca-2ffd060e68b0	38233	94.67333	99.12443
d369de16-a6fa-49f8-8c47-b193d89ecabf	36398	95.19941	99.01568
d36a3839-653e-40b4-80ed-b57387c7dd7d	29322	95.95519	98.91091
d3746a11-878d-49fd-be8e-9bbe6b1aeb95	38667	95.46136	99.09352
d37b045d-ef48-4f9c-9a05-4a795db1ddf1	31901	94.42843	98.93356
d37b4b88-c6de-42d0-8398-db4d06623c49	33200	93.95658	98.53939
d37cd390-b133-4164-a82c-a0762086a9c0	22607	94.59330	99.03224
d37dee00-dcb7-4800-bc12-addb87f0a780	23360	90.45740	97.57090
d3802ae0-c30b-4032-b474-5da3d6407d9b	2561	91.58951	100.23857
d3813b5d-78cf-479a-af0e-37ad9683fdb8	28720	90.73700	98.52061
d381d922-2399-47bd-a105-5b12672f3cbe	62921	92.17358	98.05727
d386984f-6ef7-4e82-8c89-77e41987eba6	32186	93.39862	98.50023
d387bf2b-e5b0-4530-8341-2ec251cf22e6	29303	93.61738	99.07442
d38eb40d-c7fe-4804-b6a4-0d05a5027362	22617	87.07683	95.47711
d39188af-4971-40ea-a466-788c27bcc208	26941	84.12934	95.94484
d395273a-3da0-4d44-b983-ed9d23f9869a	23670	95.53846	99.13424
d3955d88-6bb2-4df6-89f0-99bf7ac3ed57	51453	91.28110	98.98933
d3967a51-754f-4cea-a13f-bb6552914592	34193	91.05342	97.69740
d3989a68-1b88-4481-adb1-b0c84ec52403	53495	89.52092	96.07632
d3a2b105-7547-4a5f-a53b-297beee7f023	45490	80.52623	94.66007
d3a3672d-cf02-4eed-b06a-b300b7a8e9d9	26509	94.24413	99.25269
d3a5eae8-a2a2-454e-8452-6bfdfdd26097	22499	92.16101	98.51494
d3a93c01-2133-4e43-9bc3-5027ecf37388	42163	89.41898	97.50487
d3a9aebb-94a8-4f0d-89fe-fce057908904	45477	92.63108	98.57329
d3aaeb73-2179-4665-b020-251a15bcdef4	64686	95.66953	99.03125
d3b26bb5-0395-4372-b54e-cb351c5ebccf	27862	96.40655	99.33505
d3b7af44-d31d-4032-9389-479567ac6e22	54274	95.96619	99.37844
d3b94c08-1c20-4398-a5f5-f171fe447245	44194	89.57255	97.76369
d3c56af4-a6db-4578-9237-c4b68896bedc	39107	76.51808	90.24830
d3d1f5db-8ce5-43d0-a0f5-a1356ea9a3e0	23773	91.95266	98.15468
d3d20536-6fd2-47af-b90a-15ce1e289ca0	23631	90.92052	97.28223
d3d91011-5c42-4010-bf0a-521044d4e8cb	28155	78.34565	93.38353
d3e35aa2-d144-4cfc-bd0c-ab5a24f3a02d	31586	94.43775	98.48722
d3e624cd-92aa-46ee-b42f-63ef5cb77f2d	25189	91.88410	98.91484
d3e74cae-2e97-4690-bf11-009306acdd45	56059	79.58835	93.47884
d3e8c2be-aef5-496b-83ae-9840d9fc57e9	57127	86.97288	97.02610
d3e991d2-9183-4bdc-a879-30393b847900	38857	94.75761	99.53012
d3eab587-2ad3-4e2e-bbde-91d5702a82d5	24046	92.73542	98.53207
d3ef5f4a-772e-46c3-8a70-65fb46e8a634	27632	90.33420	97.30379
d3f03537-97f3-46d4-837e-da560d47f0bd	28421	96.36477	99.09787
d3f1d158-2cfe-485b-b3a9-936766ca6d9f	26766	90.73909	97.05476
d3f29d61-5615-42d1-a185-6a9358ce36c5	55172	90.45178	98.39629
d3f3be0e-018b-42ae-82b0-a4a736d831e5	22416	88.66493	95.15449
d3f3de9a-f900-4f75-8f5f-2ac4a39ee249	36331	83.82398	96.05214
d3f72b88-5232-44dd-b13b-d94e0b224fab	42989	79.54158	93.01594
d3fa2b73-985e-4389-8ff3-b6a9e5d27b62	34966	93.27512	98.66188
d3fc0699-16f1-40a7-8268-78fb52ddfbf2	23310	94.93223	99.09579
d3fec908-9fda-43f6-afdb-bbda756c8855	23798	86.70500	96.46129
d4059993-e77d-4b42-bb0c-567bda15e635	56370	84.88840	95.93051
d405dc36-f3b8-4601-8ce8-b24ab4a5fadf	23455	93.90498	99.13903
d40abe28-4ba5-45bf-ba7b-9caad301919f	37545	95.13068	98.80808
d40bf63c-91b0-4941-9551-354556b8c608	46744	95.27164	98.98411
d40d1363-022d-41f1-a4ae-d1f8956afc8a	26112	85.56461	95.76708
d40d1b80-1e6e-44ea-af37-bbf668a256cc	23850	81.25170	95.38863
d40dcbd7-1b5e-4e76-8a32-a2a9c96a0245	25712	94.59305	98.96545
d40f1b58-8ee6-4dc0-af98-1f642b1ff059	33386	84.46567	95.68391
d417fe42-4f5c-4f92-b0e7-fdf53ae48927	35612	95.08107	98.74955
d41859a1-e822-483d-8427-aa1886ac7b15	57573	92.11678	98.61754
d41bfc5e-711e-41c5-bdb3-348661e30ef1	22520	84.80549	96.35739
d41d8127-2242-48ee-a1fc-5d13bb606ae7	31041	83.89101	95.13223
d420ad4d-186a-4f1e-a809-1ddbd6cd87f7	30386	91.34981	99.13655
d424167c-fea1-4bf8-aa07-37a4f4b87f4a	77778	90.37462	97.70926
d42520cf-624c-4542-baa9-932eb568b466	27270	90.40889	97.23454
d42a28b2-88f7-47fb-8364-4b5515a1eed9	35611	92.10774	96.66467
d42ed5e6-ced2-4c44-9df6-d7de3b051f48	43196	91.52549	98.50143
d4379761-77b3-40e2-be65-a72e57e81460	37411	87.77368	97.37714
d43839e9-1846-440a-8abd-cbafd65837aa	33274	95.39782	98.90424
d439ca4a-6c6a-41c2-b46e-aea5d4ff5d28	64252	93.96025	98.47741
d43b220b-9011-42a5-89c0-a1fe41d74855	26241	85.15578	94.24089
d43e1b05-b17d-4a1c-945b-f22fab576029	31404	94.10572	98.85617
d444dc17-b2bc-47ce-9b62-43338ede8385	44295	95.39799	99.21924
d44ba7aa-2c7e-4e8c-8c2f-c013a31afddc	25274	95.70047	98.80840
d45345bf-24f6-496a-a973-15cb48459f0b	33635	88.30260	97.22126
d45381e9-475b-4f8c-9a07-63dfbfa12419	30605	93.79194	98.44616
d453c299-d19b-40ab-abb8-4db5fdf3a3f9	35427	91.11633	98.44246
d457079a-b0b1-44b1-9dc4-ec441e5eaeaa	24188	91.09275	97.88858
d458b920-9dde-4eaa-8e5f-da5619282d41	26516	93.12716	98.69320
d458d2c8-f1aa-48fa-bf65-a0d2ebdd2f00	34955	93.26490	98.44151
d45ceb86-6697-44f6-ab82-2793fdc65af5	30782	88.73725	97.88205
d45e22f2-a04a-42dd-a949-ef7ae4c2ab5f	37005	76.06785	90.49078
d4653fe2-edaf-45b7-9167-f97b9d914e22	43917	90.53377	97.90703
d478e071-0229-405a-ae61-4a23ec1a297e	46456	92.90222	97.92648
d47c2e5f-626d-4d4d-aaad-d1a932f18d1c	31501	94.94547	99.08552
d485b555-626c-4018-a855-02d79cb8e675	56672	91.71736	98.15650
d48d35bb-4833-48d9-aa5e-f97f694ad6d4	29325	94.08483	98.23678
d490c499-8edd-48f0-a905-84f1b365a97c	46368	87.20284	94.70421
d490fde6-17e8-421a-8713-c21b76bf61d3	39542	95.71638	99.08381
d4921309-db94-45de-b2a7-e3a6f6a29dd6	47484	90.69626	98.22254
d49e8256-d6af-45b4-93b4-06d05bd674c3	23023	92.68964	98.85800
d4a226ce-0fe8-408c-8f06-ab771415fb74	51970	94.40487	98.80810
d4a3a2e5-df33-4ff9-ae88-db6a5d4d8e3d	23649	93.39837	99.17526
d4a768c2-3835-4b26-b0a2-87c950a0ccbc	26294	85.67788	96.86633
d4b62b3c-47ec-4c82-a625-e895145776c2	73151	93.63432	98.48644
d4bb92f7-22bd-43c4-ab36-6085b27120ba	46501	94.89686	98.67797
d4c10aba-0036-45f6-9477-9f5da8d193ee	33403	86.13001	96.32778
d4cae796-0772-4183-8580-4f411064edc2	38637	95.97379	99.26883
d4d209e7-7ae8-43dd-bb5d-5fd1fabf9c9b	33404	80.02701	95.59664
d4d28279-a2c7-4f3c-801e-0f9659e3f6a1	34519	93.87518	99.03183
d4d4af96-5b53-4fb4-8b9b-3b1461f78807	29204	95.06123	98.81255
d4d98446-8ab0-4cf2-88b1-b454588bde1a	40618	94.84934	98.69326
d4f40627-1a95-4fa3-9bc4-e6059e820fe9	27715	94.41156	98.65791
d4f72370-8584-498f-917e-905ccf6d49b4	24774	88.74755	97.02320
d4fb783c-d267-44fe-baf1-ffe5d706d277	24448	94.61267	98.83646
d4fbaac0-6656-485b-b247-fd0844597b86	25237	92.34485	98.79863
d503df09-ab8e-40c0-9d02-241a1a033bd2	25985	89.37646	96.09140
d50500e0-ea55-45a3-8dac-0bab354594f6	51893	90.11704	96.42066
d508af5d-01f4-441d-8f22-f9c797d662d3	22017	83.27160	96.88563
d50cdf5c-65a9-4266-b041-fab828529656	39767	92.91903	98.81272
d512242b-dc38-424d-9189-92f3ba63f035	26002	91.09283	97.44456
d51234c9-c88a-4ca1-b3f9-6ddf105a31c5	42840	95.35385	99.18347
d51c5402-d41c-47f1-a1fd-7641639c0bf4	42647	89.02518	98.52284
d51fc18c-5a9a-4416-b5f8-cc8195b8472c	87002	93.01122	98.07951
d523c2e0-a0e5-43dc-82cc-8132b942e95f	25656	90.61799	97.79417
d524a0cc-1110-41cf-86e5-168b1ee1a171	25721	94.92044	99.56117
d525e710-78af-4a44-9df5-95377bc22862	23819	95.75323	99.50115
d5297255-9adc-4b4e-8252-621864bda331	36365	85.97425	96.50597
d52b4dce-0d95-4bf7-8be8-0fe23caa439d	23412	88.13877	97.04304
d52c7280-3762-49b1-a627-50fbc8e0657c	27104	94.49661	98.88409
d52e26db-e09b-48a2-9833-6c96ac3e3595	42111	87.60037	96.55220
d5345015-ddcf-4cc9-a24a-b0e038cc7e8e	23941	83.90585	96.00338
d53bec03-8ff7-448a-b995-0c305d096608	24702	87.33254	96.33063
d543fedf-ceef-4b99-a5bd-803fd597bb40	33979	86.02449	96.74801
d54dc9e1-393f-44e2-930a-a4364c0c53c7	41556	95.16681	99.07803
d553e2dc-94d1-46eb-8f75-be690767a8c4	22759	85.29448	96.65302
d5540b54-9ae0-416a-b2ce-8540e2f0c2a9	46742	90.94118	97.42144
d5580e3c-ddb0-4747-a7b6-ebb1f37b3517	44950	90.55636	97.98637
d558ac98-5457-4ecf-8d53-3d33257f569e	23015	92.02477	98.30880
d560941b-2ca6-421a-b992-e08379d12255	33976	93.99885	98.75539
d5623b96-e0b4-4e91-ba67-4023d8b48d3c	37033	92.92642	99.29068
d567effc-dee3-497b-bee2-99a38520f0f8	36392	91.14065	98.34876
d56ed239-9e29-425b-a3c6-d5dc7f1eb09e	22553	84.72524	96.52118
d56f341c-a6f2-4d9c-8b0e-418610c457c6	25683	89.97627	96.81921
d5713a75-5a8b-4c8b-bbda-69e96ee4f215	82185	84.33359	95.83820
d5722a8c-343c-4099-a65f-80c2380a617d	33623	90.98692	98.06140
d57b08ca-6f30-4fa7-9fee-1e10d6ccbc9d	55329	81.21725	96.60012
d57c6cb2-73c3-486a-9ca3-64d19f829dba	44827	95.31247	99.12512
d58b60a0-c42e-49d1-900f-7aca0ecc310a	25468	95.23368	99.10240
d5946b96-a8b3-4dd7-af3b-b72cddfc8ca6	26910	95.13955	99.38816
d5962568-7d27-431b-ab3b-833ee4c40e2c	44999	90.29756	98.41152
d597968d-8654-46cd-a837-88f19d447e2e	38472	94.60967	99.03276
d59be188-8d8e-459b-aa2f-56d0d37d198d	32728	93.54570	98.62034
d5a3ed1a-c5c5-424f-a8db-4d778fbc53d8	24722	85.28225	97.67451
d5a4f1ea-3f92-4a11-a56a-78800635e676	25733	92.99206	97.15941
d5a6efba-bdc2-4415-8383-329f35169975	61708	93.32512	98.82742
d5a7421f-d850-43fe-aa0e-0db43d8fbb8b	33427	91.16624	98.71552
d5b46f3a-e434-49ab-b88a-e5c4ac81a0af	35497	94.54320	99.03542
d5b491c5-4665-4b11-b831-65593924f453	42561	94.11967	99.08798
d5bc286e-ae71-4f0a-8ac9-75747599a8f2	30719	86.38673	95.76258
d5bc8f14-07af-41f9-bd94-039595153125	30430	79.46680	94.00279
d5bf4351-d8c0-4518-983e-ef75fe771b91	33988	90.88808	97.41895
d5c08bc6-b0e7-4c12-850d-7bca5931f85a	25048	77.42437	93.80881
d5c381a6-85d2-4342-8022-c36ebf3dac59	22255	91.76049	97.06719
d5c79426-4f85-44dd-9ed9-3280aa79edfd	27082	91.81213	98.95459
d5c952e3-0964-4fab-bfb9-4f4ba365fb41	40359	91.02629	98.42058
d5d69003-44ec-483d-97ce-0d0ffd014cfd	22231	92.66839	98.92814
d5d6cd93-3cba-45f0-b0bd-8b664a81bc69	52285	95.32977	99.22650
d5d8817b-d81d-4a20-87c6-23acb3706610	22639	91.47079	97.73091
d5d980e7-537f-4138-a9f2-2514d43023f3	59998	94.23543	98.75245
d5dae473-650a-41e8-a145-a97def282878	48811	89.37030	97.10549
d5dbf24b-2c14-4216-8ff4-ee981e3bd3a7	44512	84.71550	95.23830
d5e57b44-2fa2-4f3d-a28e-f2a4af65b8c6	39987	84.43416	93.29716
d5e91aad-4fab-4463-83d1-6f67096dd2ef	37365	95.15019	98.83632
d5f2a698-5ea6-4219-a29e-2139da4d6c11	37963	94.67446	98.89573
d5f743f5-cafd-48f7-a68f-84ae68fb9668	22732	89.14901	96.83314
d5fb1211-be27-411a-9e57-17564772e836	23526	91.96794	98.89498
d601757e-e893-4af1-ba0f-a8558679b3f4	38221	90.77319	98.47190
d60820eb-64c6-4e75-a108-bfe9c0b4ae56	34266	96.41344	99.60092
d60bf05a-1397-4c5f-a191-0ae7c625d6f4	25272	93.15557	98.21101
d60c34e9-d915-42dd-9aa2-dc587248c82f	30709	93.36895	99.06844
d615ccdc-1e78-4010-b3e1-3f7f777638a3	24037	95.57366	99.02455
d619f667-c4a9-4daa-8ee8-0e1438c7c199	26081	92.11349	98.93156
d61cde1a-796e-4037-8915-0115229304b1	43878	91.97451	98.41377
d6225cf3-ac9d-44cb-a4af-17e87d35f6b6	59476	95.51131	99.04132
d626dca9-ca4d-40ba-bd33-359e57d543b0	32744	89.32471	96.05000
d6273aaf-04a8-4a58-bb79-0f0eabe16578	35036	91.57534	98.33483
d628ffcf-b79b-47f5-b701-2cdeca4974bb	31211	86.74975	96.15575
d62d3f12-4b1e-43d4-b6f4-ce57961485da	31112	94.79718	98.93841
d630018a-9e30-496d-b807-48dd9aaf519f	36354	93.36063	98.42161
d634827c-a126-46c3-9bd7-c3de75950d7f	28184	91.57298	98.61662
d634d411-2ed6-4b7d-beb4-d8f5d858dc87	31466	86.52078	95.97870
d6364b10-8a3f-4334-926b-b1da22665c53	27316	84.50302	95.49341
d6395758-9819-43e5-bd07-92130a622db6	31192	94.20311	99.32307
d63d2afc-30b2-4044-9ac6-ac61c20a1210	37313	95.35300	99.04782
d63d7f19-de05-4ea7-807e-e2da59391d89	32046	95.91180	98.95069
d6403571-f84d-4858-899e-50449aff5595	26317	85.19560	96.19450
d644fa31-9004-46b8-83f2-b1d78f254691	33122	95.60538	99.38043
d64553b6-687c-4861-b293-e0b75b608bfb	45651	94.46820	98.64473
d64dc3a0-b2cf-419b-bf96-9d4695fda295	25743	96.31232	98.93913
d64f072e-c9ad-43c9-a3f7-7737eb2f42fc	69119	94.64124	98.81486
d6503fbe-2565-4127-92b0-cd4ecdc89089	29124	88.40827	98.46003
d6545429-63a8-4383-81d2-1fea4421f542	42415	89.31402	96.91220
d6549a4d-281a-42af-a845-2c5301bc83c8	23534	93.67157	99.06668
d6599685-ae00-491a-93b5-43a236a0de05	23716	92.50440	98.38488
d659ebf1-c406-4ef0-83eb-56571e575ed2	31440	95.47257	98.94006
d65bc322-2d8e-4466-bd5f-5ac01b7cca1a	29078	95.87863	99.11483
d65bebaa-57e9-4b2a-a52a-9153bbda1f6d	34847	92.17578	98.80080
d65eb705-10b7-4e72-a660-19a67e23fff6	26287	84.42600	94.87198
d65fa67e-8c33-47e9-9bd9-5385f446e2b2	40789	90.88334	97.04698
d660c4f1-cbb3-4886-91f5-1d3608c9026a	53621	86.06941	97.19368
d662c03c-17c2-4b00-8703-fe449abda667	24008	82.93382	94.12900
d662f325-08ad-47c9-8fc9-9d904a081dc1	29668	92.32978	98.40404
d665c63f-b37a-4c14-91c2-faeeb71d2bf2	53436	84.17195	95.44682
d6697327-22db-45ca-b0e4-3e4e5a90384c	23617	90.57021	98.83701
d66a4a19-9647-4574-8343-ca20dea70892	41730	89.49963	97.22326
d677c68d-ad79-49f8-96be-0269000acd57	26479	94.23724	98.88015
d67c8609-0528-4ab2-8c0e-808071bf54e1	30136	87.92678	97.68540
d6833929-23f2-4eb2-b7ab-bd11d5ca374f	36498	95.03428	98.45796
d687786c-09ef-4c32-8a6e-a82b821e29d6	56898	91.93278	97.83682
d68f813b-7d63-4461-9e8a-990774463efd	33924	92.09134	98.05319
d6957d70-00fa-456d-a218-283e141cdb44	74693	86.13762	96.06904
d6a1d92e-4534-4539-93f7-d29faf5d0e73	35104	94.15709	98.63338
d6a58eaf-27bb-49e7-b414-26cb2501afd4	20724	95.54493	98.86749
d6ad713a-06be-48e2-9c10-dbd2d153d5bf	24187	95.07271	98.84647
d6b1fd78-e59d-4c58-8961-1423caf7e964	38023	90.24175	97.73892
d6b2777b-ef11-4319-a436-0f5eb8a19f8d	33872	87.64266	95.91524
d6b7fc7b-0737-4d9a-b8eb-132084957ea2	23559	96.98535	99.24752
d6c18865-0cf6-4e37-9ff3-7a7e88b70952	32592	94.44461	98.81169
d6c1d855-ba74-47e4-be4f-8b71742f4be4	40367	95.79214	99.04853
d6c7ac33-5f84-4550-a456-f8c9cc20f058	28309	74.48612	93.49866
d6c7e0b3-e693-4fe2-9d02-94fce2d77148	26361	88.77334	97.21739
d6c95d8a-4fc2-435e-b2e2-1b89db50a98b	35500	88.86781	96.67613
d6cb8e39-ce52-447e-9432-f44d7d307df3	32015	90.25019	98.45798
d6cda076-c8e4-490b-b2da-7130b0aa8bb9	56179	93.27008	99.10098
d6cee83b-0bbe-4b70-9327-3919eee4f25d	29843	93.54051	98.14039
d6d16ba9-a8cf-4394-8dd0-95a03b2df2b3	58934	81.14788	97.11278
d6d96c86-d552-4472-8e6d-545e22cbea79	27416	93.09473	99.12599
d6dfce3f-5ac7-4e32-bf1d-d9d0cd513b04	25569	93.36261	97.82383
d6e04e2f-0025-4792-a131-af57f22aebae	19730	95.94265	98.95498
d6e0ff25-ef37-4c60-85a6-cc0e652df8e4	22586	94.29450	98.70512
d6f1e31f-0b82-4531-8d18-1bfac389fcde	55439	89.47487	98.66498
d6f867c7-23b9-48b8-b3c6-bcc1a641d87d	54086	94.79720	99.00789
d6f9db92-a1bb-4c2b-aa51-e68d876b9533	28213	88.60644	97.61996
d6fd82fe-7638-4b6c-aab2-0a0ee03e7fa9	23519	95.07418	98.71962
d70143df-e3fb-4873-96d0-817154afe61e	31127	89.37525	97.32048
d707e187-a964-487b-9717-5999197e9487	30967	95.64775	99.31844
d7099bb5-844e-449a-ad0f-62d4f3bbc460	28948	90.69544	97.85697
d70cbbd4-0bef-4f59-9c41-d25fa8a60111	74220	91.21787	97.91496
d70f9860-c7ff-4ce6-9204-34c84cdddd96	27282	92.54979	98.70540
d7216a8a-d545-4519-b17e-43bfc26aaab0	28698	95.95610	99.08669
d7221207-8e28-40cc-8d78-a26e169c82c7	44219	85.53881	96.93653
d725a325-c0a4-43ac-bb38-cfc5c3386490	26154	86.40000	96.50874
d72ff37e-83e6-4fc7-b041-dc92ce473c6b	51742	87.65781	97.32296
d738489c-1f12-4b08-a16f-2eff25d95b44	38844	92.11971	98.59882
d7386f2e-2381-4147-ad82-18fe854c6d5c	25159	94.46391	99.01709
d73aa29f-6736-4527-b86a-a4d1d9e12051	29499	94.09151	98.75954
d73c5ad8-83b8-4da0-a679-bb997b3284d2	29321	94.80837	99.19289
d73d830f-84e2-4f38-baf4-58c54ed267f8	16652	85.98115	95.83792
d7426ca5-a821-49e4-95f3-de5d3a55abbf	27032	89.49442	96.56915
d7452ec0-e07a-4f41-8923-178d24c9a69c	48612	90.08305	97.50467
d745f17f-1797-4c36-8c8f-45aef9784b63	26889	95.18724	99.31471
d75a6bd3-746c-4243-b4f1-4b609dbb19da	21727	85.01759	96.83876
d75bbd0b-e43c-45de-ab2b-8bd192cd928e	47251	96.05811	99.07598
d75e45dd-a30c-4ed1-b292-b7b2f887dbf4	47471	94.81585	98.88177
d76ce581-7512-45d7-a193-1c7a75c16550	24215	94.06992	98.87360
d76f6274-17d2-4ef5-b321-f47e9b30cca1	24673	95.39955	98.73123
d76fe9c6-ac67-43b1-83f8-37b639ac23c7	30230	93.48875	98.34051
d771bcf3-7848-460a-9fbf-6811c98831c0	32738	83.24830	96.38672
d77e3d78-a31f-4c7d-ad44-4e83def5948c	45707	86.27037	95.71713
d77f2386-7355-4d35-a8f5-689c45f8d824	38932	93.46371	98.49072
d780a41b-ae19-491d-b35c-f23b1fc17b19	26414	95.34737	98.96652
d7834017-62f8-41a7-b27f-5e3a9887c327	84604	82.09244	96.46241
d78648df-e052-4a09-bea8-5042c8923a50	26178	95.61337	99.16736
d78b1e3d-09fd-408b-ba6a-9b5d822454cf	32377	94.09990	98.75275
d79485a7-3569-4f66-9d8a-f94b874aa256	28945	87.43504	97.55001
d79a2801-56dd-4530-8ac6-d9a159222ba3	40098	92.93976	97.61818
d79b9bc6-3c98-4249-a5ad-fc3b32ea0d27	64270	94.28030	99.30689
d79be6cb-bee4-417d-878a-4a095806a717	27473	94.72090	98.78818
d7a9fcf2-6eab-4fa3-a6e4-676dd3f9e948	27656	94.62098	98.79960
d7b30318-0d01-4e03-a0e5-8f102ce9b995	57234	95.20932	98.78491
d7b44d18-8c07-47c1-8588-f7981961d0e2	33065	89.51718	98.47896
d7bd3cb2-848b-4513-a9fb-fc8d54d8e13d	26879	94.73280	99.12703
d7beb68c-1be5-4954-9edf-f58bf76da1de	25629	68.68957	86.98056
d7c4d9c9-905c-4264-997f-f68b827e8bc0	41773	93.84590	98.38363
d7c738c2-ef66-4ce5-92f9-9fe93379d72e	44390	89.12638	96.82384
d7c7416e-2bc7-4b91-a35f-7527de6503a6	29229	87.69450	96.46167
d7d26352-72ce-4666-abd0-cbae00c3fb02	24543	94.72212	98.94430
d7d82809-3386-497b-a0b4-a6dc29b3af38	28233	83.47792	96.60534
d7db8499-0941-4be7-b733-89b2338a8659	37959	94.29644	98.51002
d7db8841-7929-4916-97ff-eaa376f27572	58078	94.21495	98.61763
d7df5601-34f8-43dd-a1b5-c9176f2b29f6	30502	92.88716	98.68660
d7e0cef0-94a7-44ac-99e9-7b5016eb0def	25091	94.57874	99.23846
d7e0f631-9843-4ce0-bc0e-8d4989626406	26216	86.01533	97.16669
d7e7fae9-ce1d-48e8-aac1-4f66e58e88ef	24414	89.47059	97.29741
d7e9c10f-38ae-4a65-9cba-4233bf589e96	24656	82.89131	96.18470
d7ed78e1-6803-4baf-97ed-74b0374e04ef	25228	79.66594	94.72414
d7f20d2b-75ea-4ae5-9618-5c0d0c839ef5	36859	89.78032	98.17585
d7f242af-a41d-4174-94ea-c91ad23e317f	35760	94.17205	99.08818
d7f2a9b6-94e1-4888-87eb-cfa7cbe016e7	42347	87.78898	97.05754
d7f7a8a6-8540-45a1-a1e8-e8746f41678a	21993	87.04607	97.27474
d7fb6f84-e1c2-481a-b18a-984807ebf710	35810	89.80616	95.90027
d8015acb-0a74-4ec1-99a6-546db62e1eea	29089	82.62457	93.86996
d801e846-11f1-4d21-a7f4-1c0bdd20a8db	22285	95.91448	99.29351
d813d624-5715-4b25-bbba-11322bc67c53	38958	90.46892	97.78694
d814e3b0-a96d-4754-8694-4b6785e5afc7	22535	92.95526	97.63169
d816ad04-11aa-4c3c-b085-8412f90f6991	28404	94.68864	98.93364
d81b3939-2743-476b-865d-f727cb871c07	45895	93.27824	98.54751
d81e4a8e-a77e-43e3-a1b6-ea56471464a1	1665	95.37260	99.26874
d8220754-c5ef-4d73-a9d8-dc804685192c	13797	83.57071	95.24638
d8292936-bfff-41ba-884f-2230feafc68d	52041	72.13075	95.53224
d82c3746-4531-41b4-a79b-551ebda7c42f	113114	93.57317	99.03091
d82c79a8-9234-463b-a976-1a6799fb59b5	39718	92.22838	98.01919
d82fdaa4-1eed-4fe7-9a27-26eb6fde93aa	46788	94.53955	98.51722
d8300a5b-252d-4870-ae26-6c58e28ce5b3	37819	94.01712	98.63590
d84002fe-fd63-42fa-8121-98a07deccbe5	24899	92.62702	98.55849
d848bea9-561b-4833-a577-0a92f251a057	28898	91.10189	97.55280
d84d753d-d828-4c79-956f-6432f55bd16e	27044	87.14104	98.08917
d84e09bb-566e-49c7-9c24-6cc9d3c28a81	29478	91.72211	97.53451
d852f3db-2dfb-4613-8d30-be83357f95ce	23348	92.38513	97.97542
d8614494-4db8-4f3a-9b0b-06715625d8f2	43268	84.63892	94.26052
d861a7f7-0c21-4943-9adb-7bdea50b4ce3	33965	95.10265	98.93104
d86d562b-4f04-4ab5-ad9a-c54308cc0193	35080	95.28523	98.98479
d872687b-6820-4fd3-9acb-1f176515d58d	31750	90.41747	97.87070
d872eaff-0590-4d9a-8bbe-585b54650f0d	37809	94.89698	98.90093
d8733d1c-b9d1-43fa-b6d7-8839cefc92ab	27662	80.50876	93.90807
d8736380-3a53-4e5c-b10d-0c46bbc65761	36086	88.60040	98.08027
d8756ce7-9b24-4b4c-842e-face79878708	32788	93.67588	98.25157
d8781c84-ade2-493e-8b6f-56933118017c	24182	90.45927	98.58371
d8790531-e1ac-4099-a120-c8ccd1904d51	29586	95.74659	99.16364
d87d00d2-68bb-4206-beb0-317ddc868f68	34291	87.49965	97.27092
d87f9dfa-642c-4940-afbf-ab0ff8b2161f	62030	95.40486	99.10246
d884788e-acbf-4ccb-9402-66d3018debff	27981	90.17201	97.43733
d888b5df-d11c-4585-8b64-4ae4cf8e96f3	25566	88.87277	96.71727
d8897776-610f-4ca7-a7db-7b2cc9ef7c3e	32327	95.29219	98.68196
d88c488f-0ab2-4de6-b6f2-c27fb1d960c2	34455	87.54752	96.15202
d89002f7-864e-4f08-b197-755ed7135463	25842	73.80111	85.23884
d89082b1-d89b-4645-958b-0dca803bcb2a	27196	93.86320	98.49976
d896ebdd-ef95-43eb-b465-80d635d085df	23498	76.97376	94.10696
d899530a-a2b7-4949-98e9-e4463a8a46e7	31680	92.06528	98.11174
d89aaf8f-a6d5-42ba-9866-55f795b669e1	34555	90.19061	98.45371
d89b9141-f765-4ba8-beef-e3f48eb1fb76	24179	91.89536	98.87585
d8a32e3c-5f05-4235-982f-5181cef1284c	38221	94.97220	99.04443
d8a68304-2239-403f-a86c-eb82f0f0290c	24209	91.60351	98.69174
d8c04b03-385d-4d66-a408-73f99be27582	36634	95.71241	99.14544
d8c0b896-2923-45ad-8054-be9296f980d1	29134	77.22403	92.87708
d8c1f979-0360-42be-bf8a-4ca10bb0f2f8	38008	92.77099	98.02274
d8c9ddbc-6981-4e43-9b47-b0cad625370f	24817	90.48172	97.51222
d8cafa83-c838-4cfd-97d6-274ba528f116	24833	94.49281	98.83837
d8cfb14b-2972-44f9-99cf-b2f2d504c75f	22400	93.35298	98.06248
d8d39a75-cfc8-4782-821a-ab61f4784319	34889	95.02413	99.59369
d8df4235-ee2a-4819-91b7-ba87edaaf66b	26418	95.17005	99.21266
d8e8e115-051b-490e-b2d6-15d073e710e8	34394	88.35577	97.67488
d8e96b23-05ec-49b6-a2e7-1d585fea5ca6	27295	94.50120	98.76651
d8e9b046-964d-4e30-b17f-ce4b134413b0	39685	89.95081	96.87875
d8ed4f9d-93f8-4535-9f94-7a97a966b719	31798	85.83967	94.87364
d8f349ca-5eef-4571-a9ef-e98b1ba8b974	16277	92.38328	98.36512
d8f70ee2-d33b-4104-b5e6-452e20291f7e	71639	94.09931	98.76487
d8fb8c33-4b25-43ea-80cf-d9be73e97824	33207	95.56883	98.89539
d8fc814a-db8a-4ac9-9ac4-d18bf87dbaff	41775	94.82476	98.65600
d904b807-7710-428c-b80a-a8d5bb1c916e	52570	95.56942	99.01338
d90757b8-6b10-4298-b2dc-05b64a84b175	62049	95.06958	98.86879
d9091be9-4a40-44a1-8a50-55364e940dbb	36576	91.52707	97.86635
d90e5d4e-0533-4a91-af26-7f9b2f7c3799	23469	91.36989	98.05903
d91124e2-a343-4a58-aa76-cb5a3c259a6d	22627	90.19499	98.85441
d9122c4b-b644-430b-83f6-035c4320ebf0	23823	91.08879	98.66628
d91da08a-6a93-4ce0-bd3c-0a67e75c328b	32748	95.32115	99.25800
d92291dd-5234-4249-a9e8-c3624437fae6	40438	77.91772	81.53119
d9276e0c-5c30-480d-ab2c-30fe7293df49	35900	91.14546	98.18481
d9285512-6ac1-478d-a267-6fe55de11a94	46059	87.63201	97.13809
d92bcba4-f21c-48cb-9864-86140449f64a	28491	88.52988	98.04572
d9387940-bc64-4b90-870a-e804f1ea7258	23061	81.17296	94.33714
d93ccd16-1fdf-4e9e-8e8f-6633bd1e05a8	23787	95.27722	98.82785
d93dcd43-9f6f-4cf3-a774-c92fe2c648b8	6795	95.13011	99.74904
d945f089-64d9-448f-a187-d7f71d8b586e	26544	89.69800	97.40202
d946cd7e-3b13-4a68-98b8-3f99a79b30f7	27871	86.76431	97.58727
d94ed607-55f7-44a4-8257-8bbadda5a2d1	50810	89.02087	97.27351
d953ce93-10c6-42c9-a354-3a71b233e5ce	19636	93.83415	98.72047
d957323a-bf49-49d2-a0a4-b507c2d500c7	39241	87.86880	96.48876
d9589dac-9f51-4319-9e65-138f9cf30926	30763	88.72978	97.02045
d962b125-7342-4b16-bc31-f1ca6aab2cbe	30341	83.78824	95.29252
d968c989-d9a7-4b02-9947-02ff1763d735	56987	92.87388	98.95790
d9714f29-95f0-49c4-9034-2280ba89e4f0	40096	95.57526	99.07655
d973ba2f-7399-481f-8140-0be658f9e014	68152	95.50282	98.97355
d976a9c6-89f5-4848-950e-7ab68968e048	27068	95.22859	99.05338
d9808cf8-fd2c-4036-adc1-807c218aa45a	22824	90.60146	97.92510
d9897efe-2034-45ae-81bc-f3bfb65712db	27192	93.54746	98.88784
d98a217c-e031-4b22-b763-ef7f12461eab	39484	85.33890	97.87731
d98b46f9-c982-4fb9-b0c3-aea4ff6c84b4	29255	90.29043	98.14933
d98d8f9b-cf46-4a56-b03a-8842e6ac7d7d	30645	77.90637	86.29444
d99b9edd-f082-4f25-bf51-081980250321	45994	86.29931	97.28550
d99e3b51-28dd-4f7e-beca-d1999eea526f	52060	73.55616	87.72412
d9a4a581-8e01-4a52-9714-145240a60e80	48723	90.59814	98.44600
d9a7173c-218e-41c8-a958-fdcba6c45e3f	45567	89.89931	98.39059
d9a8f27d-28d8-4df2-a4eb-67c1a7a15bd7	28072	85.03438	95.97818
d9a960fd-8932-4f92-8ecd-12aa2fb38c7c	56874	83.10434	95.62244
d9a9d694-f61f-4d2f-9954-f3e19e747481	33299	90.27654	97.22735
d9ae1527-3d08-4c47-b184-79e336229c0b	44754	94.94658	99.11707
d9b24980-e7cc-4329-aa92-c159f18b8c1c	22947	91.51449	97.23522
d9b57af4-3161-4411-bfb7-2b7b29e9aa0f	38890	89.52176	98.16379
d9c06b01-4ad2-4421-a4fb-f3616adad3de	39852	95.85701	99.32569
d9c5929c-983d-42a7-9096-aadd56de8523	25204	88.10676	95.38304
d9ca753b-d8e2-41ab-948c-5ddf6a78009c	30386	87.79390	97.23400
d9cd0478-7c83-46af-9469-9ca250b0426f	39760	87.78414	97.35150
d9d16674-6819-4f30-b24b-7718c52862d0	56553	91.95166	98.24216
d9d29ae9-4d9d-451f-bf4a-dec7669877a2	33656	94.55231	98.57621
d9d428fe-6609-4872-9c51-243764f57dc6	51295	95.43009	99.15400
d9d91327-d186-4a98-870a-e4a3abe1c2db	30913	84.26048	95.38538
d9e2af6c-9f8d-44da-ab10-097f866fac7e	29198	95.42275	99.04118
d9ea6d96-5a47-4605-9368-5d8bf47ac9a3	64215	94.99511	99.22349
d9eb13e4-7a05-4fba-9462-10c70c423c1c	30903	95.10478	98.74063
d9ed9938-c3ea-4d23-bbc9-2ba9d7558c2c	27184	95.44484	99.12233
d9ee00c6-f0b8-45f0-9d74-8daa16267f18	23426	95.78128	99.11260
d9f6537c-ca0a-4845-a4e4-5fb385ca392d	32622	93.58203	98.35600
d9f749c3-864f-4081-9908-e76275afc197	29545	93.84946	98.86551
d9fa2d94-7262-42ab-9415-6d9f53b441bc	22235	90.87305	98.26569
d9fc8deb-15c2-4992-b5bc-71cbbb3b4244	21564	82.19328	93.91886
d9feb14f-e321-45d7-9b52-664bda6c8984	37934	92.20018	97.52918
da02eefe-faad-47f3-a95c-0968bf1e6218	36523	93.06158	98.62257
da03a5c9-afc3-4d08-ac66-b5c75d4a058a	22474	91.56000	97.92123
da05b5e2-3bf6-4962-b958-9516a501dadc	22757	95.38422	99.06963
da0698d6-a029-4b6e-a53d-43561aff4564	21757	84.17748	92.69045
da0dccf7-ad01-43af-8461-cce64f436d93	27244	80.20505	85.72285
da107812-86bf-4a80-b285-1c2d1ea4c9dd	41571	93.46283	98.35463
da135dac-7b1d-4fd9-9062-f8511bd57d18	25693	90.46542	96.61828
da185c30-d3e2-459b-b837-b9e745449564	25804	81.01983	90.83975
da1e7d0f-d6ce-4d3b-987c-2d99af964406	29347	89.11020	97.73092
da1fd1b9-34e0-473e-ba28-c42631f1b023	34437	80.01808	94.50489
da245769-a431-4bf3-aaea-cf19b394dd00	26286	91.06028	98.21161
da282532-b32a-4859-8977-0ccafded37c2	24405	93.90718	99.00623
da28368a-1dcc-4c54-8dae-e18343167a9f	43302	93.62144	99.19675
da2c59bf-aa65-4a41-9a8a-c558660a6c32	72191	82.32827	95.73087
da2dcb12-2038-4663-83d5-a24cbdee437d	30693	93.16090	98.74528
da315143-9a8c-40ee-ab21-46cc483551cc	57090	87.17204	97.17242
da35fd8a-febc-45fa-bfbf-81d6b0b612c2	60374	72.93599	97.68701
da36c74d-6cca-4b37-8dc8-096a410923b8	22794	95.22823	99.30504
da40b52e-0395-4a33-b915-6ea093d4fffc	35567	92.12293	98.78351
da41ac33-182f-463b-a3e5-87ad18aa1656	40846	95.16036	99.48264
da41adaa-ae35-41de-9dfd-f938435ac677	25104	95.74668	99.06172
da4b8416-dade-42e2-85d7-12a96c030b99	25893	95.53476	99.14267
da584b97-c582-417a-b5e1-61405bdc4691	49551	90.53627	98.88622
da58d087-05a9-4e46-98d2-a040c5e12ccc	44633	91.94383	98.28666
da5e8259-4500-4539-a5a0-1c85827ddc6c	32542	95.18069	98.93653
da6394d1-681d-41d5-a8c7-e30e60689ead	32874	87.29568	93.24843
da64710c-5fa1-4674-b222-445912ec9d7d	33650	84.98475	94.63873
da6c93cf-3f67-462d-97ce-8c346416ca32	50482	88.29522	97.55734
da6fe9d7-c7ac-4ec8-8377-a39f8a10e1f0	22176	95.66723	99.19217
da7520ea-5458-4a27-8f6a-18e744dcbd89	23929	91.13223	97.46054
da783449-91ed-4a84-8e77-c55216ef0602	30496	83.51362	96.43718
da85e767-aa99-4e2c-8ede-6532b62c33c5	40525	94.80391	98.73931
da913891-8819-453f-8067-f574b1f0b186	25555	95.73114	99.27522
da9c4219-ed9c-458f-96fa-f5b0d731d88f	30612	88.89759	98.22268
da9d4039-f231-4a5b-a8aa-884aea2c452e	26673	90.50171	97.66836
daa1fbee-bda2-4ea3-9a5d-1136485a9c84	39408	81.00217	95.84404
daa67ef7-811b-4bb1-a683-4dcbf4bdcce3	29159	95.81617	99.19831
daacffbe-9f90-4fc1-b1b3-f063685e5017	26005	95.10711	98.99167
dab42d43-d905-45dd-b859-fbaed2ee4fa5	357	85.91954	93.56725
dab47c31-e072-4149-af0f-a12d6dca1ff8	22251	87.98649	97.00853
dabad293-c05a-4853-b9e5-f41881a70e94	35180	88.39334	98.16529
dac2cfc8-7632-4808-b80e-88342f429456	56603	94.09121	98.77154
dac32aa6-1552-40de-b195-c9b8740ec90f	48894	95.30905	99.09017
dac4c007-82ef-42bf-b411-4d8d1b91e9b3	36476	85.96001	95.77135
daca2fec-419d-46e7-a240-41dc3af4fa4d	32305	93.02101	98.75881
dacbee8c-6819-4ea0-9794-a522ce469bf6	52850	95.56852	99.12345
dacf6739-f36c-4187-bd89-fdf685deaad0	27062	96.36171	99.43249
dad1222f-2c42-4751-b7fb-388bc6d2224f	30331	94.91504	98.85320
dad8c772-6155-499d-97c5-5f30d31614f7	29497	85.15000	97.08776
dadc10c9-3c7f-41e3-b95c-2ce920d6155e	44291	92.88427	98.61721
dadd1269-c305-4633-ba39-e3f59af95ed6	33722	93.42627	99.67405
dae4f90c-93db-404e-a3b9-67c21af37af0	26203	91.62081	98.40504
daebf087-246b-4dce-b251-8cc3fb583957	62623	91.33596	98.04207
daecd479-c4ed-4c2e-906b-16615332ce65	31147	85.28160	97.70220
daee55d2-307d-4905-ba11-46a860b10482	30066	68.75893	90.98256
daf20432-e88a-4363-8060-96bc3b846220	27944	86.48318	97.91198
daf5ba8f-efef-43af-bb21-c42a9079ded8	26849	86.36348	97.70090
daf792e8-a356-4c09-a7d1-c8a5121c66ca	19176	94.83280	98.93148
db019e5c-280b-4807-acb4-3af475c2b913	35316	86.65548	98.56627
db02b1de-c36c-44bf-8cd0-f372a38bc61d	25531	77.32480	90.62946
db067396-6d64-4e76-ad3a-2a321bd55335	41021	87.03367	98.12294
db080d52-a683-40c7-85dc-d2017352d348	38138	89.71236	97.94112
db0b25cc-e811-4971-953b-c70573aac3ea	23967	94.26720	98.14663
db14528d-c788-4b80-aca4-a6cccddaec93	26840	92.40324	98.01759
db189c48-0c68-4612-9e0b-59052aa4e99c	43334	93.29312	98.98639
db1ff908-5f00-4196-918a-bf8872ff1c60	69848	93.12452	98.65369
db27f1be-23e1-41c8-ad72-9e2272c13e4f	41608	87.17444	93.57426
db2a4bf7-562a-41e5-ba4c-a4086ee3d6a6	25080	94.96223	99.28535
db382e61-ea2e-4600-9c6e-969764f444f4	25845	94.74564	99.23379
db39bb53-a0da-4beb-8e38-11e3db1ba7e0	37510	93.93648	98.67960
db3afbb5-abb1-4baa-bc18-820cbfb6b496	33620	93.52249	98.54030
db40fe54-26f4-423c-ac96-1bf25a315996	31165	94.02162	98.70406
db4db0a8-4258-4046-a058-6c745bf24054	40377	87.56677	97.12480
db4f6833-5b80-47d1-b795-ad3deb1ac910	27026	80.65557	94.97128
db50446e-bfcb-4c0a-9a70-ba66881bb824	41996	96.35390	99.37181
db57fa2d-1332-4f58-b0ec-14813dff241d	37446	93.91871	98.86841
db59b07e-65d2-41e5-961a-c4d5a03bbd95	27041	88.20161	97.97059
db5d0e86-765e-42df-b446-45d6aef2aa91	25074	95.17401	99.19048
db5e056c-0163-461d-9480-9624bb518220	35646	91.47724	97.90010
db5e25c5-0983-4e1d-bc2e-b1b1fa024fd5	23345	92.00846	98.31798
db6167b0-83d7-403a-92ce-6bd2a4563ee0	57489	85.16700	97.17010
db627c1a-243f-49d8-8d57-27ecbd9225ef	38608	86.44217	97.03312
db62822a-ebbd-4a34-afbb-80cd5007d476	45489	91.61003	98.06716
db668199-909a-4239-af36-dfd6f8786934	59817	94.21688	99.46360
db6df23f-ca76-4289-8de0-05f8dcf212b0	31647	93.03947	98.49648
db6fcf25-85a8-4281-b59b-5d60622289aa	30662	89.01856	97.24263
db74699d-4bd4-4b8b-9543-3ec548a25614	22674	92.84885	98.62487
db756ba7-7820-4dbe-8b7c-1e9b0b71345d	8633	96.12109	99.38379
db77aef4-f800-46e5-8938-2ef3fe8c534e	36746	86.08441	97.10107
db7bb6c0-6fce-4dbf-adfe-f8cbf110ed86	45144	96.02577	98.93963
db84d963-b90a-4099-928c-a3861346836c	30090	91.92162	97.98138
db8e54b5-e662-4db3-b73c-0dd7d11bccec	31635	91.37296	97.78528
db8f07a2-6983-4cae-a746-40d91ef90785	32041	91.73201	98.76627
db91b5c4-d2cc-4a36-ad4a-eecdffec4bb8	45136	87.35413	96.65486
db936c90-65d3-43e7-84b6-d57806a7b5bf	68235	94.99227	98.42281
db97cea0-fff4-47e1-91ac-00596cae72bb	51241	85.15236	96.45276
dba30d23-495c-4635-b832-72fc6804d71b	24318	88.87443	97.94515
dba52b75-5bfb-4967-98da-cb654d80d315	15369	95.38038	99.12059
dba5bada-1d36-4b9a-b8ab-58b8733c3696	25545	89.09641	95.54236
dbaa6211-2e41-4168-89d2-483c079b5c76	83048	88.45976	92.32370
dbac35cd-f069-4225-bd10-5201961b7361	37181	94.18513	98.76211
dbafc428-c70a-420b-bf00-fe44fd52a8d3	23715	71.68692	89.61686
dbb5d93b-c902-49a6-8ac2-5462ad1e94f0	29035	86.08850	95.64326
dbbafd91-6bfd-4ea8-97d0-c02c0546b49c	45475	89.06638	96.81169
dbbc37f9-6655-44b6-84cd-2e2ad588c3da	37453	94.50475	99.14079
dbc40996-496b-46f5-a715-f4dae6bacde7	25663	94.06239	99.20515
dbc53fda-0ba3-47b5-adf6-253761c68db4	23786	95.07176	98.75047
dbc822cb-fe36-40eb-8257-9428d9c66b08	51861	85.69486	95.19178
dbc8ac52-f12b-489a-9c69-d602847f85ab	40754	91.93949	99.15837
dbcb3882-182f-4116-885c-c77721cb59b1	4579	94.23284	99.12740
dbcf0c11-d577-4214-b172-14a3b4a32104	22830	94.69453	99.03808
dbcf2704-93d4-48e2-8c7e-36ba05ae4fb6	56278	85.76421	96.91004
dbd13343-1162-4a70-9b8b-203f3f0ff863	23095	85.13029	95.23967
dbd5e3dd-45db-4e5b-9bd6-bb29956ebede	33242	89.22731	97.59614
dbd6562b-4f0f-4904-b057-9c2fbc94cbb9	36779	88.30412	97.97896
dbd8d90f-c47d-4f68-b20c-47b49fe44222	34099	87.30451	97.61064
dbe919da-8a3f-44be-a5f2-4f0a9fa6ae7a	41809	92.36531	98.88823
dbeabaa1-d98b-4172-8abf-23bd5f0214ce	36417	93.77946	98.59468
dbed2fff-08b2-4491-a63c-475a3a4bef48	23105	88.94617	98.10226
dbf059eb-edb5-4ae1-9f3a-34b035a41acc	27151	95.82895	99.16490
dbfbfa85-5b80-46cc-a0b3-a772b2db4904	22109	89.09713	97.53130
dc10dc21-eff1-4b99-af63-69a437dbf78b	29021	92.06205	98.94618
dc1293fa-ba08-494f-a6eb-f9518ad242ce	65566	95.06637	99.18812
dc17b7a4-1833-4736-a0ab-1815e1df871f	27212	76.91259	94.13751
dc186a7e-4065-44d3-b52f-d5032cff2927	23398	96.74432	99.46259
dc1d8984-289b-4852-b6e7-ac9871aa7f6a	28341	93.47460	98.43804
dc28f0e3-7a6d-4224-a072-9a1323472832	42455	93.51124	96.51782
dc2ba309-fe23-4aaa-be0a-bf0298fa8a16	36144	95.71129	99.05526
dc2e089b-9265-481b-8c4c-e2025bd9cb76	64393	93.96154	98.48251
dc2f1cd7-a3f5-4922-8e6d-89fb657ba417	41142	95.52075	99.34199
dc31fcee-7265-4b5c-81fe-401e509dced0	22792	95.05805	99.32232
dc335c02-2b83-4e70-8305-0755ec7e9ccb	48549	95.71759	99.39106
dc390d07-fb8c-4e26-96f4-5c49d8edcd07	27518	94.69989	99.06883
dc3aa168-ea33-4070-ad48-497a50422ea3	35029	91.15073	97.83875
dc3dfa45-5d16-401c-939c-d39e85ce5b91	55910	94.63245	98.94554
dc3e433f-d524-4d30-ae43-2e4c0421139d	29760	86.12515	97.07413
dc3f64b9-6fa2-48b9-8798-14fb7d525730	38476	72.51568	92.46995
dc430c7d-aea8-4924-b5dd-5ae99ec7a3f1	49515	91.34998	97.29799
dc47b216-d582-43c7-a701-aec3e7d694d2	38788	93.22140	98.62919
dc47d4ad-2dbf-4572-9163-9ce9468ed363	39099	93.89101	98.88421
dc5db3d3-1453-4525-9418-762e5a074735	32232	92.55700	98.38142
dc5f4947-9dd4-4d47-95f6-9ba681010d23	55795	90.49333	98.61143
dc64004e-8336-48fc-bd29-981f9cb10a53	22728	92.89941	98.65877
dc65b470-23b7-424c-bf7f-284557a72232	31841	92.24075	98.53288
dc667283-161c-42d7-b95e-287249d5f329	52589	93.97463	98.57695
dc766994-d70d-4c04-809e-593b730f505d	5460	95.33032	98.94006
dc81ba3a-9cce-4a36-ade2-7ced23030c13	22123	89.07269	96.07929
dc83eb9b-f771-4230-bcfe-9e477fd41d13	22448	90.28552	98.03612
dc88e4eb-a3a8-4a32-955b-852424acfbb7	42176	97.56012	99.31817
dc8cb89f-8c63-40ab-9fb1-eb5c84428396	22687	95.65387	99.25806
dc8f884c-62c0-400d-9abd-23958b2166bc	23249	94.76636	98.98766
dc94a582-70fe-4a28-b871-5313d769c74b	23896	93.14644	96.82469
dc972a5b-b6de-4ec7-9fef-2cb97e292c0d	23769	92.45183	98.43354
dc99f1fa-2df7-4ecd-b40c-0b09f2468c95	43453	90.32745	98.59674
dc9b6443-205f-4528-8b7f-923c6926a8d0	33926	91.82766	97.28898
dc9ba9f5-f4e1-4857-a722-2656314808d5	51031	94.33767	98.97254
dca6957f-2c25-4e71-ba06-56c52e87cc45	23778	86.27043	97.85888
dca79f2b-c914-4f06-906d-674cc8b270ce	25310	91.70326	98.37446
dcad34f9-2ed2-48d2-b53a-8f13a5e94348	37972	95.25213	99.09764
dcadd0a9-f9eb-456d-95e9-f4ae60d0f812	49665	89.47987	97.57384
dcae1209-9bb2-4124-a8a8-eb4e3c2cfbdb	26985	95.41598	99.05403
dcb1af85-20b1-4acd-83c7-6987dea61a33	25070	93.55894	99.02536
dcb72d9d-fbc7-4ed2-95bb-13ded3501243	24855	95.25576	98.77217
dcbee995-a34f-4db1-aa40-fb61e9d4d546	15623	96.62765	99.27301
dcc3d915-5e6c-4f48-95e9-31d04642913d	26921	88.55622	95.82887
dcc895ac-37c5-4d19-b899-b7a206667670	30521	89.47054	98.14672
dccdeb61-af4b-49db-ad9e-8fe153b11d42	34727	88.58366	95.81444
dcce6414-9289-48db-9f98-db58a73006b6	38239	96.59281	99.21481
dcd27a47-a47a-4103-994f-e8b8529d2e97	49381	84.48948	95.52554
dcd5fdda-17c3-47e6-be08-b2d25c6b9598	44092	88.10875	97.82101
dcd7b4d2-fefe-485b-812e-9e3de7f5bb52	4846	91.43085	97.50507
dcdccd1d-4b9d-42e5-8f57-e993b9bae435	23177	94.36649	98.85303
dcdf7583-9c2c-4aa5-8311-e87a0f937404	30914	95.19283	99.20211
dce170d6-10c5-49ec-86db-6417e588c7ce	22295	94.82675	98.93589
dce25081-7e47-4cc7-98ea-067889b2f421	25585	94.72356	98.79565
dce7d4d4-3496-4793-b5a2-0e83a40b51b5	37502	68.79697	88.22796
dcef9ff9-4ca7-4a03-962a-ca454d728158	46441	81.68391	95.91093
dcf58fa1-892c-430a-b3ce-34c4c9a42b35	23464	94.08680	98.53381
dcfc2542-c0d7-4f82-baff-a2cd120ea29a	34709	94.93574	99.03060
dcfc49d9-a800-4b2b-8d6d-5a5e99b0ad2e	22485	91.29946	98.84276
dd082067-4feb-4232-b004-063687ba0d69	69324	95.26817	98.80434
dd135c91-b320-4ad0-9909-add1e7697122	37632	92.44319	97.92427
dd1818de-d77a-4719-a99a-6dc08cd56d9a	22829	84.75737	96.03332
dd189b29-0bc4-46f6-8562-0fc076754060	41739	94.50397	98.86329
dd1ebd4f-e160-4c49-a4f2-94b7ff9aba50	47337	91.45970	98.58473
dd21a68e-088e-4b6f-82bf-38ea7cd6a0be	31837	86.14460	96.25899
dd220bd2-e1a0-4ab9-8945-55d8d6e0e92e	31496	88.96892	97.28239
dd38f061-4eeb-45e9-813c-7b94145ff7c7	39682	92.74251	99.58740
dd391636-165d-48a4-b57b-99d7578d28e5	55390	94.53982	99.22823
dd41d14a-d83f-47e0-b753-22a29f392c8c	25498	93.60272	98.44313
dd42bbe5-100d-44f7-9fdf-ad1d339db482	24719	86.64196	97.99761
dd494820-c572-4f9b-8b81-2b3ae8b24b05	40547	93.56512	99.14672
dd4bac6f-9204-4968-9da2-62fd97efb68e	25431	84.51069	91.52279
dd557756-a0b7-4f9e-8173-1ed597330f44	35418	87.05735	96.64178
dd5afe4a-1e22-45ff-9c13-64dd563060fe	41371	86.46897	96.80781
dd5c861e-c462-4ff6-8b35-fe8d7dca8902	25965	93.59871	98.72813
dd6422ea-b044-4c5c-b7eb-c3424e0b301e	28840	94.52860	98.68466
dd67b573-4e66-4b42-aef7-8f1b4359c7d8	57959	85.98264	96.85497
dd6c7fda-cd82-4f2c-9b54-d1191fb066e5	29349	93.58552	98.72491
dd6e5213-7023-4aa2-bfab-ec3d68f49c89	24763	91.66895	98.86050
dd70d639-2066-4b08-ac42-be09ec8690ea	49433	95.26725	98.63285
dd725798-393c-4c00-9cd2-49fbc064fe7e	25911	93.95536	98.48606
dd7bb910-c378-416c-a80b-0e51b3cdb2df	34937	91.74744	99.20036
dd814883-0f99-4eb7-8afa-4a17b3fe72e5	28853	90.74500	97.55221
dd835439-9204-45b7-ae21-1df4d66975e9	51097	86.45357	94.87589
dd85a287-5d5f-40a6-b079-2fda2f96000a	27689	92.37464	98.57168
dd871e74-b8a7-4271-b9aa-d21c123de140	48115	78.16514	92.12653
dd87a547-fa72-4455-94ab-56ffbd0ff819	42028	91.46536	99.16773
dd884329-4d92-4d90-9891-b4fadde3c71a	29763	94.68071	98.39223
dd89c106-b0e1-4f34-914f-5d824cbb48e6	56062	92.23989	97.51811
dd9261f3-856e-4f02-946e-7d800a9e0809	22326	88.85079	96.01953
dd97b3df-4ab1-40a1-acd6-824bb32f0368	54059	87.56394	96.86087
dd9e8fa2-d086-4cfe-af08-248da3365188	34794	90.19380	98.03479
dda40eeb-ac5f-4cbd-ad93-eae63639320b	22192	94.45991	99.01974
dda482c5-6773-4af5-8d2c-9bafa9bd4625	44603	89.56554	97.19075
dda49315-3bdf-488f-a2da-567a1848aeee	23244	92.38028	98.30257
dda4f73c-1753-47c1-8861-5c1fa5a23e22	39951	94.03343	98.84416
dda68924-8b9f-4f66-bc42-962a97f629c1	22810	91.96485	98.29145
dda81a9c-aeab-4021-a458-74c4ef3056ab	27772	95.25071	98.80502
dda974fa-b78c-4ae6-9130-71082b93b6c0	26418	91.17337	97.44766
dda9dad0-3a27-4666-9727-948cf898f33e	32134	88.03595	96.26601
ddb7321b-704c-42ec-b2e4-74935ae082c5	84450	91.73986	98.19064
ddc173bd-b91e-4b84-bce5-d3d2812981dc	25111	96.03103	98.89789
ddc1e5ad-fba9-47fb-802f-2269141e2c44	39223	92.53975	98.39346
ddc48ed3-2780-45b2-9f8f-0319a95789d7	49008	93.55772	98.30866
ddc7cdac-e078-4eb8-a34c-7a13bad634b1	22138	95.13255	99.00359
ddca46d1-f034-4eec-a673-b89e8827c2be	40877	86.38391	97.57586
ddd4e2fc-f82c-4e3b-a0ce-ea540e6c8910	23443	95.55108	99.15136
ddd54074-c54c-4e3f-aad9-4d8fbfa1f700	26664	96.48611	98.93930
ddd61c78-fc02-46b3-8792-3f4e4a438a06	27066	74.74023	92.75253
ddda6d96-4258-4734-a2bc-72e97c97c46d	39518	88.14998	96.85105
dde144b4-2493-4fe3-a518-e02571ce70a7	27300	92.92325	98.39590
dde8e259-ad9c-493f-84b8-b5120517a7c2	25586	92.83758	98.83766
ddef350e-7177-49f1-9051-42cde933410f	25496	78.14534	86.19228
ddfb61bd-1d96-49be-acb1-7441587bc929	26723	92.64483	97.76506
de033486-04ad-4ffe-86ca-4fc7ca2e5204	36389	93.61017	98.86401
de0c2fe9-d2f4-4acb-b8f7-d3e439743ffc	24910	94.31760	98.95198
de120b1c-6dce-48a9-b2e4-2e14efb37018	53173	88.37426	97.38985
de187f06-5a4d-4234-8cbf-11f2342aaf7b	24508	94.65426	98.57068
de1c3a45-6085-4cad-8ea5-d4fb150bb362	27720	88.65109	97.78115
de1d133d-8fdc-4b62-a176-afb6dac7c3a2	28454	92.06045	99.38704
de21b853-ae2d-4bfb-a3ff-0a64523495aa	57518	91.83955	98.59261
de25ea89-1eae-41eb-b0c0-f7b87b78f062	33315	94.43874	98.92291
de2880bf-a6c4-4d6d-a6ac-32738210c0be	22942	80.98805	95.40716
de3271ce-b819-4197-80c5-ac4a45e67367	21767	87.28212	97.86169
de34e2f7-3d2d-4100-a872-72e69b865ed8	28370	88.05286	95.99145
de3af479-ef99-4a77-b0be-7ff442c0df82	49340	94.70876	98.82369
de3ee6be-bfdd-4d2a-b12b-12aede06d33c	35913	74.15769	91.45360
de3fa57f-328d-4b83-b290-5d5fdadb043c	34102	86.13423	96.68071
de46c27f-91f0-44fb-b00d-c6f8bfb0f068	26280	96.50337	99.16657
de478fb7-af8a-4742-9313-b1266931e0ec	25013	94.73312	99.22394
de48ae03-95c1-4176-a29b-ef38c95814f0	28691	82.03679	95.01362
de566fdb-005d-4af5-851c-b4e88607bb32	25638	94.76969	99.21220
de57c34e-74a8-43a2-a6ae-15c6f66ada2c	29934	87.24025	95.73511
de639f88-ab29-4bba-8052-68c3f0a89648	29551	88.53723	97.55775
de728940-1bd2-431a-b929-3f78e04675de	24626	95.77921	99.11980
de74443a-2586-4755-877d-09070cd79084	39363	92.67521	97.83974
de7abfac-1180-482e-b460-db6df0df60b9	37301	93.88956	98.80030
de7b3828-5577-421e-b12e-55b40f1038c7	22735	92.84278	98.23139
de803fdd-22e8-4f5f-ad33-c63df8eba8e6	31207	96.31604	99.01409
de83b815-c5b6-4bb9-b1ac-0b9dc6eede4b	33201	89.05819	95.92405
de87c70f-ec7f-4686-a590-c5db1fb27ed5	44468	95.43025	99.18214
de91f18e-ffdb-4f4a-9914-b86beaf5450e	41424	90.39539	98.52041
de9627ec-bb2d-4ebc-b83c-1ad174364e1c	29167	91.88496	98.49927
de98868d-1000-4642-a8a2-f75c6ae5ab72	38504	95.21054	99.00796
de9b6657-53d6-4157-b23f-7a063a6a7050	34364	89.38557	98.72914
de9c4ccc-01b3-4351-8fed-63aeb4671f0e	23623	95.20323	98.97024
de9ea7c8-c4bb-464a-b908-03cc2bfb75c1	29863	90.78990	98.03792
de9f652c-173b-4051-896b-b29a9a925bc0	22552	84.94570	96.82998
dea4dd45-5830-4be8-afcf-ddd710d84baa	23980	91.14216	98.62946
deac4bb8-3755-466d-a0f9-21d871e1eeda	60789	90.83974	99.42030
deb39459-45dc-4977-8030-15cc63b6dcac	23397	87.97604	96.88433
deb3e28f-7945-42c9-b828-5fa883c1f48d	28276	96.48547	99.47803
debfb8c7-b054-4efc-b069-1a6a589233fe	25083	89.06453	97.83017
dec19a8d-f31a-4396-b472-363910626e1f	85554	94.40005	99.25894
dec381fe-34f2-4797-87f0-60e227a9dddf	24015	94.76495	98.71710
dec6032d-bc94-41a1-9805-cff4f44fefe3	26549	82.01759	94.89939
dec83e95-8377-4e7e-993b-26eca800c63a	26407	92.24262	98.28836
deca931c-5845-4360-a869-c74e31156385	54997	94.95463	98.87663
decf3bf5-2231-4807-a30d-e608b0dd6510	40669	95.96693	98.86516
ded3cc17-a930-43e0-8d5b-4594f51720cc	73878	86.86123	97.77952
ded71950-c355-487c-9dbb-23861d4e516d	22303	89.56551	96.21987
dee2f22d-a7a4-4cbb-a056-40de0606b121	44530	88.88625	98.76206
dee54b18-418e-4e12-8a77-102ab8bbaed6	23331	91.91795	96.77795
deec7f27-ba27-4526-a45d-74d2d8d049da	24829	90.73808	98.29586
deedbf71-64c1-426c-a6af-e93c11fe5dd7	38810	96.03732	99.14243
def00af7-ed41-4bb5-8965-678c66226b10	38013	85.80014	92.93907
def171e8-98ef-44b8-be2c-2bf89f4a0e1b	23960	83.97609	96.54517
def28f57-6ded-4a4a-8769-2ba2f5da1a40	27782	95.12954	99.14135
defc2825-2e43-4981-b1c2-6db7df36651e	22895	94.56578	98.99757
defd729b-8262-4fc4-bc64-bf9c4025f146	47446	96.39348	99.26232
df03d714-6d40-44c5-a578-721860082c2e	24442	80.90011	96.81661
df0632cf-23bc-4a04-8840-34db9611dd3c	25474	73.17520	93.58358
df0cedbf-9360-49f0-a554-e6c26a21f117	63567	93.18259	99.19981
df0d90c7-599a-4a9a-8786-c08418d52e18	28366	73.52905	91.81780
df0eeb2a-4591-4ce5-92ed-884a36ba8cc1	29584	94.31781	99.28663
df110a00-88f5-4abd-957e-7ba40939de1d	33675	92.84360	98.09629
df127f5c-ed80-42af-a181-9bb6b1aa8f66	39588	95.52012	99.33605
df13f476-59dd-47bf-bbff-5462700916fc	26396	94.98201	98.66542
df151e49-136a-426d-8ac2-6f497861d5c8	31176	90.63351	98.73265
df17242e-feb5-4f3e-875f-f93092c79387	36182	95.35888	99.18407
df17f345-4c6b-44a5-b8ac-de25f36e869b	27751	94.76541	98.65274
df1b4b6e-7879-4c3a-a52c-ff9f704877fb	11925	93.54469	98.87753
df20fa5d-7c25-411c-a12e-915da7a042ae	91578	94.37280	98.97185
df22e63b-5729-4bca-a08e-27a0d6e0faf8	36991	87.69551	94.30600
df232503-6ed9-48cd-8a2e-45d3c1c9169e	83878	91.53135	97.86536
df2a30b5-2d6f-4368-bcfb-1c37fcd4da88	24344	94.20191	99.11006
df304f44-97f4-475d-8caf-2cbbd11d95c8	43601	90.74136	98.95639
df32bdb3-2bee-4bf8-9372-4ebc23ad3be7	27910	81.94560	91.19835
df34f0b8-bb25-480c-bf01-f5e0991e5263	59844	96.72469	99.09958
df405e22-4045-4d1d-8843-7cefaf4f2f07	23446	92.98813	98.75338
df43a10f-5996-4a2b-abaf-eac17d2bd092	38365	94.81041	98.37426
df49196d-c827-4390-8121-8df8fdd1f5f8	36277	94.70628	99.05601
df4bbbc4-1c53-4d0a-8fa6-b30a416db6f3	61748	85.60055	96.62874
df523418-8368-411e-8161-bb4943809ff1	39845	90.85634	96.65654
df5f9c02-d05c-478c-8afe-8474e0a412db	32097	83.55570	95.48821
df627c6b-b100-4eb1-ab8f-a9ec964ebd0d	22313	92.36386	98.10688
df83156d-eacf-40dc-b3cd-4edbc0b6c54c	24758	90.69339	98.67200
df85b62a-a2ca-4b74-8a07-0ee31fecfed4	31725	91.40673	98.36428
df8d2aa3-4f2a-4bd5-88de-c17892a02c1b	32966	87.84971	97.47234
df8ec772-70ef-46d9-a6d8-24e59beeced5	70727	95.02638	99.00091
df92bd7f-625e-4876-90e1-41593ab07eae	22751	92.87276	98.76597
df9657af-c82e-4c0a-a615-a4ef17d2fdbb	62204	92.24079	98.95818
df9a297a-0442-4482-8e19-565c62d87d58	24111	89.84427	96.32825
df9aeb30-762d-472b-8988-5214402dbbfb	23243	86.59927	96.07445
df9e78f7-de1c-4da2-be14-a188728a2ca8	28431	88.89713	98.17646
df9f4036-03b5-4b0d-81c2-65fe6e726546	22914	89.83086	97.86131
dfa16ca9-f192-4b59-8522-deadd074d629	23580	94.45230	99.03076
dfa1d944-7654-4fc1-86cd-760c76860c75	23434	85.58241	98.08815
dfa402ae-be0a-4eb6-9852-e485675c126b	37000	85.32689	97.03918
dfaa6a69-34ec-4d1a-8ec2-ba97bef20fb8	27195	90.60274	98.07991
dfb193e8-7354-442f-9966-441c5d3c3573	28344	88.93786	96.38394
dfbce401-240b-4280-aaa9-22c7f39158bd	31834	95.69566	99.47373
dfbe4159-9863-470c-af61-27cbddf7f964	28199	92.07809	98.39071
dfc95606-d51f-448c-a4ce-ac027f831fd4	40786	90.88459	97.94214
dfc99ffd-e1fc-42f1-8eea-54d60650e78c	22246	91.92012	98.91988
dfc9b6d7-261f-4875-ab6f-9285a3a9194d	26648	95.92985	99.10744
dfcc46e3-b7e5-4904-bd7f-8c717fa6973f	37029	85.43438	97.86913
dfce04ab-f5c9-4eea-a862-5f057e5fa461	6630	92.21161	98.07117
dfce8598-876b-49b4-81fd-a25d305f6e06	53945	94.59056	99.30091
dfcfd79e-2cb7-4f11-8db7-cfde9c0a896a	24711	88.87683	98.05342
dfda9148-f956-4fcc-9fec-b5835c19df40	26858	89.61970	97.24085
dfdf6dcb-ab62-482d-93ca-f5400e9a4809	32929	89.02139	97.66592
dfdfef4e-4841-45cd-acb3-0384da698e63	41936	80.40607	94.46100
dfe6780d-7b0c-4486-9672-54b0057d40ce	30511	77.45215	95.52651
dfe9d94f-6fd7-427b-9f1b-3c1fc7841f00	65077	94.93583	98.93607
dfeac835-004d-451f-bd43-df9bc96cb230	24063	92.00641	97.80135
dff7f927-fbb5-4640-b329-fb45f9f354f5	52929	91.04736	98.11023
dffcdc97-8d7b-45d8-b9f7-0e510dbfef6f	26238	96.54382	99.04221
dffd8bb0-59e3-47b1-8e81-b1761b5ab17f	24796	94.60837	98.77571
dffec9c7-360e-4de1-9656-d2858bc0a2d5	23537	95.52046	98.74547
e004e0d3-a459-41c9-a153-a8fcbaf1b48a	25549	73.83337	90.41388
e0050a83-4ef1-4e6f-973c-ee882de38b8b	32909	94.46788	98.79645
e00598a1-8dc6-44a8-b617-dcf5a79e89b2	42899	93.27619	98.51351
e006bd02-f62a-44f0-8ec1-de6935c0668a	23480	93.42111	99.27472
e00c1155-3611-4dab-bc9a-501a37cf2a20	26914	94.78920	98.98550
e0107d58-5de6-44e1-89f5-0bd4cf856385	53368	90.66869	98.11091
e015ed40-8667-4e14-9f9b-8d1cfb0705c1	26910	90.18718	98.00739
e01c8fa3-1abb-4920-a394-8dd327962319	26289	91.70755	98.33571
e0214c7c-019f-4266-bc6b-d11859eacaa4	80525	95.88556	99.27808
e021af83-34bb-4922-807d-d372f0258142	27624	91.80889	99.03161
e02b6389-bb21-4725-be19-96ed07d66595	34006	94.79547	98.81115
e02b855d-128b-4ceb-a6ff-523b7a285687	31570	90.98043	97.96414
e02e4692-1fd5-4f4f-a95d-23af95195063	46911	79.99883	94.45778
e02fb51b-8fd8-4aef-ae58-99c9fb48f460	23190	93.83591	98.70097
e035bf2f-4f63-48ca-82fc-41087f73bae8	40393	96.08177	99.17107
e03b2a3e-3ec2-4071-9dcf-3ea79bac278d	34146	94.33406	98.87083
e03d55ed-b585-4a3b-965c-822ede8c50d1	50054	95.91620	99.12319
e03d5bfb-7a7f-4833-a564-f7d7b1c06311	33130	94.26428	98.95509
e041eebc-96df-4dc6-95ff-7f4aca457004	22420	94.51623	99.15130
e042cce3-8244-4402-b157-91c62305f952	45495	92.96815	98.83508
e04665fc-9a91-455b-a6a2-406c570c8d69	50793	85.02804	97.30357
e048a5d0-2362-4852-b367-8397dc471fe6	25162	90.75133	97.61849
e04a5d2b-c2b1-4c6f-b18e-688b9ed07211	42976	89.83373	98.18228
e04b4eae-dfba-4b5b-9385-877a62395704	49735	89.89278	97.97739
e04d079f-1178-4c43-a374-5996d2fd4e76	30608	84.11201	94.40488
e04d261f-fc5d-4b03-9a9a-91c9543aead1	28678	95.28844	98.77973
e04f54eb-875a-45a1-8959-53e92fbb5ca3	23675	90.14391	96.75050
e050e90e-d843-4aa5-ae90-dc3c4d08dc0f	31356	90.80893	98.93028
e0538ceb-cc04-4832-be6a-dd6144f789e7	38111	87.08861	96.13596
e056b803-97b7-4443-81f5-f053adafa9f4	26703	83.93564	96.02558
e05700d3-a7da-471f-b886-ab1b000f96bc	72866	94.84763	99.11624
e05c625f-3761-43a1-bce4-e8098a4fa31f	29882	90.04855	97.88591
e0601aa8-15b8-4d9d-a674-1b243c52cf4b	29553	92.36526	99.36922
e0665565-f58f-4912-8f33-22319cd56c6e	23361	96.09484	99.27502
e0665de1-1da8-4708-a921-5c3a61c363a0	29955	85.01971	97.46604
e06b090b-7197-4366-a328-91c00631fd1a	57453	95.48793	99.02482
e06c6d0f-0c93-470c-977d-5b309cb9aa4d	31931	92.67468	98.45602
e0746c45-5d0e-4d71-8338-8b642b99f88f	28875	92.90170	98.78216
e075a2f0-7ba6-40bf-9ba7-d6aeb18a8715	29810	95.31039	99.07034
e07f015d-eae6-4c31-aa8d-f57088c2e828	75292	94.75669	98.95152
e0825193-a79b-4d91-b1dd-598a004a87f0	33497	91.90352	98.36814
e08e8f26-4a80-4104-91af-54bd2ec265bb	60853	94.53111	98.92562
e08f6a0a-21c2-418a-9cae-626608ad75ca	54336	96.33859	99.53585
e09a3071-67eb-4c02-969c-992659554edc	49023	94.83416	98.88857
e0a16774-ad0d-417d-b9d7-1acdaf2f01f9	26648	89.15323	98.36290
e0a191c4-5168-4e4c-bfb8-360dc6a3ef23	24793	80.23579	95.09940
e0a59bbb-d26b-44fe-a7d8-f76192de8531	40525	87.19579	96.96396
e0a84e88-0a79-4f58-af6d-eb0ce372f0f8	33382	95.08467	99.07471
e0b3d672-4abd-49f9-a40a-05ebf9671ecb	30651	87.77255	96.67627
e0b4d3b1-e507-4ab0-b3c5-1d7395e49c67	48873	93.16209	98.73343
e0b61c40-40eb-4a4d-b783-4ac4f855f358	35949	94.55398	99.16517
e0bc420f-1904-48c9-b274-99d0c2c2c900	32630	95.21845	99.13512
e0c6f936-8492-40c4-a0b4-24c28745e972	43664	89.32361	95.79825
e0ce5fc9-8ebf-498a-9aef-d758522bbfe4	22469	83.72161	96.12147
e0cec799-20df-40ff-a69d-c9787c79715d	32544	93.37376	98.56106
e0cf1c9f-c349-4d1e-b422-3dffc70d3643	32595	88.17226	98.39775
e0dedd69-1419-448d-a5a5-f50e02d335fc	24759	89.71653	98.59239
e0e6d370-acd1-4bd8-9dc3-18d41eb12d28	30292	94.42698	99.19546
e0ea8c29-6902-4e43-9bf1-b4fd35cf4f67	41079	92.28449	99.83432
e0eac33c-6075-4bdb-843d-d156bc67fd21	21650	92.93138	98.97706
e0f56de2-03c6-431c-97a8-abbbebcbf1c9	25433	89.43994	97.73490
e0fb07fa-5bba-4158-9076-9cb2fe08de48	73334	85.58009	95.40453
e0ff0d68-ad48-4b94-8fe4-3b9f8e54a47e	40022	87.03410	96.97772
e10059f2-a93d-446d-b72b-7cefbbbe94aa	48737	87.11943	96.94669
e100f6fc-42b0-440f-a109-3edb571cc58f	44949	95.00742	98.93267
e10338cb-6e64-44dc-a941-cda9f5aa54b1	73827	95.22375	98.89084
e10b6d8f-7870-4446-8107-9e0ee6128307	30196	95.37552	99.04064
e10d7b69-3606-40ba-b833-443f9af5f59a	24338	94.01332	98.46148
e1161d24-280f-4b26-8fbb-711be2606173	45721	94.57695	99.04307
e121f602-4209-499e-ad4d-f5fa54a426b7	25569	92.14403	98.93262
e12313d7-ae62-46ad-979f-464df47fc118	37435	95.56849	98.96689
e130f7a7-db91-4782-aab5-624721cffda8	60646	87.54643	97.49698
e1345e1c-9a1d-49b8-8b86-d3e1f9e04a39	39485	93.88887	98.48261
e137083e-70de-40f2-b97a-74d8476425ba	24013	83.03835	94.87780
e1430b8c-7878-4819-ac9a-815481ee4858	41076	95.83602	98.67495
e14af55a-eda1-4e12-acbf-2cbf18cbbd9c	27168	88.05464	95.51581
e14ffc86-edb9-498a-b26c-3b713d26f15a	26978	90.73843	97.38081
e152fe2c-e41d-4883-9ed8-4e8355f9d19d	35950	91.81990	98.39820
e1538de5-0118-4a7f-95b3-63f40f951118	13033	89.98444	98.75970
e155d7e9-761a-4772-be3c-48ebaafb5db1	30520	88.73598	98.12587
e158890d-d7b5-44ee-ac52-49525f77de61	29824	88.19762	97.63211
e15a573d-11f0-48e5-8ae6-64ee0a5cfc44	26538	94.38497	99.01587
e165eaec-f3f9-4a6d-9574-294df6d29356	29629	95.11701	99.36107
e16b8aae-4f32-4325-835e-775e64dcd515	33785	94.82463	99.11200
e16bc4a6-d03e-46d7-9eac-66d062eea501	26535	79.28280	86.31957
e16ef4aa-4f82-44f5-ba40-173d319b99db	22810	96.16233	99.25780
e172732d-7877-4098-923f-390a6ac48b7a	31278	86.69170	95.98829
e1765a8e-358e-42b8-8028-cd95e8100805	67978	92.87592	98.62198
e17dad59-99ed-4023-a7ba-57faba6c79a6	22502	92.21296	98.91065
e18a4bd4-b247-4b5b-be3c-2f687d92c177	25193	95.08254	99.31959
e18ca70d-8d6c-43b8-917a-cb190a7f6316	40342	95.57136	98.99695
e192f2ff-d9de-4597-8625-89853f9d1631	39670	95.93326	99.15792
e1aa6817-5fea-4962-9a9c-0e2167b887ee	38654	93.53602	98.77858
e1ab94a7-94d8-437c-8095-1da2d150e753	26161	93.49176	98.37840
e1aba9fb-e6e2-4ac7-8cde-0265d58b722f	31733	91.17674	98.25949
e1ac130b-c30d-4cfc-b8fa-34f547aee11a	22055	90.14737	98.26561
e1aec045-1a1d-4eee-9bc9-3d8c3e4636a1	24915	85.63787	97.75046
e1c3ebe1-038f-42d1-95cf-47880f64f294	22317	88.34632	97.80075
e1c43137-9f31-4b98-8e6a-93bf76faf3b3	27909	92.65195	97.81332
e1c8feed-2bfb-4a56-996b-0abb3b7c636a	24822	86.25048	97.22714
e1d443d2-9459-4162-a94e-4ff3701d4862	22405	89.79035	97.71973
e1d4a38b-0bd0-45b9-ba18-91c35e9b2818	22019	93.39145	97.75431
e1d937a2-a122-449a-a7c0-38eaf926e584	41347	91.81440	98.46095
e1df8ee6-0138-44a9-8305-51e2a305d937	28412	88.70788	93.87275
e1e3c61e-928c-4d54-8309-dce093cfd74b	75378	94.17796	98.69185
e1ef7c09-ceed-4876-9ee2-75a2f1ee079b	25065	93.63186	98.79342
e1f0ca16-a245-46d9-b2de-77c891c854f1	52187	80.72716	95.88143
e1f8011b-1ef2-44ef-8391-c2e061bb02fc	33018	95.11037	98.91402
e1f861cc-5eae-412b-87eb-a1db31d4e886	22675	93.54406	99.33959
e1f8bad0-9d1d-4b56-ba9b-ee5ad37252a0	22477	92.41160	97.60939
e1f9b72e-2e17-454f-943e-4f7d5b9355e3	38557	94.90839	99.45968
e1fc0634-d00b-474a-bcc9-cfce31443282	42417	94.73088	99.08721
e207a71a-e62d-421e-865f-963207aa7d16	24752	89.94523	97.06519
e2118209-919e-419c-a019-893807f22f05	2020	96.73067	99.94753
e2159b7a-62ac-4df8-8b25-dec85a0a3a6f	25713	92.30103	98.12766
e216e412-a33c-4247-a4fb-0525b5b5a121	31987	94.44547	99.60621
e2201b5a-c702-4ca0-b079-a26ab08143b4	25994	91.47138	97.16578
e2225347-0d8e-4f78-a8e3-9a090a5e4a3a	25370	93.31900	98.56959
e2260e87-4f2a-4490-8175-b09e9f6b8251	33523	94.61714	99.24047
e2269830-18ba-493a-bf86-72429521c689	50513	93.36663	98.43738
e22c9528-a3a9-4734-8078-fa7de0f81e6d	32770	73.70832	93.67866
e23439e5-3b0d-4ddd-9d5e-7a963d769c54	24246	78.40598	94.17657
e235bfc4-6a2f-4272-8e0a-3f978be7fb68	27303	89.95784	97.83195
e23e6b5e-50d6-4799-90fa-506f98aa5d3d	27586	91.27945	94.61337
e2419537-83e4-429a-96a9-9bceeca5d173	28068	91.29205	98.61527
e247eb88-d223-4032-9fba-a058a4818961	25348	89.63584	97.26850
e2480bd3-ee0e-46eb-b089-adb8116e8872	53341	94.16788	99.30332
e248bdec-697a-48af-a812-df4b84255c3f	45775	85.97929	94.94042
e24c65a3-c655-4844-a359-609f1d1159da	24654	93.18881	98.37974
e24e558e-29bc-41fe-acf4-0467b9522472	39814	94.83765	99.04983
e2546794-f89a-44e3-8cf2-7bddfac219f6	22287	94.70210	98.85923
e25c88d3-4f3b-4ffd-9dc0-03315ef653e7	57261	95.39163	99.31070
e25ee43b-1374-4c6c-ac7d-528ed18a9414	24951	95.39510	99.00092
e263c0ff-814f-4e6b-b3db-c6319d3e325c	23268	95.06178	99.07312
e2683a23-4da9-4c5b-8abf-37bc9ac18688	26812	93.21702	98.32965
e2768f17-f9a9-41ba-8ce3-779fba850cf6	41058	95.20922	98.79893
e27847a0-c907-4c5f-9636-635a3a4c6735	41955	89.93919	98.59542
e279e7c1-d9c3-45ed-8033-a9b3b46e8d0b	51739	95.73566	99.30991
e27defb7-dab3-4e42-997d-167929827fa1	33519	90.23560	97.64039
e28d100c-cb1d-4bfa-af99-42fb58c3cb75	25202	88.86397	97.65045
e290b09b-5a3e-4008-9470-6e80781e625b	34947	94.47526	98.92192
e290d431-d6f9-4dfe-87dd-5dfdf3dadb76	31282	84.64312	92.43907
e2933c1c-ab34-4499-859b-883dc1e21167	37641	87.06231	97.94832
e2996437-262a-4caa-948a-ef1fd17cb8a6	41544	88.11902	97.64473
e29ac418-ab0c-4784-8b4f-feef6a1fcb85	56457	90.40095	97.59687
e29cd032-4b1d-4f34-94c2-03d5aa863769	50786	93.15808	99.08940
e2a252b8-f41a-47fe-aef1-75f816b1f361	26285	92.91966	99.59343
e2a35a1c-abb8-4167-878e-17f30935b0c3	30987	90.47708	99.06788
e2a43683-e58f-423f-934c-f445a89b0238	24589	83.49682	91.99609
e2a5df81-a263-4dc4-a816-1446beb39199	4727	94.87342	99.06203
e2a75c7f-ef09-4dda-9ef7-aab889ea597e	41532	88.94024	96.26652
e2a7c16e-2707-4907-a719-8bcd09c541a4	40124	95.65377	98.67669
e2ae050f-3504-4482-8b57-1fac1565302c	15266	95.71707	99.40953
e2b00597-f7d0-4320-8fe6-7f865ca85f12	30887	91.44303	97.89634
e2b1c283-6deb-402e-bee1-7e8c0e7d182a	23288	92.97673	98.61512
e2b35a65-6280-44eb-9bea-dafd8df3d82f	52336	95.50320	98.85734
e2b41557-87c4-45be-975e-4965ddfa1bf8	43513	82.83314	97.15987
e2b5178f-8c0a-438a-8705-4a3a0fe9dbf2	38362	92.39454	98.61673
e2b5869b-5e53-413d-8a9f-0d26002e09b0	60772	85.69154	96.60186
e2bd812e-d4b2-455e-a620-09fd52fefb27	24369	86.63187	96.93735
e2c05997-d3d6-4049-a4e7-47ed3e621d74	35450	87.81481	94.56121
e2c18288-706d-4cf2-893f-696a9977faad	25836	92.00568	98.09803
e2c2032a-4ce7-4b74-9387-fec4f4cbb80c	50054	90.01628	97.94261
e2c658b3-40a2-4be0-8319-6455e7c936fa	23285	93.47280	98.43047
e2d25fbf-ea0e-43c2-8b73-42a6bf71b850	65820	95.63228	99.07332
e2d51915-232c-4ee9-b5fc-1f2e284c297f	23339	95.79910	98.89031
e2d9e520-1af4-4377-a911-51f081ec529a	43587	95.01565	99.19756
e2e28c3b-af28-4498-a6e0-84167a4fe413	36008	79.71793	93.45173
e2e4bde7-57e4-44a1-8369-d37b174bc258	36562	94.80582	99.43632
e2e7b9fd-c287-4294-bdc3-a0fe280693b7	25597	95.03497	98.59318
e2f3392d-a9d9-4d58-9da6-3cdbb57d1e50	28769	87.79001	97.12922
e2f840ac-f281-4a87-aec2-a1759d69bbe0	26927	94.61648	99.38199
e2f9569d-fd24-44da-a792-73abf9b6f362	22345	85.62654	96.81323
e2fb09e8-39d5-495a-9607-a2e12b022d35	33360	87.64915	98.03633
e2fcfbe7-219d-45ad-894f-fbe1d58ad3b2	30423	93.06867	98.57036
e300be27-4f9a-483b-b654-b6ae15002093	36790	88.88341	97.75784
e31383d0-4047-4bcf-b173-75baaac98abb	29334	86.55584	96.48318
e31b4813-e435-43f5-b5fa-beb9d44d97ea	23689	90.23527	96.81785
e31b786c-61d9-4314-958e-1ff758c1e78d	28506	82.60255	97.02109
e31cf6c3-8b9e-4ae6-ac97-0a39ce7396ae	22566	95.59041	98.96122
e327cd6a-cfda-4d68-b8b8-e797f789f3c0	26012	91.69780	98.74343
e32af1dc-4754-4fa9-b0d3-657dae0fa259	49717	95.77161	99.17081
e32b0e96-8479-4998-8367-4bb2a065f56b	45141	83.66342	95.07145
e333c81b-b1a5-44cf-9eb7-298d628cf9aa	38308	82.47023	95.18658
e339b90d-ee3d-42bd-a879-ff885e23f5df	29102	88.07184	96.41595
e348ea47-71f2-4c08-ab53-aa56ee1e59a6	28847	94.61601	99.20345
e3490fde-1a92-44ff-b87a-aa26411e1b90	44624	85.67166	95.29235
e34f9474-f340-45d6-842d-1f44a07762cc	25038	87.08085	97.72540
e35511e3-7ea5-4982-a7ce-4c048a676a4d	44824	92.20310	98.53460
e35d18a4-0020-4571-a1ec-940d00536f8c	43053	93.54817	98.88401
e3603ec6-f959-4092-9598-207fa3ef4c79	39750	79.23066	94.33913
e36a35af-ec3b-4cd8-a804-dec351e3132d	31841	90.82725	98.59374
e36a95a6-5da5-47b6-930c-234a7c6c64bc	56992	94.60775	100.02285
e370290a-fd16-43b9-a0a9-fe8335666b21	22314	93.11720	99.08600
e37ab6ce-6280-436a-8484-e96b48c51134	35757	95.87464	99.29033
e37e70be-f5b9-4dd2-8fa9-4cb368ae3f5d	31047	87.90625	96.87568
e381092d-6c72-45d0-b3c6-5ea1f23c4fba	70951	87.88000	96.37736
e385a884-2297-4bd0-bdb5-f75d13a4f019	30809	83.17732	94.13675
e38c32a2-8f75-4304-893f-434ae57ddab2	29741	94.59868	98.83062
e397abfb-7bf3-4db9-af80-dbf02040a758	25640	91.56933	97.20078
e3a425d3-1ed3-4a93-9b9e-0c86a72d3127	34121	94.58098	99.32600
e3a867f4-0e61-438c-947f-c72c2b138ceb	41893	96.26144	99.30419
e3b19ad8-71dc-4033-9211-20e0741f4225	43758	94.48170	98.86104
e3b21b0e-9880-4798-90f0-266881e4f9a6	29555	90.14483	97.92262
e3bb9bbd-bd2e-4396-acb6-6c5e2c850582	34463	86.75507	97.24070
e3bc5ef3-2296-46b4-b290-52a9879ccc63	27637	91.40982	98.83079
e3bd7d9c-63d3-43a3-b6fd-8143c3f8fd62	41733	86.14969	96.39179
e3bd84b2-7827-43a0-a719-c727947f0ffb	55886	95.97115	99.58602
e3c1a84f-67fb-4f5f-a6da-16cb1c969fc4	81535	85.63786	96.21641
e3c43f80-e996-4c21-8db2-05d14202260c	26931	84.60921	96.57320
e3ca3634-dad3-4d4c-8b34-8345a991f082	24732	91.49333	97.70133
e3cad93b-149b-4950-9ea6-30b1ec2de292	24855	89.81990	97.63941
e3d14d37-ed44-4da3-8a29-198586af72b4	36036	94.87417	99.50181
e3d19681-89ce-4388-a412-d4e469e7a8e2	30450	89.44603	98.62627
e3d5852a-7ec7-4010-ab90-b9ea3c8bec6b	24610	86.75637	97.66664
e3e23488-0208-40d6-87fd-6feb04ecdcd6	25448	96.45184	99.22960
e3e419a0-6d42-47d7-a8c8-9053e91fced5	43821	94.35989	98.79186
e3ed382c-1d9e-4b35-bb8e-03184090e888	33367	94.07077	98.52189
e3f1b8c5-f2eb-4680-9c53-5fcd6e4742aa	44610	92.98844	98.17861
e3f676cb-8ef9-43ae-833a-a1a5b5da3b27	37287	93.16788	99.21885
e3fa57a7-7439-4258-9301-3e0d4599390f	38070	89.32503	97.20573
e3fb1a34-886d-4cc1-8e98-e54de95f9e71	45183	89.24905	97.80746
e3fc6eb1-275a-42da-a510-e8195d6c65eb	36488	96.07606	98.95644
e40609db-1a89-4903-9cab-8ed80c924268	22046	92.12717	99.16941
e4096640-c30f-4b7c-b328-9b43b2c1c72d	50111	75.75992	92.91113
e40e7584-45e5-443f-9ce5-e4069de4208c	39232	88.18628	96.46914
e411c755-f758-4584-989e-760d1602339a	28150	90.77460	98.60570
e41f2b7b-096c-4f6e-8d4d-67dd9e36eef7	48648	95.89454	99.23589
e42e8b9f-590f-4474-b408-de32092d2534	24971	89.86528	98.42909
e42f69b6-da36-41dc-b3e8-d6fb180c72ee	32886	91.60285	98.09532
e4319395-855b-4cdc-a19b-77374587fe21	26186	91.51743	98.76529
e43250dd-fcea-42db-8659-77ea14cb2789	50869	90.05923	96.65189
e4359b2b-9c0c-43ff-a538-9ea506560f8f	23659	91.38036	97.79354
e437401c-755f-4fa3-b5e7-83cb5deb0fee	24995	86.76274	97.81908
e43764be-dd1d-4377-8c83-3173ebd7c77c	34863	88.09075	97.57055
e439c0ea-5f1f-4c3a-9883-355a0a5bdf4b	29571	88.55665	98.05767
e43c08d7-3cf5-4e0e-93db-f20b47dac59f	26913	93.86777	98.95661
e4408b29-2864-4a06-a0aa-aed5b5a8eaa1	34684	92.14356	98.27008
e441a412-07ec-4dc0-a290-f02e1c7d053f	62699	94.79362	99.14340
e442cbef-03ef-415d-9aeb-fd95ce8ab2a3	23089	95.63030	99.01881
e4450341-e4a2-44e6-a065-bc6b891294b9	22202	95.37984	99.05073
e4453dd4-f6cd-4a6a-99dd-5c7a29f84a49	18934	95.04935	99.42120
e44a86b5-38cf-4f38-a252-b81da8666303	24284	94.56060	99.22481
e453ef44-047d-46a1-9507-be0cc166d3d7	48436	84.54300	97.45840
e455f4d9-056f-450d-b6d3-2d7dd3d8574c	57191	95.72773	99.45321
e4573fbb-aa6e-4b1e-8514-d3ac3f7ade3b	23592	85.30290	96.42359
e45be9b8-9875-4194-a81b-12619940b938	58010	86.93515	97.27983
e45c7e84-f1d1-4f91-9d13-d45efbd1132a	47899	94.69606	98.30007
e45f0caf-42c8-4efd-96a4-c3ea1abbc0c9	65351	89.70374	97.04610
e4635439-1480-4bb0-b2a7-f5e4868490c1	22454	91.68492	97.98214
e465aedb-47b3-4506-bc5a-f08e52f721a3	36427	92.91387	98.26193
e4675dca-9581-4a34-b1ba-7e6cdca98957	32980	89.18452	96.72300
e46d15af-ad20-49d6-8ba6-c8230e544a8c	38532	93.55542	99.06935
e471ac40-b55a-43dd-bcfe-bfc2b122c9a1	29239	94.89450	99.09937
e479ebda-ff0d-4edd-9a23-7df9f0d3ec43	13709	91.42595	98.25293
e47bc32e-3b33-4ee0-bd7a-e157ab9bcc40	23566	95.56809	99.15179
e48194c5-0f16-4564-b824-60cdbdb44238	27821	89.39585	95.97717
e486e28d-a705-40fd-bd9c-82f153043441	27637	94.79843	98.99835
e4881d6f-9432-4a69-a3b1-190d9809b469	63939	92.06236	98.41696
e495c596-6afb-4d88-a5e8-e2c7cdafa351	55294	95.02887	99.42376
e49af170-312d-4a26-adfd-0fb6f0aa30a3	36755	94.06701	98.53079
e4a11f88-667b-4858-97fa-fce73afe0d16	23691	95.84546	99.11438
e4a3f84d-2430-467b-b57d-ac8b21621546	27506	93.38389	98.70088
e4b3b106-4724-4b7f-b3b8-2824297e8042	22366	93.77789	98.96926
e4b48deb-e5a1-4766-983d-4148c3d5b3e6	56852	87.83239	97.45016
e4b7d6c0-b23d-471e-b152-5fc1b093065b	33609	84.36333	96.21586
e4b86637-1e61-4b50-bdd5-ad6ef331fdb3	27049	90.40399	97.07482
e4bd416c-f561-462c-8353-0b9fa03a4dc0	24884	90.56045	97.13323
e4be92ea-fab6-461d-9716-ac315e50c569	32397	87.14566	95.45011
e4bf4249-103c-4f16-a1e3-bc342b8a24d4	27746	93.15146	99.30364
e4c5614c-021a-411c-8d37-9526efc1f8c4	63351	92.71133	98.65571
e4c943b5-84e7-42b3-9ba3-e8d572b80431	28215	85.91728	93.18890
e4cd21b0-4479-4a92-a02e-a352c070396d	29867	95.58930	99.19422
e4ce1b6c-f443-40ff-bf53-67e4901e58f8	46855	94.38656	98.62540
e4cefc08-8bdb-4efd-a53d-c4a365e5d0d1	38831	94.85372	98.75395
e4d2a174-b4fb-48d9-9f6b-867ad33922a5	55543	86.67785	98.01343
e4d334d4-3fdb-4e33-b785-b3f39b1565a8	26842	94.02398	98.97205
e4dbc0f0-cb79-4f67-a5a7-fd877db70986	23079	88.44133	95.51346
e4dbd46e-fb85-459a-af26-3997c6049471	26002	88.92945	97.89116
e4dde32f-969e-407e-a1b6-b2fe2ad52d42	103543	96.14728	99.28330
e4e22f85-2f3b-4065-bc24-475733ee7432	35341	95.26744	99.12059
e4e72c5c-85f4-4ebd-8424-92c2033a9d7d	48355	95.57268	99.27599
e4ece17b-14ea-411c-b6f3-cd4188ef09b8	28405	95.23071	98.45244
e4ed5296-3841-4eb1-bbfc-595c1e461fec	34236	93.89151	97.98365
e4f2f5df-dea1-4471-8b2a-b6455dc8c0b1	36148	95.28705	99.34174
e4f88961-cf6c-4f24-aa58-bf85fe11fde1	49548	91.67184	97.82295
e4ff79a4-2d8e-4a4b-bd6f-8807007d6de1	27764	93.77921	98.73716
e506bf84-dc04-4fb0-9a59-d0ffc84a9ba0	23409	95.14177	98.86903
e50c63ee-8191-4ce0-926c-17a63e5e01e2	36435	84.14634	89.86134
e5187e93-df26-409a-a8f2-60e52cf53211	42115	95.44287	99.21873
e51c7a00-7c7a-4149-aa09-33a33ba9ea88	43290	76.11440	93.63807
e5222ccc-7a8e-4e1e-8617-91eaffe66bf0	33059	94.67089	98.91122
e5259b9a-1de4-4286-a76e-fc41477fbe00	24788	91.38967	98.13556
e52cfb6b-9aa3-402d-aa8f-77e5d6a071ee	26206	90.63347	97.71672
e52d3c29-90bf-4936-a005-f7f50aabbcbb	32221	81.40544	96.49762
e53640b7-d5e3-4ce1-b7af-c7aa546a849c	34576	87.24535	97.63044
e53a83c6-f68d-4c3b-a11d-80838eac7d07	30731	95.07689	98.97360
e53d15ab-e118-4b6d-8429-484e33134233	20683	86.28600	97.41628
e53fda53-489b-41db-bce4-4601f4edd68f	38397	95.11921	98.75261
e5459bc5-b265-4d30-bfaa-f0f4f8c86101	33471	89.67358	94.60041
e549bae3-0904-4cb1-a9b7-f25ef7a3eb22	39340	94.50301	98.67075
e54d78c4-b2ea-411d-8d76-88938e549d79	26488	95.83287	99.24100
e54e5cb8-0043-4d70-bfc9-929b08f40c5a	28292	91.18521	98.31028
e550b12d-5ea5-4ab8-be5e-8ba8664ac2df	34335	95.91286	99.35044
e550bc8e-d15e-486f-93ec-90fd0ef5b8c5	31410	81.27249	89.26563
e5544a62-dbfc-4800-829c-86cfc58f1032	30612	88.81803	98.04746
e5593468-f44b-4ae3-8431-41c459b736d7	31658	94.52747	99.22983
e55b0165-482f-44f9-a454-7ff643ac638b	51099	94.75877	98.55333
e55b8a6b-eea8-4881-bfb1-2950a7385a6f	15145	95.23036	99.01407
e55df596-573b-471d-b0c8-a7730404ef9b	38591	77.80696	92.47229
e55f140a-bc89-4542-8504-d905cd0c60d6	31040	95.07673	99.22443
e566651c-63ca-4c22-802a-a94129a8b665	30455	90.31038	97.76919
e56a4aa1-cbfc-4eea-b82c-6e8f41ea6901	33905	93.32949	99.22817
e56e40f7-222b-4726-9b4b-97d5eec4c6e9	23171	96.38086	99.52588
e5718a00-86ff-44dc-9957-903ae01fb5ef	28843	94.99186	98.59522
e575bbae-9808-453c-8b30-6d37d378bd72	109489	93.67902	98.85702
e57a53fd-41c4-4a96-85ce-fc4b1778a543	25178	94.42581	99.39017
e58066c7-6e66-4ccf-9d50-50101484bf6e	28592	89.97855	97.72907
e58aea01-f505-4546-b848-66b2e851c942	23831	93.95166	98.47913
e5900eb7-8c6e-43bf-800b-6041ce4d8c23	30763	93.77175	98.62772
e5972f6d-628f-4c07-bb36-d9ae00c4c149	26792	79.45780	95.62818
e59a8c60-1e0f-48ab-b2e8-a4f7d0817433	37571	87.74477	95.60061
e59c1146-60dc-45bb-a0f2-52bf6c93ff9c	31099	79.36513	92.05595
e59f8b06-5358-48d7-96af-91c90c52ebbf	26631	85.02691	97.14736
e5b674a0-f3d5-4123-bbf1-ca21b462ae95	39678	95.07693	98.84168
e5bb31dc-2375-454c-a453-3c469bfb12e9	23774	96.55830	98.98530
e5bbcd16-77f3-43f2-a7fc-2cd879d24b8b	81265	90.56468	97.73097
e5c5e44c-33b8-49f9-8b91-1cc79971a522	28607	94.72766	98.83922
e5ca0ad1-d77e-441e-893b-4fd796daf86c	26742	79.47814	94.89883
e5cccd49-37b6-4336-aa7d-97e0f232a296	34591	86.65615	95.89216
e5d078cb-4e39-49d2-ac2d-2abc9d1dc675	32139	96.02675	99.20416
e5d10350-e465-4f85-b480-0fa83cd40333	27036	95.58820	99.04464
e5d249bc-c9c7-423e-ad7f-ce607908d096	24089	94.66976	99.04302
e5d5b770-6793-4007-93b6-dcd82625977c	29056	90.15546	98.35404
e5d99638-db5d-4d10-959b-5b9d6951339a	59944	93.27130	98.52539
e5e35c50-79d0-4908-851d-ebd6da546fb6	33076	94.96622	98.96521
e5e442b3-ae24-4367-8c0c-7682ae6135f2	56046	95.05695	99.18652
e5e4a64a-d9b7-4e25-9fc9-df0fdf6139b8	33302	86.96765	96.79993
e5e69bbe-9b0e-4cd7-a465-930ce0e12b25	36864	85.90441	96.48179
e5ef2ef8-cdb4-420e-9fb9-eb2c9ddb0215	25821	90.42303	96.18403
e5f569b5-4f3e-4e53-97ad-88d5336f9ba5	26175	93.18005	98.46554
e6003bcc-7596-49fa-b897-d04f27444d22	36063	92.15560	98.30828
e609e6d6-836f-439b-bc30-ea8aefcad970	49973	91.85412	98.55216
e60e8515-888c-4c1d-8665-e5d7aff284f8	46162	90.90376	98.67778
e6162f01-f6f1-42d8-ae2d-b8e476ddc374	27022	93.41588	98.54792
e61b2d49-9795-4c0a-84c7-f011853f7572	33289	91.35763	98.34207
e6227731-9e0d-4c87-ae97-cc168f01b894	23124	94.27178	99.08415
e6262006-07c6-46ac-b183-595851898d29	22769	95.91687	99.18689
e637d468-858a-491d-b51d-ede3349f8f57	47143	95.15918	98.88422
e63e27e0-521b-4c9d-935e-e01d10618386	33980	86.68577	96.91868
e641f805-a763-459c-9dbd-14b9db7f19fc	24427	92.15803	98.63097
e641f868-93a2-46b7-a7dc-2b356d73a1aa	53654	91.10099	97.98965
e64528a5-a9a6-44f6-9364-fdeab8226488	80322	95.45059	99.47067
e648cde5-d2ee-4c8f-9c4c-62cb0386d325	67408	95.37749	98.78949
e65578f3-9b60-4137-b993-3a1c94e7c38b	23686	93.38068	99.16355
e6590e83-2e5a-4fdf-bbca-1c993c2b7433	76058	93.97790	98.77924
e65f1442-58b5-4494-9518-7b71f711bca4	93825	94.31848	99.38191
e661e537-a194-4b0b-9650-e6d228756e06	46910	94.54090	98.98123
e6640af4-cd37-42b7-ae8a-9fa010919b3c	39544	79.45376	94.15205
e666507e-892b-40db-a6b4-e235a8576dad	35752	95.07589	98.99273
e66880bc-0549-4912-9f2c-4315aaf60bee	42569	75.22170	91.93058
e669d41e-7ac8-40e9-8639-46ca505aa78c	36724	83.81719	94.56808
e66fe436-a48f-4774-8c8a-3f5c3b267aff	39746	88.84056	97.82577
e674a76d-b37b-4262-9c46-c35f53bb2bc0	32924	95.06559	99.02877
e6764bd3-a343-4d3e-a893-37f7801145b0	38110	95.45162	99.15519
e6790995-e014-428e-8e1d-4d1aa825b58c	28799	88.88337	97.33541
e67b8430-adb9-4a1c-8c99-60eb0b530b5b	26456	94.23967	99.15812
e67e63b7-3d11-40e4-b478-9771adef5cae	33449	94.98856	99.17655
e6809b1d-b88b-4974-9e33-35358355685b	23924	93.96915	99.07754
e689915f-12d7-4bb7-b9a2-33085794b5e8	23881	96.16227	99.16674
e68e75aa-7493-4c88-a64f-c8b646bf66f3	24722	90.17261	96.97721
e69574c2-73e3-4d43-90c0-228d8099e4b9	22231	95.82390	99.37192
e69e04bb-47bf-4b2b-b2e0-ff059ad62c0c	46878	95.51454	99.14202
e69fbaa5-df57-4ec3-af3e-4021dac45f9c	38886	89.53537	96.47252
e6a99ce2-b8a2-41d3-931a-4604b5abf549	22567	93.05958	98.90342
e6afd5c6-5881-4806-b50a-c96dfb2b4984	42218	95.47645	99.20190
e6b4d9c7-4497-4cbb-93bf-f9b365b9e5e7	32189	90.39988	97.32901
e6b62f73-e785-43d0-b8c1-c3541ac12ecb	24236	82.48242	95.57897
e6b67b00-2c26-44a4-b4bf-54b6ac021d7b	34448	94.69097	98.81380
e6c1035b-e6a6-4f7b-8d78-983fdfeb69c2	34795	92.04521	98.39853
e6c88cdf-2e3b-407d-8aed-a718dcb2813d	23548	94.29591	98.77956
e6cd0b35-2bbf-4481-9a3e-64815301a548	74435	75.22743	93.97776
e6cd2339-2e66-4525-89cd-2e42ab1c5456	27545	88.10195	98.10093
e6cd92fe-1ec9-4a7b-9b20-1b76fc584b7b	22700	95.10804	98.76462
e6d5650a-6621-42bc-8d89-286e85c161ad	22737	91.99275	96.95751
e6d79064-8de6-4a2a-b699-41af4b8112b0	28639	95.32396	99.06007
e6d86d6f-9cfa-4754-a3e4-54aede05d82e	32210	86.61344	94.97780
e6da4ca5-bd4c-406f-beda-b09c1cf97952	34995	88.82542	97.26401
e6daa3f7-5cce-4a97-8218-bc8b78482ec0	23516	77.55460	92.85516
e6dc3fd7-a0cf-45bd-804e-3521f1166e24	22447	94.76236	98.73306
e6dc68f3-5cec-4c81-8158-a56c5a263777	32606	94.43075	99.04666
e6dd0be6-6511-4279-9fe7-7fe9c22f2f11	27088	94.96903	98.96333
e6e12d5e-25a6-4aa8-87e8-664c479f3b06	29517	95.51071	99.31863
e6e31580-d211-41ba-ad1b-9f62c3e15cc4	37931	94.94955	98.66788
e6e771ab-001f-465c-a1b5-ea01598236f6	29538	89.53322	98.18115
e6f00743-497b-41f5-8faa-abb3029963a5	30521	95.14192	98.82754
e6f353e9-4ea1-4a88-a364-ceb868d01365	27134	94.78041	99.24911
e6f420bf-a417-4205-90f8-df480aaa185f	35296	87.46979	96.93698
e6f52236-74af-49a4-a190-79fab1bd7849	24118	95.88493	99.15859
e6f55c0e-ae4e-4128-8fc5-c43bde72e295	30784	87.81842	97.50183
e6f8a04c-c0b2-406c-9791-b1583ce93806	55110	90.39354	97.61605
e6fab69b-f091-4ebb-8823-a158a6eb78df	24731	87.03953	97.37632
e7022347-ca5d-4b32-a995-dd8af19e8359	56629	76.39351	94.70766
e702a92e-b40e-42b5-984a-9492ebe1ed99	30347	86.99910	97.02139
e703f26e-881b-4bf0-b455-4f0f4d925c6e	42307	90.38935	101.15736
e706078c-ec53-4346-8e55-ff635aec6e75	28120	93.83304	98.99001
e70721aa-23eb-4d81-92de-a985da86f9f0	23988	89.57699	96.22353
e715bcfa-685b-4f48-90ff-269d15d5513a	27308	95.32895	98.84911
e717257b-de20-40a0-9eb6-4309da2c2907	55666	96.07424	99.14042
e71dd1a4-da2e-4bf8-9c82-b70f13b3cad6	64145	87.53000	96.27156
e720df45-5c67-46c9-8a83-004cb785abdd	49026	92.76464	98.55834
e724e87e-cea8-40f5-b54b-48c4bf40304c	23664	85.49186	96.91681
e725337d-e1ec-4f1e-bbe6-899e6b3a98e8	23691	86.79230	97.72153
e7255893-3cfe-490b-a5a1-b422f52c0f73	43915	93.79201	98.10282
e72649b0-f1d9-4c7f-bf95-b0a3ccf7206e	36072	92.00247	98.75459
e72dd672-c20a-4752-9081-aaff6e7febe9	45193	90.10559	95.82608
e747548c-a899-4060-a949-9a6eb7cf8f1c	33150	81.50813	93.81411
e74c5e6d-b4e1-4f96-8051-2f4f0326a975	26706	84.98025	97.16328
e7504c46-6ce1-4bc5-bd76-7dede0e3cd48	37033	94.92938	99.00849
e753656d-c2f8-40e6-9edc-4f8b5deb4def	45349	94.92393	99.00923
e7574664-33bd-4802-ae39-9c123ba19498	23144	90.56312	98.85550
e75bb279-570b-406d-9082-4cdbcf83a0f9	29011	89.83473	97.96624
e75bcdc9-483d-4c91-a589-19381200988f	36919	81.51332	95.83160
e75c6a32-f26f-49f5-bb2c-a58b6efa1e80	48645	91.89994	97.97474
e75f6dec-8f93-4bb3-8c10-0fbb0376113d	40797	93.43430	98.51031
e75f9535-9f67-4485-b406-f41271735c3e	25683	90.87022	98.23155
e761d597-dfca-4183-a987-10b2437ea2bc	24551	93.42335	98.72907
e764973b-9c87-4cc9-a09c-2df06e5d4301	22746	76.17549	89.72407
e7685b10-e187-439a-b51a-82d1806ceed3	23940	94.36960	99.11512
e78230f4-52c9-4d23-81dc-deb48da8147e	28064	89.44619	97.70424
e789337d-51e7-4668-b603-49641abec5ee	56216	95.04507	99.38272
e79be1be-3b52-40dd-a382-9692570a4820	29089	85.63531	97.42892
e79cd0d8-be20-4787-bcc2-3fb2ffda49ad	44936	92.95787	98.64128
e79e6f6d-384e-4cbf-a944-9c6ad0f0bde2	39910	95.10380	98.93686
e79ec704-6816-4ecb-9924-b2444cc89764	29650	93.64772	98.57652
e7a002db-87b8-4736-b2f0-f0ea8d23b673	35320	95.76011	99.41860
e7afb0de-0a59-4c66-8594-9be02ca77de5	28696	90.37830	96.61028
e7b0f51d-c92c-4df1-968d-711b2ebbc4be	28931	94.83654	99.20580
e7b7b107-5ef7-4141-9433-0f2f2bcfe12a	24663	95.39303	99.10455
e7b8daea-f337-4ad9-917b-cae04bcec828	26319	90.00730	97.99290
e7bacc61-f1c9-4e8a-bca3-59baade190f1	84583	94.19079	98.60665
e7bcadfe-bfda-4942-b3b0-86e1655a7556	43764	91.35716	97.51725
e7be9461-6eae-40e4-a908-6520b5af7643	26818	95.84113	98.98579
e7c2749c-a47f-4ad5-a241-b744077a1751	24591	87.18831	96.01176
e7c27e84-5716-4050-8251-f1354ea1f954	42441	91.32964	97.81811
e7c3bb16-76fc-45e3-98ab-b0c37fef1cbc	23787	93.31091	98.96072
e7c610ac-e613-4e50-ab9a-a28d4f91e910	34291	94.44429	98.77816
e7cfc818-48dd-4254-ad22-c3b07a5ef168	25188	95.07585	98.67578
e7d483b9-3ef7-4e6e-8736-d520a292f2a2	52497	82.01331	89.98866
e7d6a929-ffbb-401d-ae77-9e14ae75d47c	27809	94.88165	99.21668
e7d798c0-9e2c-43bb-a95c-94a0f77e6213	3410	95.52810	98.87073
e7e691a8-7014-4c69-8495-59dbdafc1240	32645	91.92209	98.21515
e7e791bb-e4b4-4608-adb3-57feaf82acc0	23041	84.87870	96.52002
e7e8faee-8e53-4225-9aaf-22f843f45340	22718	86.30395	97.67462
e7ec9179-7f96-4691-a248-398814d20bfd	33327	88.33942	97.27664
e7f1d3fb-2886-4c74-aa93-afc060e70410	81603	85.96497	97.65405
e7f5b0e4-8bc7-471a-95b0-e3bef874ad62	32388	93.68643	98.64159
e8071a6f-c595-45bf-ba6b-49ad0bef21ec	33230	88.61985	97.79922
e80bbdef-f5ce-4730-b319-7275fdcc813d	26753	94.21037	98.79625
e80db471-047f-4f6f-bb33-488e13f2b7ae	35495	89.54320	97.57704
e80ef42d-2df4-42c9-a085-d1044d8e9b0d	27787	92.20241	98.37312
e8179dc2-1a03-4579-8745-0f48e71802a1	23993	96.45370	99.27762
e81a7930-e708-4296-b85c-1f09204b3a35	31428	94.06693	98.93003
e81a8066-37c4-4419-b6b9-61c02a30bafc	27330	81.17628	87.46859
e81d0f1b-764c-4c74-88dc-4eb78d09a02a	68672	79.15532	94.94525
e81dc170-f5e0-438a-8a44-c0934d5f69ff	34805	93.28004	98.49091
e81e7591-ca2a-4e87-83d9-42b344332eb3	37544	94.38720	98.78181
e82ae2da-e228-4043-8746-3840745d8761	26436	96.47674	99.37052
e8313a5a-a578-4868-a1a4-c70a79777f54	30439	85.68636	97.05619
e8322848-b869-46d2-9025-cafcfa954dde	49645	89.65824	98.09245
e8326afd-eace-49cb-9251-9bb26cc2204b	48552	94.88731	99.45419
e83816f9-2882-48b5-afb7-1bb7abf03bec	26043	88.28298	98.41770
e83848ac-f6f9-49f6-a166-8b120e7f4ec5	27051	94.89733	98.88547
e83b6499-bbd2-4ebf-91f5-a0179f955eed	42672	80.09897	93.76349
e83da4c6-f366-48c3-bd39-31c734f271f3	46794	94.98429	99.08189
e841d2a3-8b1e-40fe-91d8-6a9ff436278e	22702	82.71030	95.13883
e8420e9c-36de-4389-be79-b61ec5ac0b18	27506	90.46727	96.69465
e844593e-bb3e-481a-8545-522cff59de6c	20567	81.67317	94.14234
e844d3bb-7db0-469e-a054-8ea39897e769	30126	91.09607	98.26204
e84cf5f4-9230-4d7a-b18d-a834213fe863	51046	82.43057	95.43726
e8528b48-c3f2-4528-af86-588d60a96afb	28476	73.26490	91.48524
e8538469-4c49-4985-bc95-8e1e4b31693f	27584	86.40024	95.20610
e8569f3f-9439-4ea8-8ac7-08d8fe8cfe51	45729	94.97528	98.72802
e861ae19-c546-4846-b727-0dc26ff7bda7	44306	88.66524	96.92183
e863ca03-e1b7-41b1-b356-ac5391613f9b	27726	86.63279	97.50591
e864fd76-2362-4e0a-8b86-13c9c584ffb3	36056	94.27187	99.14542
e865971d-e461-41a0-b199-c0958ead73eb	37075	94.31932	98.37766
e86db3b8-0b0a-4fff-bd69-4ceee4b25f87	25082	91.74270	97.60390
e87155ef-8ad8-4ef2-b249-ce7778ce60a8	37585	95.52184	99.18568
e8798cd4-cc23-4233-a12c-6e16c8dc70e7	24245	94.75730	99.00057
e8825f55-1a04-4e5d-8ae3-ae076ed4f69f	37601	92.41952	98.00935
e885355a-454c-4fe5-9836-741fcdb6598b	73720	88.43621	97.22593
e8864761-5977-40ad-a83f-e36789e77176	50343	95.00592	98.49079
e8871284-5335-434c-a018-77d741ab2385	31030	89.72689	96.49260
e88918b5-a098-476c-b051-4e59710baa2e	35533	91.95959	98.49116
e8900053-d93b-4ad9-abff-f86f10c017f6	28255	88.62758	97.92231
e89377f3-4d95-45bb-b663-75756aba3e59	33143	89.91746	98.51591
e89ca5d6-4db5-46b8-b68e-eced751847c8	41679	93.91298	98.78877
e89d2ea3-0d6e-4c33-952d-95d9acab5e0f	37493	95.29326	98.88992
e89ec501-f32a-4f2f-8f74-754749dec522	36794	91.26592	97.72419
e8a2136f-ef47-4ffe-a280-ffe969d83d04	38661	94.71365	98.86209
e8a22271-b723-4e99-8474-8f50569e9a11	68928	92.80959	98.76471
e8b61a6c-85c2-4cd4-8dab-f034249f1108	22383	91.81974	96.57516
e8b6f9fd-3850-4f57-9fd9-bf73b2cfe0e5	41586	96.03604	99.06687
e8ba8e60-7f18-43ae-870c-549a8a352724	13073	96.10754	99.75470
e8bbfb9c-b4e6-4dbf-abd1-505f400112f0	26367	86.63680	95.72126
e8c64b42-b638-48d2-9858-13dca65d0611	25193	81.34594	92.36571
e8cda7c2-a399-42df-b187-92ae5cc06e5e	36309	94.16546	98.81349
e8cebc95-f20f-4eef-bef9-3adc027db020	30468	92.49360	97.33859
e8cfd327-7906-4ea8-8f81-e8ed5936dfad	27566	96.23067	99.43211
e8d0ec9b-ddb3-4d7f-a52b-7c600b893fb8	58842	94.30948	98.50479
e8de545f-0e38-463f-993c-b651f2b9eec4	46739	93.81357	98.84522
e8dece40-44c8-4b42-bfdd-7beea6cc5636	50654	89.70444	97.41145
e8e01a76-59cf-44c1-adf7-fffb3867ef73	25579	87.81506	97.54211
e8e2a39d-a937-4f47-be2d-1740dc56fbd9	23640	95.50819	98.75073
e8e78cbe-512a-48e6-ab19-e88385669812	32812	92.97230	98.38501
e8ea793a-440a-47e3-a1b4-7c3046dbcb4a	22124	84.80146	96.40247
e8eed9bf-e870-43d2-8540-4522b2c769d1	31459	94.45932	99.07811
e8f1ac57-3597-4070-9b2b-87b4fb638500	59789	89.85466	96.56952
e8f40539-e4ec-41cd-a4c4-d49b3ee7de40	25075	84.32015	97.59737
e8fbd5c2-6926-4fdc-a2c3-e95e5d29c39e	20794	68.72042	81.26303
e900e276-5457-4e9e-8da7-5f201e2d0d76	26682	89.49687	96.16608
e9070d05-11d1-4050-bf7e-e6c877b1af5f	73367	94.79965	98.88944
e90b6775-0d6b-454c-b792-315656962d6f	29328	93.27706	98.40040
e9130e30-04ef-4a5f-81ee-3709b5f1604b	24952	87.70569	94.96576
e91c67cc-8610-4d74-9223-f10d56cce739	26483	89.91554	97.36076
e91d92b8-317d-4705-865e-e83063e0ddf1	22952	92.07069	98.60566
e91fac23-2c43-42e2-890a-1f48cd266573	24809	92.71338	99.26547
e92073ad-99e3-487b-8b41-af69c56f4656	26535	74.10596	88.78367
e9254709-d6d8-4973-b8af-65a079eda2dd	22450	83.10808	95.76649
e9299b97-aa42-4912-957a-2a6f3b06a004	25134	95.81618	99.25545
e92bb715-8dff-4fe8-98ac-d973ebe25531	32662	90.40362	97.50411
e92caeee-1622-44c8-81c6-cc90950ea272	70550	95.20699	99.23403
e92e1077-84cb-4c28-aafa-44f6f4dc096b	28683	84.62037	95.38015
e934fb02-ac62-4920-9f28-e0428f218b22	25840	94.17608	98.45219
e93a56d8-1b9c-4eca-87e2-77016b5dd7d6	48531	85.84765	96.53654
e942ba73-99ec-4828-a264-109cd3bfe12b	23797	80.20955	95.67201
e946647b-5ce3-4e8b-812c-7345954a2666	48891	93.67875	99.07890
e94f682b-11a1-47f4-8ec5-6495653ea44c	33510	94.84856	98.80611
e952562f-b89e-46aa-8b6a-743188f6a08d	38397	95.99846	99.23356
e953f371-0760-412c-8166-1bfa99c25456	32356	94.77354	99.06077
e9582acf-cff0-460a-acc8-58a0737d6b83	22636	95.84547	98.75224
e9586ad4-a28b-4256-955a-88f8208c8bc8	39907	95.32864	99.08444
e95954f0-cf07-4de3-b528-bb38599ff201	48040	90.71793	98.21666
e9598c51-8e30-41a6-924e-4d6707c6edb8	50075	95.14892	98.92362
e97bfa3d-8227-49ba-b1ff-36dfa80ce1ef	43447	94.67449	98.55718
e97d684c-3f81-4178-aea3-6b5da8b24aa4	28658	93.45069	98.33792
e97e0eb6-4f46-40ee-852b-b7c0dbe9e78d	56816	95.36412	99.42208
e9803d8e-18b7-4670-97fd-a32c0b721713	22852	93.88288	98.89685
e98047b1-d515-4ed0-8655-57005e3c3429	70181	85.56175	97.40767
e981b957-a365-433a-bf55-8e67e7783a91	23469	89.01058	97.40814
e9830119-1ed4-460e-a6ac-82be3be6ab1e	48227	95.01666	98.93554
e9846cc4-c3b4-4689-93af-df46379981bd	24711	88.88071	97.81071
e9873a3a-f12a-4a02-bf2a-0c563afeccd2	30518	94.04659	98.80875
e9878a9b-af3c-4b09-9568-e90bbf051a68	44623	95.12200	99.20923
e988877e-f4f2-4534-b57c-c18c46bcc49b	44494	94.25888	98.84306
e9945864-2cc0-46bc-9ce1-4c3d9b5ae176	28574	91.91706	98.33834
e99a7ea6-6f80-4095-beeb-80f968520687	27980	95.52967	98.88345
e99cdd85-3061-4476-9002-ee8c0a0bf142	40652	91.96644	98.63850
e99f9579-1436-4d39-830c-8321898064c6	22066	81.06798	96.05937
e9a01289-696b-4e99-b6de-bbeb58a9e425	29740	92.21322	98.65624
e9a13a10-0dc0-498b-8794-4b73e0936b5d	30876	94.94664	99.06109
e9a79931-6c94-4c53-bf6a-c562c8c31820	40521	95.56056	98.66058
e9a80b13-f945-45cd-83aa-33aa2fcec31c	52363	94.52485	99.20493
e9b39477-ae34-4e9d-ab2d-312fde44786e	28345	90.15218	97.56755
e9b98285-af77-4e77-87eb-0bd429159e35	72269	84.56196	92.93688
e9bbe0ed-3c2c-4ad5-8907-219f12b73446	27326	94.98135	98.74230
e9bc81bf-d7a8-4348-a9ba-ad23b77a28c5	29811	94.08009	98.60780
e9c313da-7cc8-4732-b7c7-7b120a2b7d03	29485	87.65623	97.48574
e9cf09f5-6236-4026-84f4-85d540d63d70	36116	90.35446	98.27704
e9d532f1-a532-4694-9998-1752e485e073	35693	92.43095	97.41676
e9d78fa3-5666-4c2e-ba2d-fff9da1aeb98	27393	94.69673	98.85203
e9dc39cd-f525-4529-ae01-7bb2a4581bbd	22431	93.32203	98.63642
e9e285a3-d24b-4a7b-aa85-4b07c7b7811d	43548	94.69044	98.63626
e9e3480c-db35-4be6-a1fc-6db16f69610d	23037	94.64331	99.18657
e9ea53a6-a029-4df2-9afd-248335b46038	34146	94.92735	98.74496
e9ef6f26-3c05-4a80-a06e-4874e26c1df3	30101	90.65361	98.35560
e9f659b4-9bb1-4510-ab3a-1c40ab3abd65	33329	90.89228	97.85092
e9f8cc25-1efe-4446-a507-fb9e5e0917d4	26167	92.93828	98.81430
ea02028c-ef7f-4609-98b5-37ad7510f909	33923	77.53302	90.49070
ea047131-489c-4709-b2f0-3ede33f52569	31320	93.34060	98.82662
ea088bff-2c38-43a7-b0cc-082ba5c74d8b	24061	95.06163	99.51464
ea0c3930-b31b-4525-8936-ac8c29f795d2	62478	92.83752	98.47237
ea0ff5b1-e0da-4850-8017-ebce9dc6857a	45619	90.59675	98.25770
ea113e37-6d80-406e-9abc-9d2c0bd67f93	35830	87.92333	97.37889
ea139298-3df1-4b73-a7df-0c23490ee7e5	25455	86.37370	96.03803
ea160983-ab3c-4794-b4d6-d029cda21d7f	32443	90.31416	98.01557
ea16748e-b865-4a36-9c91-ec648d4c9846	26049	77.49481	93.06319
ea2000c4-d7d4-4fbf-89ec-45a62e9d6de0	31753	91.83655	98.64115
ea2a4eb2-05ae-4009-a14e-ea48a3776457	40423	77.08084	96.58686
ea2cc843-6a86-48d2-b1f0-9b4a9dd12254	22694	95.88595	99.07128
ea2d2d29-b70d-4a59-b1a5-bfbcd89630a1	36130	90.95157	97.17314
ea348cc5-100b-4cdd-aa7a-48f8ac941916	29927	93.50501	98.70731
ea35b0f3-f17c-4441-ac2e-f3ea25cf9c43	26658	88.14253	97.40451
ea366971-5f7d-4bca-b3d4-1273706803d9	54786	88.77106	98.45918
ea371bcf-c8d0-4681-96aa-695e79408a58	23236	85.42476	93.86050
ea372965-f510-4628-aeba-c51a2b8bc851	23809	93.30843	97.39455
ea378173-bd38-4a10-be73-b12ade75ca6c	34467	92.13505	98.62892
ea3a3874-93b8-4e24-b8e9-cbd79a5287c0	40412	93.72734	98.97398
ea3acf5c-5167-48df-af83-ebdf75b55b10	35102	86.33830	96.45494
ea3c044f-0183-43e9-9473-281565d276dc	37283	95.27917	98.87584
ea412398-54f2-4595-a55b-72eaef52bc0c	32656	95.55301	99.22636
ea431504-2ff2-45a1-bc40-200f06d1b24a	32869	94.19748	98.56318
ea49e49a-889d-4adc-8a06-c6473d3eeedd	36147	83.08117	96.00565
ea578390-4f99-4f23-89c0-a4cc6f675a77	62774	82.51472	96.24313
ea58dbf1-92b5-4fbe-85fe-01ccf974e731	37997	91.82825	96.67406
ea5e1192-0cf2-4f2e-b8aa-9641d58f7eb8	25648	90.43680	97.54005
ea63a13a-df54-43f8-adc4-a782e1ebf83a	38172	92.96401	99.39237
ea64f9c9-043b-4adc-9a9c-f800ab2a93ef	36151	90.24261	97.73645
ea676ac8-80b3-4ef1-9d10-cef59ac951cc	24299	95.13034	99.28677
ea738498-e3dd-43b8-9516-0082fe4fb630	24445	94.04390	98.92792
ea7c6a95-eecd-4ae4-a859-376821a0c427	25788	89.19103	97.19018
ea7ccc78-e8b2-4dfe-aefb-55b61df771d5	75981	95.55518	99.05653
ea8058a0-4139-4017-9f53-5694149c50ee	25770	94.19668	98.85354
ea87b629-a4e4-40c3-b8e5-b5cc8f488bad	29470	93.34719	98.30123
ea8c77d3-6838-42bf-ba12-ed414260e312	32400	91.34630	98.46032
ea9311f4-b1a5-41e6-8829-115a6880e382	23506	89.74117	98.83043
ea94f28e-1ce0-4df0-81aa-b59958b37690	32815	95.33715	98.58625
ea95a0cd-35b8-4c45-a320-98e15361f012	46029	93.16059	98.78146
ea96f8fc-30a6-40f2-8957-822f6232504a	23277	75.81497	91.30935
ea9e7393-072e-49af-a5d2-969aeafe61ad	42014	84.51228	94.99355
eaa176eb-24c6-4723-983b-d9d7816ba0f1	26804	89.18775	96.61661
eaa6e974-d07e-4586-a5f1-fa4452431754	37962	94.53965	98.58147
eaa75156-49d2-466e-b0cb-3888b6b2c39b	27946	89.12413	97.27701
eab3a43a-db1e-48c7-8b7a-4e500a80987c	44107	89.44438	98.02472
eab7ec86-f1b2-49a0-ac07-a2b11738deaa	23909	86.14019	97.42959
eabefede-f6b8-41eb-a1de-d1c2aacb937f	25209	90.97307	98.01014
eac69105-9e88-4a18-88ce-133635451951	57483	94.48051	99.19818
eace8f61-cc9c-4681-865c-009c64e06929	33780	89.26803	97.77243
eacf7ef3-e707-4ee9-8384-36050a165c64	22517	93.36015	98.50327
eacf845f-d2d4-4bbf-8ae9-332a7635d8ff	23657	87.84061	97.65920
ead69a2c-e85f-4542-877d-45a3daf97fee	56730	94.30949	98.64361
ead77362-4dfd-4afa-b91c-713a1ac18bbb	37194	88.53110	96.56851
eaee7ca8-c8f6-46f3-9343-ad6e4801e25b	30050	86.81106	97.57663
eaf1d70c-7ea6-42aa-a9d9-7bc4fc2c8f31	26214	89.76907	97.35675
eaf8b215-728e-40a4-9565-2c8dfa420b96	46866	94.15555	99.10608
eafa1a0d-070f-4085-a0ae-1cb6d30a95e3	22557	89.77971	95.15357
eafeaf31-8efc-48a7-af7c-c6a6905c20d0	1820	91.21951	98.88889
eb0b5ffc-284c-4982-ba27-7c788a117388	73926	96.14847	99.15286
eb0c51e6-a5e9-4b9b-9da7-cca41447eb7d	38765	92.91973	99.14920
eb12389e-d2ff-412b-bfc7-2f12ec07f73e	34160	94.70718	98.64286
eb13af0f-27cb-41c0-ae04-05f00fb4107e	24201	94.47319	98.81211
eb160f0f-e0c9-4fc9-9f5c-60d63bfabb73	34215	93.07526	98.59871
eb1b6ee2-fcc3-4eec-b2ba-f30bafd44315	42532	89.53373	98.72788
eb1d7957-3faf-4890-8347-97026964d1e3	29358	88.54504	97.10203
eb1f1f57-e532-4c9e-aab5-ad5f7842f6b3	27472	92.26862	98.36277
eb221777-74ff-490d-a441-e2c4193bc74e	26381	90.50446	97.84330
eb22f799-ffd0-4155-8d22-a77c7705a88a	25422	95.36314	99.04286
eb23cb8b-f71f-46a4-b035-a069fed99cef	36123	95.33092	99.32481
eb277376-eea1-4063-920e-8a5fe81dfe08	30123	82.85909	96.77357
eb384507-ec3c-405a-af16-0cc37ce06b76	23028	94.36782	99.09307
eb400349-1890-4237-9299-28da5ac603b9	38571	77.12248	92.86283
eb411e43-cb88-457b-80d6-cfdd56b49f33	34318	94.86237	98.62319
eb5264a9-fe1a-4231-a6a5-b1618562cc4b	24982	84.13016	97.68446
eb5645a0-dbd4-42e1-bd1a-3395ee10f77e	59540	95.73920	99.02913
eb5aa8d1-4dc1-459d-8976-640bbc7422be	28643	87.36385	96.55861
eb5b568d-703c-4cb7-b2f1-49d8f9623423	33952	87.39449	96.99599
eb63460b-4d65-47bf-9f00-4c97b107777c	35333	94.50817	98.62634
eb6588ae-4504-4773-af80-d19e8bce752d	52604	95.01361	98.95984
eb69d23f-ffe5-4dce-98f4-e923fac45f65	30803	92.62883	98.16265
eb6db181-d5d2-44bd-abc5-cef30bf52aaf	26373	95.05750	98.81123
eb7692b7-ce94-4e85-bc87-361b9291b2a1	50887	87.55115	96.22230
eb7abc63-b860-4d06-ac89-1547c0328c4e	28195	89.47100	97.43830
eb864873-d1c1-489d-97a3-329c07d25b90	39537	88.09803	96.36035
eb8673b6-9b82-469c-9c7f-24bb92f9f2c0	39201	92.21819	98.58644
eb88593d-4ec1-4c5d-b584-8b0109fccd2e	22923	91.18180	98.24395
eb8ac33e-e798-4dea-ab13-1daa8185d873	30835	83.11850	88.61547
eb8af752-af6d-4663-8c13-6108aefb1c5a	34750	90.75435	98.26383
eb946871-3e88-4c76-9171-ba6ee2e29b1c	91932	90.91326	97.68097
eb9a90ec-1b1c-418d-8664-a2637dba9c5f	23143	93.44552	98.37842
eb9c478c-ad36-49f3-942d-312920943cd9	53512	87.71855	98.09900
eba392f2-5a88-4732-9ccd-95a4b9c0b8a3	21923	93.75475	99.10033
eba39e02-b2c5-4277-b526-2a9becaeb174	58344	93.27091	98.06430
eba597ee-7e6a-4ba6-993e-3fd86ab99953	30388	86.88111	97.25755
ebacd2c5-8767-4d0e-840f-3847ffb804b6	26672	94.94920	99.25000
ebb5b9f1-66a5-411c-8544-e04c3cd0d6bf	43552	89.35321	96.82427
ebc08250-ee68-453c-835f-67f7f661f43b	31798	92.45208	98.52142
ebc2518f-b8f9-4af9-aed0-f6ceba5130a9	38660	90.32723	97.57619
ebc4a7e0-b975-4cfa-b2b1-020bb57d79cf	25143	95.16755	99.48400
ebc7b7e3-62bf-4270-b9b7-4a29bf5dd054	32275	94.01396	99.08463
ebc87f36-cee8-4320-a55c-a5f410d3af72	62209	92.83729	98.51736
ebce266a-3b62-4173-a142-876957ba3557	29579	88.65386	97.85128
ebdea9f3-a0d6-4061-af8b-48b2f940750e	32433	94.13531	98.43142
ebe13625-9ea6-456d-a74b-cd99180629df	24371	79.43855	94.94653
ebe17d7c-7666-4489-a50c-2458f2ce7b0b	80964	93.13801	98.83161
ebe189c2-4ce1-4f4f-a25b-f3b8a767c58d	30613	85.68644	97.46945
ebe2f609-0d50-43bd-b511-3048134cc0aa	42001	93.36930	98.18344
ebe5f983-7629-48a7-b03a-8b544c606932	41451	85.37366	96.72538
ebf09512-3037-428c-ab33-c57f8556ea7d	37997	93.76337	99.25094
ebf12643-2277-4692-a98e-da6f74c2c8cc	36594	93.72747	98.88359
ebf50a7a-959a-4e47-a4c6-fed3f5e21978	41431	94.27501	98.58073
ebf782f3-3485-4d0e-a61d-ab7840c379cd	23205	94.34169	98.66894
ebf8dcbd-eecf-4fa7-bcd0-26865219bd1b	54203	72.22477	93.30876
ebfabe2d-4649-4a23-8283-ac69ec270fb2	88214	93.85321	99.48637
ebfd32e7-2d9e-4a52-940a-d8dbd0ddc2b9	33904	94.11907	98.78512
ebfd33ac-de51-4470-8ab0-6d11cd48fd71	47562	95.44234	99.06948
ec0033d4-ba80-481c-907c-30a34931b614	23803	86.51911	95.96340
ec05a8b3-3126-4b6f-b603-0f3d1b528590	37578	95.43801	99.35087
ec0a38b2-c67a-41e0-b1ba-1617251ad186	26266	91.36712	97.09667
ec0bf559-3748-45a8-af5c-3e109cd761f7	53392	95.01027	98.96236
ec16b58e-2327-4470-93b4-560a6e174fff	22680	94.87290	98.95345
ec1eed55-d7e2-48b9-b427-1a90174f2bfd	44940	86.18151	96.58589
ec1f3a6f-8583-43e8-bdde-46fd44575a72	78176	85.35827	99.13868
ec20b360-02c3-4c11-9761-b5030dfe2ed9	36435	77.31534	92.53750
ec20e099-ab7d-40dd-a48c-e5eca62831a9	27994	94.17028	98.98990
ec22cfb3-6b19-476d-a96e-c6990f658398	35065	94.06343	98.91163
ec27b159-2dc2-4e07-8da3-645d71ffddf1	48140	95.56125	99.15632
ec281614-cd5a-4d48-9f8e-e175ad17cfb2	26702	90.19057	98.02181
ec3084c3-75d6-4590-afdd-13f48c561843	22501	89.44419	95.92117
ec340c66-50fe-4b44-bb31-011092d12d6c	43462	88.08220	97.86301
ec357945-b964-4056-92df-4a7d1858c205	27080	96.03441	99.80065
ec4223c1-d7c6-4280-b8e2-d204898ecebd	23393	85.21802	96.62386
ec4a55b1-23f0-4bd7-9b8a-6d2c9792d64a	30285	92.59474	99.17532
ec547409-6c69-480b-ac60-3d58f497dadd	42161	92.17777	98.44211
ec56786b-c7b7-45a7-a28f-b56d42b41103	37551	88.28521	98.14247
ec5716f3-fdf4-4120-aa03-a270dab2e217	54892	94.67597	99.18409
ec599903-4760-40a9-ac7e-4a229470c66e	23556	79.90557	92.63471
ec5caa6e-9e36-40e8-9d33-b0b276193ae8	22810	90.18995	98.22007
ec68245f-99df-48c3-8dd8-0d4ee321bccd	22977	91.89703	99.09307
ec6a4758-30ba-404e-8b5f-908a98090d97	36687	94.14547	99.34037
ec6daca4-1c64-4f0a-bc20-33b3e65feecd	25025	95.11141	99.33498
ec713dae-666f-4d2c-8b2c-60c8e80e9329	27851	90.03904	96.94102
ec754381-6259-4e47-a0f3-4ea3a7d3bea4	26742	93.80470	98.59186
ec7b583f-94cc-47ed-bc5e-2a6fb63dd828	25244	94.92512	98.79083
ec839fb3-630a-4b88-93ac-086e0cbd57d7	40647	90.06877	96.92995
ec8654a8-9b21-4bbf-b43e-d59922e6155c	29121	85.47998	94.29907
ec902c77-4575-46b4-8fa9-c72aa8f25e7e	22320	92.89389	98.44289
ec90d989-1ace-47f4-bfb4-c6d162423f5b	24933	92.45107	98.19022
ec923f11-3269-4632-ba74-a20cd318663c	39138	86.04410	94.16719
ec943169-7a16-475f-b56a-fc05b358dc74	26020	94.15424	98.51880
ec9603d1-0f7b-496b-93f5-02a7494cfd77	24005	93.61113	98.89242
ec965377-1765-4cf5-8c52-81a8cb3a173c	23107	93.66816	98.82439
ec99af81-8e00-4d14-a24d-d51395cba5c0	24702	94.42442	98.85191
ec9c880e-44b0-47b2-a8a6-17e51864fd29	45932	92.87844	98.52913
ec9fae01-0015-4ffe-81a6-17b4a376c418	38103	94.71954	98.77653
eca17ee4-1abd-4c06-a6ef-ccacc9b4ec93	12333	95.85231	99.29754
eca7e524-e947-4198-8006-464ec32bad91	46738	89.90136	97.28913
eca99126-5b12-4c14-bbad-19632da15112	28948	96.13042	99.32590
ecab366e-90fd-423e-9980-c4f6aa8ea4ca	33375	94.97928	99.11594
ecab3b84-3780-436d-b0ad-588a803456b3	26392	95.67975	99.21569
ecaf23e2-ddbb-4b53-b21a-db096fdeeb48	51792	85.97037	94.71130
ecb15a0b-243f-4f25-8ee8-5c28c0cb2fee	25876	94.78689	98.94543
ecb4aec4-e7c2-4753-9e68-532a69abf07e	23493	88.70351	97.56871
ecc5391c-bd12-4725-97a8-1aa6b35afd88	26442	94.86980	98.95657
ecc73840-f778-4b54-b9ee-8ca7dcb63afa	63556	87.43949	97.42586
eccb2a08-edaf-4c4e-87ec-cc4eea504a0f	35661	91.33818	98.79592
eccc0875-3126-41d8-85ca-ccdfcb8ddee4	31758	95.33862	99.21704
ecd108aa-3dd0-4b6e-974b-d3302d81a2af	42628	95.07442	98.95802
ecd64714-1913-479f-bb75-1f7241848b5b	63562	92.91726	96.46119
ecdabdf2-830f-49c5-bfd0-f00df560df43	45515	91.01717	97.85268
ece32dad-fa61-4208-8780-4d0c24d2fdc8	35715	91.07998	97.82877
ece65cb6-643f-450c-a8f1-fbb29d1e73a0	24191	86.06009	96.32638
ece8870b-8739-43fd-b16f-ad97bfb514a8	41686	95.12924	99.17048
eceaa782-f127-480f-bdcb-931e736b2616	42155	88.76399	98.00541
ecec2e65-5a22-481d-b8d0-2d4973562f20	34969	93.26562	98.52044
ecee589b-4bb0-45b9-b3a3-3dc97d998027	38256	94.93982	98.77891
ecf11826-7a39-42b0-a405-c4e3078288ea	64793	96.14847	99.23486
ecf450ea-b1d6-4923-a426-6d2be5097205	23824	95.17903	98.93347
ecf46d86-01cf-4c2b-a510-63e91b91f27b	41662	96.68070	99.13929
ecf7ec11-a8a3-4b69-a9aa-836f11454fcb	48491	90.24178	97.22998
ecfaa5a1-1f99-44ad-a9fe-3f350a209f3d	35356	90.69335	98.56951
ecff01ab-a87f-4e45-9400-6e38607f5baf	30405	85.69131	96.68198
ed019e64-60af-4e7c-b55b-a243c5da3191	39810	91.26482	98.16641
ed046847-9cdb-4053-a4b7-d0c59a886cbf	34147	90.75224	97.19978
ed063b0b-96dc-4734-adac-61256b61df9f	26125	89.83689	98.24343
ed06c542-4f70-40cf-babd-8f46c8d134c3	22660	95.07607	98.86902
ed1929a2-de70-43f9-88d4-9caffb3e0d83	24995	81.87359	98.67925
ed1db21a-40a7-4c21-88cd-97b95c91474a	29249	91.08643	98.16878
ed223945-5d79-4fbf-8e68-c169f52d5ba4	37408	91.17088	97.71906
ed24bac8-7f0b-45d7-b725-384638e16f3e	50863	90.22723	98.90728
ed2787d3-1ac7-4a58-a4d3-9baaa6329a44	53487	86.36952	96.78747
ed34b016-d448-4178-85df-08b2e147e1a5	66350	94.98631	98.52220
ed35afee-7150-4c6b-b2ac-fcf7bab2af39	35841	93.69266	98.69470
ed37144b-61fd-42f2-87ac-8d158c48539c	50686	91.40006	98.21148
ed3943db-f0a9-4420-9e71-c1e5015c1443	26599	93.15618	98.32759
ed3bba89-d058-4c5a-b59c-c2171f79bb98	23606	95.69534	99.11527
ed48ec63-803a-45e9-8880-dfa6c3a081e2	24060	87.89814	96.38991
ed55410b-b8bb-4bf1-ac7d-1542c39c483b	44826	88.52628	96.17774
ed5d7352-f676-4631-89ea-31a95dc3d897	24412	94.39926	98.68170
ed729bfa-df15-4727-b587-b626a762bb9e	25334	94.63452	98.42873
ed73a965-f621-4ec2-80a4-2a36a3438be1	29222	83.35738	96.46337
ed7436bd-4718-4678-9b2b-4e46d2174693	38489	89.12714	97.97902
ed748e5c-8c5e-4fa0-bbb9-acd0aef79057	59398	86.13932	96.15821
ed838009-383e-4861-8852-9dbe43bc65a6	24313	89.95905	97.13976
ed84b58b-74f7-461e-a5cc-5fd0693d77c6	29553	89.68826	96.89647
ed8af813-f6a1-4b8e-82c9-ea8eaf35189a	22208	89.64479	97.40614
ed8b46a6-764f-4071-b598-526bfe5a7edb	37400	93.47465	98.03174
ed94a138-e1e4-4b5e-aa08-a330d5f978c7	14412	83.47360	94.08877
ed96cc26-cfb6-482f-87ec-a25016a3cba0	44507	95.98141	99.33146
ed9c4958-7dd6-426d-9b58-0eff835ff28e	26079	87.90025	96.17290
ed9c51e6-b0cf-492f-a4fb-995ebbf3dba8	29670	94.89880	99.33855
ed9d2b4b-ed84-4957-986d-b7da84ecb764	25574	83.24589	94.56389
eda5b1a7-8915-4343-bb0e-2d3192d15cb3	37156	83.41077	95.89073
edac8410-8a62-4179-8816-a3e420ffc784	30430	85.58158	98.07158
edae718c-bf4c-470e-98d8-0ecd2f1ca980	30377	91.49460	99.22379
edb1cf6f-dcca-4d51-ace2-a1a3ea815df9	35337	90.13377	98.60163
edb33a04-9c6a-4088-9b60-2c219c74664b	32310	95.18171	99.46918
edb3d1d1-8291-4a34-bf91-b96470491afc	22576	92.94772	98.60630
edb876c4-e60a-42b2-b0c7-ed7433757c1a	63216	95.95259	99.17381
edb90675-3ae2-4fe8-8e61-e2a95ce00572	39390	95.62906	99.12252
edbb00d1-ebf5-43e6-b71f-8901dbce5ab9	26659	94.97003	98.82528
edbbf48d-544e-46a0-9225-390b369836cf	41820	89.12632	97.34926
edbea283-6cd9-4d55-ad02-43fbf91bac0a	77722	94.29327	99.25467
edc3938d-9078-429f-a00e-6138b0305631	27278	83.98796	99.79812
edce65ee-e573-4114-9e93-ec6167d19612	42306	84.76604	95.13514
edd5c202-a18f-4527-a384-9adc63d9a3e4	33325	95.18271	99.38128
eddae59b-1c9f-443b-9e27-634d58022e27	25152	92.77365	98.61903
ede12272-7f95-4cfe-afef-c2fc9f5b268b	22627	86.92466	97.86837
edeadd9f-286f-48e6-9bc2-e372fc4a8136	35550	95.07373	99.06988
edeeaf88-fe67-4d5b-8556-2c46d3cc37a5	38022	94.17897	98.87284
edf203ff-f550-4ce8-8455-0a10ca9a7770	67913	95.95370	99.22481
edf31f13-047b-4c72-a85d-320af95710d0	32113	78.40276	95.15256
ee06e6ff-a4e0-4c27-990d-db306272f28a	27963	93.26148	98.87632
ee1370b8-5350-4cce-9896-aa95d8a2e62f	31922	95.44696	99.72139
ee1457a7-fdd1-4804-bee3-0078d8c2c742	33354	91.11029	96.05096
ee173e66-0c38-4d94-a720-5449f90e97ec	41062	84.53569	88.17632
ee1a308f-38ca-4729-a49b-8762c475cb9e	82038	93.06036	98.86239
ee1bff15-0852-4d17-9417-2c5ed6f21fc7	23493	93.90523	98.88072
ee1c8e60-ff54-4048-86ad-f5687322c537	75426	95.70824	99.03024
ee1d3657-ad0a-4d25-95f1-f256e7fea5f7	43479	93.91131	98.75077
ee21ab1f-5a61-4ba2-84ed-8160adee6c71	34784	94.75067	99.36112
ee21b3b2-2eeb-4e70-b809-3e0b8adf9723	44722	93.23908	98.37576
ee224d6a-dacc-41c4-8220-74704c8da0ea	51867	86.15000	97.42991
ee24cdfc-1b77-4a24-b088-1040a27653cc	14584	86.90213	96.50422
ee2b0b00-03e8-4d12-95b8-a984fc49d834	27133	95.44582	98.91694
ee2deb97-387e-4698-976b-bc34584dc033	57984	95.00254	99.15414
ee32f87c-b24f-4249-a7f1-f9472cd7bb40	40993	94.98495	98.81651
ee378678-f317-4769-b3cb-9b97350e5a57	36331	90.86375	97.49355
ee378c25-a8cd-4594-b54a-958d4aef56e4	30546	94.61807	98.89949
ee388b1f-2783-4039-83c8-d27e7fc4ac19	52391	94.66530	98.66289
ee39fdcf-a76b-48d6-8c66-e0412ba529d6	42485	96.15420	99.07721
ee417233-e061-4b71-be96-fb62188a82e8	26519	89.63137	97.71492
ee42d94f-3a7e-4ff1-b2e8-eefb7941f8e0	37188	80.67507	98.40267
ee4482da-e17c-492d-a3fd-c24fe7b57d51	48525	95.30131	98.91661
ee4acd8b-20cf-4bba-8247-4e2c67e6f2ef	22542	85.61297	98.08196
ee506872-a3c5-4298-a7f9-fa60b62b59bd	43133	94.24851	99.32635
ee531a3a-46ec-47a0-a319-c51f9324a6be	33163	91.35728	97.23586
ee55dc65-82c0-4e24-b0e8-2ded984c3337	54655	95.17358	98.88013
ee5793b0-3480-4dd2-ade0-fecdb3fb88b8	34080	95.74198	99.08222
ee5dff4d-f906-42ab-9f6e-319ca7e449ba	36661	90.62680	98.07548
ee6bde35-ec1c-4667-bce1-3eebeab53f98	43151	89.86826	98.17390
ee6ed611-b590-4579-a3b7-9f8d940f7645	37854	95.04457	98.70401
ee701a74-0059-4886-9345-c8135bdfe95b	30984	92.76022	98.72233
ee73db58-99f9-4192-bd5d-44cda4a617d6	32526	83.51848	94.57615
ee75ef3c-1b28-4a0d-8bf4-01f44470137e	23398	88.84793	96.48295
ee769460-21d6-489c-b07a-b0f44cbeebf2	74182	93.76939	98.83516
ee7b364d-505e-4a76-ac50-32ef0875b40d	44306	93.69532	98.94631
ee81a372-926d-4d21-8e3c-b09d0eed5ced	99980	90.30131	97.65796
ee825725-3d26-42a3-b669-fea99243e48e	33694	88.99467	97.68178
ee86b645-a348-44c7-b23a-7c83dde12a1c	31206	87.75791	97.70822
ee884673-da0b-4e35-bae2-6ad1d6a8bcf2	24875	85.81071	97.60668
ee8c4013-b8eb-4794-b6af-a5ff32c7ad65	26367	87.69542	97.96930
ee92802b-feaa-4fe2-9da0-3aedfed3c325	60501	94.90656	98.90648
ee929468-3c1d-4cbe-a127-fd94eaf78dc0	45340	87.97199	96.09700
ee9722a9-b8c8-4b6c-9268-425701a4661b	39779	80.90661	93.06752
ee9afec6-b1d2-41ed-8f45-db76e4dc9089	22589	97.29908	99.44327
ee9bb9c9-ba04-466d-8e68-6d823b72fc16	15435	89.90791	97.77707
eea059cb-eb51-426e-81c4-e4343a42eaf7	31318	91.16083	97.00779
eea0afb2-145d-4b1f-b4b0-25f1f5197f98	25624	94.12100	98.31108
eeabc997-cd7a-4c7a-a64c-5ea6fabcf81f	59934	94.99706	99.06002
eeaec696-f224-42d3-bd9f-fa0cf17a8422	23819	89.11713	97.45034
eeb11163-ea24-4426-945d-f38a1a44f8aa	30203	89.50594	98.20713
eebba22b-1cdb-4ba9-9cbf-d1931591398f	28629	90.21947	98.16668
eebc8538-d969-47e8-8795-e88f188026e7	25376	94.60941	99.09159
eebc9d58-45d5-4fdc-a250-f710a7f22e14	23577	84.49492	96.66900
eebe3c8d-beaa-4c2e-bbd0-cb1d3e1ef15b	35004	95.20780	98.80289
eec075d4-1f28-453a-8971-46bc9a32576a	34986	82.89584	93.58280
eed8cb42-0281-4f5a-bdcc-71b241606bef	52968	87.26250	94.74203
eedbd9a7-f13f-4539-8825-d20b8d17bcc9	23422	94.55922	98.67964
eedea740-30fc-4106-8ffc-4ee21e64ace1	26473	94.95336	99.32926
eee2920a-e27f-4370-b00b-1b71f5a14201	22589	95.39231	98.84941
eee5d6b0-6ebd-461a-9a95-70a53d31ae57	23853	93.60634	98.41894
eef0057c-d857-4f1b-90cf-afad1d153fe2	36012	94.34259	98.78220
eef240d5-15cf-4b7e-a88d-b0d796178b1d	23483	88.31304	95.67813
eefa6ce3-424d-4f9e-99ff-1a351284e7c6	23198	95.75011	99.32525
eefc1408-a8d9-41f8-83db-63930bf8ad6d	30071	84.69554	90.52044
ef00dfb9-5aee-4e82-b97e-20662f7c661a	31980	91.62220	97.84389
ef04b294-92f0-4a12-a1eb-ebf04a4dc22a	53780	94.45900	99.00077
ef04ed80-4926-4b46-9b2c-60dea2481abd	44783	91.92196	97.78259
ef053add-849d-4bee-ac87-8258dbbd55bd	27034	92.97709	98.49868
ef07a3d5-4f5a-4a37-9c4a-9d3a188fc955	28406	93.52757	98.55123
ef09b9d8-ef7b-448a-8751-f1aa4617f8ca	39636	84.03888	93.83720
ef0e2f6a-b0e2-43ab-ba1a-f2eaa462bcf9	37082	95.17387	98.99414
ef102178-a467-42cd-963a-2ac08bef8952	57369	93.54871	98.32324
ef120115-71b5-4679-8294-95a08d46ed5a	34048	91.97133	96.08292
ef13f0e1-4878-4aa4-b04e-b9464a3c2671	29702	90.58499	97.84758
ef14149b-ee56-42ab-b84f-84ec34dcad49	40223	91.23251	98.84944
ef170074-cdec-4a19-b979-681c62a21c8b	42184	87.07878	97.51107
ef1d40e7-9260-4fe9-ae57-e783154cf228	41910	93.86520	98.68862
ef24c552-1f28-43f8-951c-c6c7d73bb70c	23711	77.01960	92.74340
ef253a55-eff4-4102-aa22-4e831e6b295d	33667	93.01821	96.97180
ef26c5f2-0516-4b74-95b6-bba53198785b	37031	84.12778	95.28134
ef3136a5-8c17-4edd-9764-cc1aad29bbaa	26572	85.23101	96.38554
ef3ac827-980d-40a2-abeb-514633de097b	51391	87.43840	98.40341
ef4a086b-23b0-4c02-b7bb-2418286706f3	39062	90.67349	98.01876
ef4c893b-34e3-4e08-a992-0fb27ec19bb0	26091	91.72335	97.18662
ef4d212f-c033-4e71-b432-606c3e38155e	54354	92.94452	98.87065
ef4fc864-06a2-4831-ae64-792c16b70f7f	33918	95.84022	99.13270
ef57bc0e-0e41-446e-a24c-3f1cf42faf06	37248	96.11504	99.34506
ef644530-24ea-44e0-a40f-3b80fc9e9114	62963	95.81453	99.23648
ef659c29-f73b-438d-ac7d-3ffa93d0d04f	45803	79.00842	94.16893
ef6a4c79-ee37-4cb7-9b0d-2f49c864cc7b	36045	94.82946	99.13456
ef7260d6-b89d-4f81-8485-3fa55cac1d9f	47655	90.99502	97.96784
ef78061f-7dd4-4244-8d03-81d06158abee	28744	94.20931	98.68793
ef7b7d7d-2da0-4892-baed-afc37911739a	37373	92.16084	98.77335
ef7c5719-1cec-4d18-aa87-9161f0499869	44506	89.24882	98.02190
ef806656-bd7f-4243-b01a-2ff8ec908594	63938	95.72357	99.09374
ef8772eb-6107-4a02-9b57-a43ed4467156	36825	94.91068	99.51506
ef87e47a-2e12-40d9-8ffc-4a465e8498ce	24089	83.03479	94.34697
ef89dd76-2127-4664-abc3-29fca3488590	32322	93.86917	98.14471
ef8a0255-3418-43aa-bb6c-06b08fdfe0c3	35551	91.18400	97.24423
ef8e0c49-4997-4ac5-9a68-2962f76e9c30	21932	89.81729	98.19375
ef9155cb-a38b-4de5-9d0b-912b4c51bf29	28127	95.21448	99.34541
ef948db0-4824-47d2-bce9-f0901f94a3bb	23463	74.69695	93.32827
ef9bf895-7127-495a-875b-581a1b5bce20	49570	95.12152	99.10695
ef9cbfe3-4926-427e-a3d3-735a70c275ff	31306	95.11722	98.74755
ef9d268c-018d-4ae0-9526-76a4ee3d785b	29985	94.08529	98.63470
efb2ccb0-3782-48dd-a121-67e0d4ef39c6	38366	88.09718	96.96732
efb42402-6e64-42d5-8f10-79877b266993	63589	94.97044	98.86841
efb81e6e-8158-4d4d-aab8-964a57496c56	28638	94.17512	98.96068
efbc892f-3925-490f-b89c-717c6380d004	22540	88.58640	98.17793
efbee75e-d8f5-4975-9282-890da80dc88b	42974	93.98229	98.30073
efcdd975-038c-459d-83b5-7ce956d5f280	57678	95.22654	98.54076
efcf4be8-c39e-4b65-8aaf-61864f7e1eca	32965	93.28354	97.92448
efd06e92-194c-41c7-a855-c0378b625766	33765	93.38523	97.85318
efd28e94-c4b4-4962-9f8a-c24aa084b7ee	36851	94.83239	98.59759
efd63c51-512f-4311-b43a-f7d26cd362f2	24069	75.18566	92.67004
efd804fc-731c-48a6-bf5a-4c80801d38ae	38687	96.06800	99.20861
efd81d76-d1df-432e-96dc-46bc28f30894	25424	93.73062	98.28804
efdb3309-0ccb-40dd-a6c1-45bc537b8db0	45019	95.48214	99.22505
efe0e571-8b76-4c21-b180-beb7d0c19eac	26087	89.41820	98.17016
efe10519-678a-42b9-9af9-0f3a295b1d0a	25217	95.17762	99.58802
efe8b503-b731-4ce2-965a-892875c0be14	23198	95.20907	98.93030
efeb08d8-ed65-4842-b02a-2da886c7c352	41628	91.17850	97.81304
efeb219f-5595-4456-86ae-5137bf395e35	22865	94.36342	99.11246
efed4e5d-8b6d-4adc-b12a-c8e090389f15	30738	93.42130	99.08559
eff2c432-deed-410f-ab13-e0b87b165d43	39024	93.06452	98.55513
eff6e8f2-7b23-4864-a981-fe6bb1bb22fa	26048	95.44717	98.96008
eff89a06-a155-45bd-baa7-951b130e5473	75930	89.68566	98.07217
effad420-b4fe-4e1b-b224-4c11da1c7c50	27382	83.43429	95.65004
effb0003-4b67-4a83-a049-30d7447a81dc	28892	93.96432	98.74854
effd5948-d621-4be2-a1fa-0b45080971c9	24987	94.89760	99.19146
f006aa3c-e1f0-4366-83e9-99abb16dc228	37550	89.98826	97.94585
f0099601-2ddd-4e10-888d-559b5bf46d04	32089	91.90578	95.94866
f00b4a36-1012-4905-94f6-f4757123b0a6	25439	94.77825	99.06688
f00edf70-24e9-4606-ba8e-876f4c5b2631	45628	84.57620	95.23650
f015011f-16ae-4c09-9e23-8623cc2e1aec	32927	93.95332	98.69900
f0181b10-13bb-4224-b9c5-1996a07d82c0	50562	95.43130	99.27416
f01e1eb2-d034-41ed-9c64-0757917c43db	24720	90.52546	97.26877
f01e66f0-c8aa-4cdf-af9d-1314da0508fd	71914	94.94116	98.98263
f02018d6-1367-479f-83a7-b0af8e18e5e4	25651	91.46563	98.68401
f0205d4d-1758-4bee-8978-40c8e0c7feb4	33422	94.75291	99.03472
f022efdc-1445-4044-bcc4-414c4e686b69	23702	93.43066	98.98096
f0262751-34ed-41be-9084-cd3a182adadb	26073	89.60905	98.46819
f026dea4-21d8-4efa-9993-fa5302cd33ed	41898	77.67669	94.94704
f02742c5-f0eb-48cd-b858-ac901c7d4038	27677	94.10332	99.02056
f029e609-fc7e-4a0a-afa8-bb3d59a8f67d	24391	89.05826	97.55285
f02b16bb-b61f-44c8-8f6b-9d4eae803e0a	40972	95.81074	99.07692
f042d59d-ccf1-4dd4-901f-a1e2c7b6827f	54177	94.42253	99.27148
f04a4737-f509-4504-bfb4-2f428f4a912f	22250	93.42134	97.91556
f052b0ec-df46-4331-9e28-638c68a405b1	22571	89.64850	96.44557
f0531867-7a57-473b-bdde-86d199444bf3	28246	89.51453	96.39032
f053a531-f00a-42ea-acfd-5c48b79648d2	38661	89.57155	97.03789
f058527d-d9b0-4eab-92ad-6778e18f75a2	38127	88.22449	98.34497
f05a62c3-a96e-43f5-b288-29a43b5ec0ae	28335	86.98621	96.36780
f05db047-5952-4e15-919d-3bcd73ea2877	49936	93.03429	99.01295
f065f771-441c-454c-898c-bda5df721790	24305	80.04557	91.73083
f06a0279-ee9e-4a78-b5ba-3958abea9bc1	24109	79.43873	91.68541
f06acd37-ca46-404d-bb37-3a290a404c96	39210	84.94085	97.56980
f06f2592-150f-422d-99d7-b0e0c039fdd7	30703	93.63823	98.11623
f076df18-9ddd-408b-9ed6-a038ca23b327	45072	93.04897	99.26094
f0827190-8ded-4c28-b1da-51b7d86f7acd	30264	91.84175	97.81580
f08640a9-e474-4204-aa3b-bf42f9aa4f96	27920	95.10566	99.08169
f086ce2c-2e50-4e34-8bab-564abb1a715f	72179	87.85646	96.76177
f08e282c-e37f-4d94-9e8f-b06181835eee	29497	86.78396	96.45623
f0910694-7344-4d04-975e-e323d669eb63	43939	89.38535	96.98625
f098170c-ea4d-473b-983f-98818009acfc	22563	94.88826	98.75752
f09f282d-5bd5-4413-abef-7232bc6243bf	26505	94.74638	98.79626
f0a4ad44-d83b-443c-b896-fc563b6de02d	30073	92.33845	99.78346
f0aef0b7-39a0-459e-8d2e-7608141e079b	22158	95.09151	99.33855
f0b29396-43ad-4595-b9f4-5ce473d95feb	54734	95.73011	99.30763
f0b36dd1-4796-4f68-ba8d-057cc02f2c04	35101	95.04054	99.03803
f0b8bb1b-1c90-4432-84c5-02aea0a07b0e	29374	91.41922	98.66811
f0c225b7-37a9-430b-a109-3f9c046a9f7b	35811	83.73456	95.98645
f0cd9058-ed13-4b39-b92b-371d06bd7f1d	37960	95.39746	98.94481
f0d1ac49-1ccb-47a2-ae65-8f216b93bd8a	41670	79.91031	93.10322
f0d6b233-f358-46cd-9bd8-c7e3fbf6e2aa	21848	93.09359	98.97431
f0d6c73b-5263-4191-a079-ffd56ee22725	37081	81.65504	94.62289
f0d8a3f9-99b1-456f-8a0a-f0289eec948d	26245	88.94654	98.06033
f0d94ace-a722-4254-bcc3-c4400454e132	34579	89.14261	97.48968
f0dadaa6-a475-4e0f-a539-2b2311bfacbf	34503	90.78000	98.38982
f0db76aa-3d97-4643-8df1-d801f3a2ce22	47529	95.60996	99.24493
f0e9b6b8-8669-4b0c-bb70-1375c6c78bae	33873	94.24783	98.91686
f0f2d266-8fb1-457a-a17c-1f49a68c0cd7	22563	88.73263	98.29565
f0f3e070-4feb-4afb-a8ff-36561eed0230	76064	93.63172	98.91186
f0f3fce7-f366-4671-9ca3-b2b4da2886e0	30048	94.03529	98.93375
f0fdb4d6-d112-40c4-ae49-a10b6b56d494	28193	92.33046	98.53848
f0ff5d7e-f325-448f-849d-797bcf06d18b	56381	94.55688	99.11814
f100bad5-444c-453f-ade4-0254f8773b94	28821	85.11866	95.90427
f101dcb7-dc50-4adf-9f3a-cdf9bd410004	43385	91.40121	97.66110
f1089791-e5c8-4b73-8e07-b504b9ab5312	60873	86.82594	96.22394
f10be480-aa24-44cd-be2c-72f0eba046f5	32046	85.33181	97.01239
f10c281f-29e1-4278-8478-ea59e613ab10	64465	95.06636	98.88798
f10d1c75-325a-43de-a260-08209437156d	64960	95.49550	98.97330
f10f978f-a8b1-48b3-ad7a-eb1845c43320	32494	95.09869	98.97439
f11453d1-0de8-4e55-8d71-02640cd44369	30504	94.77672	98.76972
f1156837-356c-4844-872c-a10a550a11c7	35844	94.43775	99.11048
f1167f16-4c50-4016-b7b1-5ba1ea925eb3	34264	84.98194	96.19600
f12bdcc3-2966-4cd9-8867-4df9133b0c47	42560	86.07097	95.54450
f12d045f-2590-4e64-a809-b809c9b24988	58757	87.07225	96.28207
f135cea8-8aa5-4913-b5f8-224573a799ec	39926	93.97883	97.93551
f13a1716-d1fd-4a98-b0e6-8e81805f5508	40820	82.01101	93.75288
f13dfdb9-232f-4642-81e5-57f8b21fed71	23852	87.03681	98.09933
f145d08e-7628-4666-b6f7-c740805ea62b	22505	85.46042	95.59250
f14c9687-3c90-4627-bc2c-6920d6db0e53	24578	86.09753	96.46185
f14cba32-3f1a-4a00-8605-ae8c225c829c	25730	91.40295	97.64840
f14d0c28-06fa-4d25-a88a-1e2cddc0747b	27524	94.02652	98.33620
f14ee985-ad17-4b6a-9813-d7bf27909a76	29192	80.72742	94.52482
f14ffc75-929e-4822-b9ed-1fcef7b86194	27135	90.59961	96.95450
f150826d-0f61-47bc-884e-3816694f9105	26689	89.20436	96.57037
f1510d48-9912-4770-826a-586d98549990	65986	92.45403	99.17384
f1579999-d64e-4f4f-9171-48b9a5a1b1cc	42014	74.03819	88.28173
f159e15d-a514-4269-8c58-872915422e0a	27435	94.08886	99.24872
f15d7f4a-d2db-44d0-b132-7f7ee5b348cd	29311	94.12137	98.61031
f15dd59a-b018-4664-be0e-e92b06d37ef8	45192	85.23442	97.04015
f1703f4a-5848-4c71-b58c-14d7fe36de8f	27502	77.33268	93.83346
f171df4a-ee3a-4329-8d19-ea02bdf55461	25132	94.06990	98.52912
f17209dc-dfe8-468e-999d-3afeb7265637	48583	88.67622	97.21443
f175c07b-9065-4ea6-b8aa-7b81d23ed31e	40251	93.18094	98.52840
f1927077-345d-452c-98c8-385778815c07	44183	88.79705	98.23987
f1931b75-b442-4a24-9239-3debe2680182	29387	77.70177	88.66073
f1948e2b-aa97-4c62-a051-57e70d0d7650	23019	80.53831	95.12975
f1a3f2b7-7ee4-44ab-ba8b-755ab872737d	64964	95.27955	98.91303
f1a67283-73c4-4713-888d-cc4f9c765df1	52465	95.09910	99.17269
f1a86bcb-8da4-412c-bca3-0240f6230d7b	28804	89.73519	95.69713
f1ac875d-1bdf-44e0-be79-7a9eab0983bc	29590	94.71370	98.56322
f1af5a80-22ef-4243-916c-1adfd4488014	52118	92.66645	99.15177
f1b282d8-2b19-434c-b5e2-bcc64b0d80ea	40481	89.59120	93.43084
f1bb855a-ad86-44bb-8003-6c031a598416	64758	73.47013	93.06045
f1c4c2f7-650e-454b-bc5b-30ffb41e0e6c	52878	89.59529	98.42418
f1d11b98-ce9d-43c6-815e-7343fbca126d	70117	94.64560	98.97821
f1d76234-1763-4fea-80ab-0be16686794e	29712	94.65161	99.55281
f1d994eb-3428-413a-b78e-ae9f6149e48b	29931	95.03004	99.34447
f1dff160-0fa6-4d1b-9a2e-491bbcc3f03c	35398	89.96649	98.71634
f1ec82fc-036b-4187-88fe-b35fb0981bb8	28652	93.16787	99.27713
f1efbd82-872b-4696-a688-2115ae8f0388	24196	94.81380	98.66389
f1f7a955-f795-43dc-93f0-a54c8e2597b5	26431	80.47287	93.14933
f1ff75b2-cc52-4b63-a972-266f115c1ad1	57488	88.10657	97.89915
f2012cf4-608a-4e5e-a1f9-b8d462d0a3e0	40614	86.61281	97.44713
f20a29e7-2ea2-4926-8772-76a4e63477e5	23245	79.29907	94.45057
f20c6a76-e79e-4e7d-86ff-026ae2d6ba8b	50462	95.15703	98.91040
f20cc845-688b-4ab3-be4d-2f1089ea41e2	54770	83.44097	96.74824
f20e0e8b-5352-49e6-89ee-1e82529c2a2c	30536	90.73799	98.67365
f211d18b-c689-46c0-8733-4d1dda5b6c80	65865	84.64012	92.55710
f21274f6-f977-47aa-80e9-e2576fc76572	33550	92.43534	98.70566
f2153dde-98b7-4f36-8644-3fdbec68a1ea	25925	94.13339	98.92823
f219acda-20cf-47de-a758-3cd26e2876d9	22167	92.93431	98.56735
f21a5cf3-7d7e-4839-abd0-258227afd5eb	36963	79.83741	95.97219
f222a80b-80ad-4347-afb8-4bfbfe14b307	22964	81.59871	94.34939
f22a25d1-0d34-4e99-b697-9a8fb9719db1	26687	94.10105	98.73108
f22a9a2a-a59d-4aeb-be52-c6cfc044c6c1	57029	93.20777	98.88023
f22b1604-819f-4897-85b0-5f933fa69a67	28190	95.26888	98.86056
f2321030-04ea-4113-904c-c3c6e2aef0ed	22275	90.18863	98.12180
f237a6bf-7356-4a4e-ae59-5cf8573c3f7c	30853	94.98287	98.57157
f237bd31-7c98-40c4-baeb-87bd5337a457	29962	95.67948	99.23547
f237c029-6154-4ee2-8841-8b15b6c8dfc7	23627	77.81396	92.75157
f2388cf4-2317-462a-b05d-7ab6401b260a	35233	93.65461	98.55077
f2443aa3-207a-450d-930d-d22a5d4d612b	38274	94.62253	98.89822
f24e5882-dfae-4de2-846f-688606c68322	24207	93.74344	98.67496
f24ec0a8-1605-4569-b8a9-f5f1d14a475d	23198	92.34696	97.26921
f2515722-32ef-432a-978d-00d95cebc131	23418	93.72779	99.09979
f2518792-9027-4e81-bf4f-4d52e6c523a6	27239	89.61232	98.45869
f2575e2d-a384-49d7-88d0-b65fe4add888	32463	95.06828	98.55439
f25d2015-4cf5-4f29-9a60-d92658ef57ea	40412	93.46931	98.55072
f266d72a-e106-4fb4-ae37-43f3256fc6c6	49113	94.62334	98.40368
f26d7f12-71f6-4156-80bb-07cb59a7d53b	31728	90.68065	97.09798
f277a99a-bace-4478-9acc-efd0f3b9b47d	25612	94.68651	98.90378
f278a913-894b-4d9a-8fd1-3ee267339c0f	58659	85.56930	97.12030
f279b14e-7d9b-42d1-9320-b702b0f90950	24919	93.38189	98.98040
f27aedcc-76fa-4d43-b908-05b3e9175c85	30948	91.52738	98.32468
f27da6fc-56b0-4f58-bf9e-99a5adc5fc46	25537	90.78604	96.45468
f2841340-fdbb-4ce6-aeda-27d5ae8085b5	22245	95.01965	99.02167
f2843ed1-c614-4521-b529-59e3d6a25bec	29650	95.40546	99.19836
f288b93a-aa06-4805-8a76-a9a7653304db	27112	93.07507	98.77955
f28962b5-d2b8-497d-8b41-37d10761da4a	26991	87.90859	97.76768
f28e162b-df8d-46a1-b7db-68238870c751	38993	81.99123	94.36087
f2972b21-93b9-4710-be8e-db361367464e	22917	85.57450	97.38889
f297e017-3614-491e-a8ff-c602c138adaf	28744	94.96076	99.01212
f29a1c6e-07a9-46e9-bb07-ea6bf5c98d5a	27608	95.11105	98.65664
f2a2034f-dcb0-45d2-9b2f-857453dc312d	58996	92.48279	98.73193
f2a33d3e-018a-457e-990b-f0beeeda50d0	39262	88.31958	96.79563
f2a99982-95e5-4ea0-8b71-d6f42aa12ab1	24685	85.11253	94.55895
f2aa0f6f-5bcc-4924-a9d8-ad1f41ede46e	22478	90.26344	97.90473
f2b083a8-500e-498f-9c1d-1c424689f467	28032	95.22625	99.07837
f2b4682c-9136-4e0f-923a-93ba1121b8a8	27445	93.81898	98.60740
f2b5a8f9-4f8e-4c54-ac81-652e21073743	38429	89.85789	97.24238
f2c8583d-d1e4-4da9-afb2-280fa793d933	24057	87.35751	97.68831
f2cb53cb-06b2-4308-b2f7-123a88f9b175	26454	92.91651	98.71992
f2cb7b92-2e74-4ae4-b840-4f6a4f8b52d1	24642	96.11300	99.38472
f2d13ca7-a1f2-4125-b732-ef973b7fd397	23069	94.93239	99.47646
f2d4ef0c-b9ac-4707-a382-3ca0f3c8265b	38445	81.09170	94.09727
f2d632a8-0b35-4fd3-88ed-766a61474517	40379	88.43038	100.61166
f2d692b6-f2f0-4d00-8dfe-50b8eae9b6b5	23123	94.88779	99.02466
f2e20a03-fa37-4ef3-b66e-615182e45c47	56407	91.24050	98.21460
f2e44a92-635d-4c60-8c8a-fbe1a78ad095	56769	94.41296	98.88021
f2e62dcd-e7ef-4366-8610-bfac611f410b	25886	95.88524	99.40290
f2f2cc85-c5e7-49cb-996d-26a37b0bad72	24472	78.58267	94.51629
f2f7d228-0bc9-4957-ad93-4779b51c2fe3	57749	91.59288	98.57272
f2fccb3b-8713-44a8-9212-bcd9e2dd1110	28761	96.04259	99.02976
f30e4c09-e8e9-406e-9d3f-d616e4525491	23770	92.00475	99.05873
f30fcee9-a960-4be9-9721-04130482f3c1	25285	92.21280	97.90299
f310e087-e424-403b-98d5-014e3bfced48	29774	87.28013	97.54044
f31b225a-23fa-467e-9419-1f274ba3c6ed	25963	96.18440	99.29761
f31eee57-8f91-49c4-98de-ebb95a96355a	28714	87.02024	98.35480
f3265700-3073-4ecd-af81-092cd77a8ba8	23569	84.66233	96.59049
f326d151-173c-409d-8329-a43c5bc7e238	51371	90.64057	97.78270
f3277087-634c-456c-8710-6fb9381d66d3	40047	84.70635	97.11431
f3306b9b-5ec5-465f-8583-437c9bf075d3	25706	93.35837	99.22550
f3334ec0-7b80-45f7-8f1c-52116b926460	25341	77.12507	93.07501
f334e287-d464-4d0b-982b-4fc7f2ecdc01	37175	93.99575	98.81729
f335bb98-6809-4c49-888e-758e58dd4a2d	33240	95.26171	98.85205
f33d6c4f-bcea-4726-9b1c-725695275dd5	40343	85.01207	96.49492
f342e14b-28ec-4757-9362-b930e03daaef	35804	87.74322	97.17402
f34cb83a-367c-4b11-878d-5140cc09800b	22474	95.09307	98.78954
f352a947-7c6e-495a-8868-25888feb1457	25982	95.24296	98.89173
f352bd40-1674-4c7c-9721-d3bb153a6a35	43126	86.90492	96.66704
f3530fef-a556-44fa-94da-a9f07c2063ad	29806	90.86597	96.27122
f35670ba-87a5-405a-a005-2ac41ace6b48	27279	82.10205	95.38445
f35906a3-7384-46ac-9426-bac6e911f4d7	48846	95.98381	99.08975
f35d963d-534d-4b66-a822-6fc9d9e9af81	12017	94.56362	99.70862
f36068a7-969e-40c3-8442-8c93eaa48d3c	22992	94.26355	99.08780
f3612312-0bf0-426c-ae70-89e286fa02ae	104791	88.15602	97.56020
f361b6aa-ea9f-4799-84e3-66821f8fca00	31297	87.38301	98.60567
f362eed8-83ff-4a0e-b474-beb69a6e4936	42144	89.33883	97.18583
f3654bf5-b98d-4751-bdc8-b5240ff52d60	26397	88.46360	96.66091
f3675b72-3c7a-4669-a3d8-2bc69641cfde	46983	77.12565	93.42567
f36b64a3-0c6b-4335-bf53-174e226b53af	63682	93.50161	98.46842
f36c5cda-3efc-4309-9ffd-30de3e24c869	42509	95.66635	99.07985
f37077a2-ebd3-4375-8413-84d03df5e59c	32355	95.44530	99.07908
f370a3a8-1c8d-471e-821e-69c055c233d4	27473	88.15694	97.91183
f3963422-b45e-4041-bca0-ca63161c6d92	68287	95.69264	99.11363
f39e8e50-8565-48bd-9773-e51a0fe9e437	29049	90.93785	97.26961
f3a690e4-4220-43e1-8d87-fb8533b07423	23689	84.11044	96.97543
f3a6a718-7b3b-4072-aeaf-cbf613da4baa	33934	93.17208	99.03469
f3a81a3a-2ded-4684-a03a-9d1fa259c448	30129	92.39232	97.69659
f3abb9ea-c973-4e42-b908-2f28270bf5c5	36383	86.34682	93.86408
f3af6769-c2fd-4309-938e-5eb81db17f4d	86719	94.84596	99.50046
f3afc438-0154-4a98-885f-899957d19b1b	29484	95.03306	98.63804
f3afdc78-e49f-46ec-a585-7baea0d53a80	24880	89.78229	98.08469
f3b20116-b9e1-45dc-992b-9dad4ba5dd15	24918	85.64364	96.56916
f3b36986-aeed-48bf-a4e2-5efb6b63ebb7	38636	92.82965	98.59349
f3b7a87f-42bc-4392-a68f-5fa5852173eb	35072	94.25657	99.29625
f3bc7f0c-341f-4c94-b2ba-2221ffd4d278	25003	91.51810	97.94434
f3c00352-005b-44a7-8525-cf09472c96d1	28098	73.83267	92.87902
f3c9ddb5-382b-4278-8bcd-7fc55642eda0	42473	94.00980	98.85974
f3d1c249-1c76-4997-b855-6ca04db93706	33335	89.34403	97.12900
f3d2cede-b46b-45b9-9c42-c0f9b5c848b0	35899	86.56346	97.05221
f3d359fa-4276-42fe-91a4-d159c3443748	27644	95.46052	99.00506
f3d64283-8ae9-4556-b55d-27cc778f4948	24287	93.50221	98.79611
f3dc6498-fcfc-463f-acc7-6711bc383fac	35294	94.42838	99.21888
f3dd3c38-0efc-48b5-8893-c593af3afaf8	49280	92.87906	99.15946
f3e08943-ad9b-435c-bc2d-87243a12cb50	30512	88.14062	95.81023
f3e24ed5-7d5b-4ef5-961c-947d45df6d96	14564	92.32236	96.47957
f3e4c859-a965-4710-ab77-668691faf9f6	38676	89.63171	97.34696
f3e9cd89-fd18-4764-9fef-1dfbe19a206d	22309	94.60864	99.22775
f3ecc860-a12d-4873-bc31-0ca85b0cda05	53248	95.76742	99.19033
f3ee3b71-4e08-44a1-948a-898e36e339fe	46615	87.25089	98.19921
f3f1e5ea-52e1-4f2c-b618-4c2bb56f76a8	29972	90.63360	97.35890
f3f34228-d1fa-42c3-81e8-173d9906ffed	29002	85.81151	97.05122
f3f391a1-e731-45ad-bee9-f5fba6d91336	23165	87.21435	97.53305
f3fc3f67-6288-4357-be95-1e7fcd90ff54	22335	87.20736	98.19386
f4039c94-5406-41fd-9ade-bb4e46111577	51731	84.10300	88.40867
f40ec92e-bb96-4939-af22-157c4ebdfeff	41721	84.22986	94.86858
f4111dcd-ce6c-40d3-8e97-fe621001521a	25174	93.86584	98.61695
f41ba484-d86b-46ed-81bb-ffb12bfca8e9	70182	89.53536	98.10545
f43545a6-ff3f-40de-83f9-4464496747ab	41902	79.44137	92.95188
f4398774-9261-4b95-96c8-bed110be321f	50010	83.70942	94.79590
f4420e2c-d525-4527-ba12-1dadc84cbee6	27452	86.10162	97.35484
f44c686f-4dae-482d-b9b1-896ef85bc089	34769	88.18977	97.26120
f44d3bf3-23cf-4e24-b77c-af7623388beb	23777	79.79279	94.39219
f44dc4f2-d280-43a4-89ee-54b44e557488	29862	91.87522	98.73048
f44f32c6-402e-4ca6-89ea-e702d5078b46	22314	90.90396	98.35666
f4560b9f-cd3a-4432-8d8f-4269e4361ad4	53923	95.69641	99.29034
f45f7752-6542-41b5-b63f-0f5c758773b2	25662	95.29385	99.37840
f4624dc0-ed58-45a7-be45-15eb362736da	49580	95.17029	99.09326
f462731f-1488-40ef-b4fa-294b81c0b650	29208	94.51410	99.37549
f464e5e0-8320-48ad-8193-9fdaa493e150	25474	94.27167	98.53941
f467d008-4db4-470f-b956-82274660a6ca	23042	89.49501	98.47875
f46c2383-f963-4870-8936-2191a56e7908	24386	91.91931	98.43098
f46cf08e-6aa3-40a7-8655-d15902e99f34	46517	92.72583	98.72016
f46e2ef8-2171-4148-be03-dfe5ea1f3bab	34287	82.92590	96.17603
f470086d-f349-492e-b516-bf26eb7e199c	22819	94.45176	98.80085
f4721eb6-1dca-4e52-9de3-79279f63d9fd	24170	92.55375	98.21887
f47b3c76-b18b-464b-a20c-fa48e9dcebe8	33310	89.37089	97.06767
f47c19c0-f7b5-43ca-afde-a79a4a337cf5	42770	90.90601	98.48981
f4827cec-6cae-4274-bd2e-0973367b6fcd	23582	75.41015	93.89009
f4858591-368d-48cd-b52e-8a0b083a6423	28324	93.85232	98.31035
f487a634-59e8-4fb4-9819-df83be07da77	59220	88.68945	97.14525
f487ebce-a550-4c97-a3b3-cb13bf410dbe	30064	93.34283	98.53120
f4888e0c-d86d-492f-995f-65c8631c603e	34803	88.71824	97.48378
f488e7fb-7407-4082-be79-1280610803d0	35036	93.38797	98.00673
f4891dcd-4474-48c3-8ea4-0b708945d242	27068	90.53286	98.47693
f48f23ed-cd9c-4aed-b1f5-35b188588bd0	26017	85.48381	97.48693
f4904746-9fd7-4168-b7e7-7ade280f7a0b	56285	95.34466	99.04139
f4905749-f787-4dc9-bdad-386b78c33bf5	63631	94.60346	99.17597
f49660eb-1848-47ef-913c-98ad2f45b147	36445	90.93820	97.27995
f4a3c71f-ad23-4b2c-80d6-23117be42ed8	27185	94.84636	99.06071
f4a507f7-cbcc-4412-96e0-f295e5e4705e	22500	92.54221	98.37384
f4a5f30f-6b2a-4f90-bac2-714510d0d89f	23503	91.89923	97.97037
f4a6a2a2-f8fa-4cc3-93cc-d89d1680c226	31597	90.15375	97.46047
f4a72901-9bd4-43b8-9253-fd96ea258523	29280	95.20610	99.20797
f4af2219-85c6-49d2-ae46-ddc0f7f0ee77	29720	94.75559	99.31307
f4b55e50-4011-4016-b952-93fd42c24c0e	24283	73.21783	93.80098
f4b65fd5-2ace-4a03-a775-46b3138e9fdb	29935	93.90327	98.48260
f4b8bd77-3a90-4526-89b2-845185c43ef7	33979	86.22896	97.35640
f4c19d8a-511a-4269-920c-11942a924679	32774	88.38117	97.74025
f4c9c2bf-2ee6-48f9-b1fd-ae53c1429f34	56162	88.83867	98.11093
f4cb650b-c6e8-4211-86b8-8d20054c69d1	53395	94.65438	99.43308
f4ceb377-9659-4189-9ae6-be43d0b03879	31183	92.64949	98.46743
f4da4877-cf25-4d06-b3b9-188663b9345c	66765	91.37412	97.83747
f4dbb516-6041-46f1-8b65-af898f581be4	23698	90.77531	97.04674
f4dc3763-b43c-40ba-bfd6-df9fe640bc35	28416	86.70435	97.25228
f4e071db-c777-4c7a-b788-07875cd85dfb	27658	84.93488	97.22360
f4e11d89-269d-43c9-9261-ff1a00979220	42894	92.73399	98.02858
f4e47a41-d7e1-4681-96e6-83cbb3d74c05	28372	92.27190	98.48253
f4e4b32f-02c4-49a4-8ff6-f1ae9916e469	49794	91.75563	97.87703
f4e7d67e-a4ea-4752-8d50-49301f780c1d	23441	87.08347	94.96791
f4eba1c8-1a0b-4136-a326-3bfcdb5fa12f	22759	87.60607	97.02644
f4ef6597-6fab-4d5f-8018-8b91e915f83f	39001	79.95935	95.78294
f4efed1b-8205-4c0c-a986-6d9c8e213f0a	28118	87.02021	96.33119
f4f26e5b-b720-4dd0-9430-ab48cf6a2fa6	31586	93.44677	98.87655
f4fab2c0-307b-443f-95de-0bcd76df8bb6	28710	82.07405	94.98176
f4ffa172-2da1-494d-9fb6-3cd4ee994add	27265	85.89029	96.07552
f5010270-49ab-483d-866c-db506f8c133a	31972	90.56734	97.95943
f5011372-acf5-4faa-9bc4-d04498405856	43851	93.99345	98.99672
f50304b8-4aef-49ce-b6bc-df22fd967401	34327	90.67681	97.66440
f5047ddb-ed5e-4eed-8897-ef264a85ca1f	41989	93.21246	98.37604
f504898c-b1fd-455f-9304-771f6d792170	54232	93.12515	98.67165
f50aa929-8ce1-4fe4-8a88-724eaa093db4	53556	92.13544	98.20953
f50c3873-d987-41d5-b524-a186840075a8	44921	89.49956	98.11387
f51c5ace-123c-40a1-a2ba-6fe157c695bb	64756	94.93527	99.08989
f51e33bd-fd63-4f07-9e61-c075ec00e9bd	30056	84.48509	97.81785
f525ecf4-5dee-49c8-9204-2de43faf5c9a	24653	89.82010	98.05172
f52a6a22-3fdb-4734-baf2-52d23f567653	32692	89.15301	96.81606
f52c654d-9cbc-4674-b211-51e7cabd8ea1	32691	91.02267	97.30383
f52c9fab-a3f8-4f2b-9ecb-31b147537c7b	23031	90.87384	97.38709
f530fa1a-3aef-48f8-9b51-9e4e84d46e59	38601	90.57693	96.31018
f5373a33-b9af-420f-9b78-0ed89fb8f873	41519	95.66785	99.51264
f545ccc6-69a9-4abc-b00e-c61f7940c708	22705	90.66927	98.36187
f5466b00-9e5b-4a9f-b1ee-fc0615b85580	43923	93.48646	98.81425
f5492c05-93ff-4259-92f1-017fa7ead11f	22014	88.55269	98.26387
f54a5fe9-2a4e-45e3-ae92-b0eb128d5b10	51666	94.42106	99.07391
f54cf31d-2c23-4128-ae7a-fe42fa3ed06c	44742	95.22336	99.14750
f5545123-3ecd-420d-83b0-01717bf57cec	25135	91.58070	99.08972
f5581ccb-0c19-417f-82b2-85be69cecb66	23000	94.81349	98.63905
f55cfa2d-d7e0-4ac0-a3ae-7f19caf31bca	32183	92.28312	98.32792
f55dabcd-05cd-4750-bf3d-cca4f36a783c	29462	88.33568	99.55854
f55f0cc9-c704-40fe-92f0-fcaef1bd3c9d	27498	89.64273	97.09842
f561531c-046b-49bc-967a-dd8e221712d9	71795	96.03140	98.87087
f562b25f-ba00-4412-bebe-cfd51b07da77	48880	93.00848	98.74148
f5632e27-7b68-4e4f-a171-b21d0c35f7ea	89761	94.80690	99.03265
f563cbe6-1a7a-4268-ad5d-75a73c638e27	24430	93.63818	98.60706
f569ad40-e147-4b1d-957d-774acecece7d	29549	95.28261	99.25911
f56a0718-e7d3-4726-b4e1-6beb80df46ba	31929	92.55077	98.04217
f57445e1-0427-4092-b941-35d3488b6a6d	36931	82.37186	92.10526
f576b04b-2306-40b4-bee3-93b880481c1f	23710	94.19804	99.44447
f5779bb4-0500-4fb9-b1a5-85bdddb8c88c	34456	92.43309	98.59482
f57a42e0-1ec0-4e7d-86ef-1a565a51b488	23995	94.05441	98.53753
f5805a07-27b4-49b5-a60f-84bec7113ff1	43219	95.59392	99.17686
f585190a-5bf9-441c-a43f-2f34f79711e9	46679	95.54892	99.30329
f5857c65-c489-40f7-8ac3-cd83160f1c8d	24946	93.60312	99.33227
f58c1de7-da1c-4229-be14-fa2646dfbc39	27168	92.28465	98.01382
f5a03833-a95f-4578-8aee-a239661949f2	26013	94.16047	98.60393
f5a0bd44-4285-4dc2-9a05-ac3d364769dd	28376	91.86528	98.32307
f5a11609-ec06-4ccd-b5e3-f26c017c6614	36062	93.74021	98.60799
f5a7c28d-0eab-453c-9fdb-07ef64c45386	24948	92.89565	97.81668
f5b9cb03-575c-4329-8ebe-57c55c95b725	27544	85.67920	94.46738
f5bad578-e388-4b9d-a8e4-7be1cfd70415	30559	86.18281	97.04067
f5c9be1b-19b0-48ef-b973-e0263188f7e8	41364	95.76132	99.08323
f5d26c93-bdbd-4886-acbd-e8e0d143711c	29352	83.68963	92.49312
f5d4d749-f75f-4f7f-ba53-25e56f0fe54c	34802	93.32941	99.02190
f5d729c0-9323-4d35-bd10-b9d267ea1c8d	33763	89.72378	98.60289
f5d85b28-ebac-4db4-8043-ee381e39e6e8	45112	93.37277	98.59676
f5daad72-f866-4f56-8d81-77dc706d97ad	39735	93.01234	99.15239
f5dd421b-f2d1-47d5-bd48-a5303b7cd162	22773	77.38750	94.61171
f5eb797c-aad6-42c6-9154-4bdf32bdf97e	28131	92.54796	98.59363
f5f1f8aa-f872-47f2-a20d-703799af786e	24109	92.74590	98.58467
f5f2955e-9b88-4b3a-a451-90e2202808d7	42019	88.37371	96.46012
f5f749fc-8cec-40e2-b95a-44cf29b262ef	36649	94.15431	98.71577
f5f79639-05aa-440c-81b3-9fa0a071d14e	31000	92.04172	97.54297
f5f9f3c4-c74d-41cb-9f06-5d193af952d8	37021	73.41430	89.23704
f5ffcd54-7d60-4831-9211-27ac3ce288ab	27397	83.59065	91.60654
f603ae69-1aa9-4e96-bf10-d7bb4c35fb37	47429	95.96920	99.29954
f60a7152-92d4-4637-ad0d-4cd8fe15b21e	57596	90.33529	98.44103
f60f7bcb-39f4-4d53-95f9-0688ceeae0aa	37353	87.66275	97.36251
f6103975-4b1d-4c98-a475-198f533a0c3d	30747	91.80132	97.54910
f614d05b-619e-4da1-8ed5-c34ad810bc5c	11758	95.79054	98.97214
f61fed15-33a7-4c7e-9dfa-157fc25624b9	38222	95.06255	99.11385
f62bb11d-b9d3-490d-b7b5-4c3c4943e7fd	38692	86.09090	97.50335
f62d9d7d-18b5-4a68-a382-359a6796702a	42623	80.53048	96.32791
f62de83a-5253-4f6f-a461-d7e9a1f671c5	27859	88.09091	95.51736
f63066a4-4aac-4ea5-ae28-a825aeaa2aed	34183	95.08154	99.06178
f63192ba-db25-451c-803d-2207eafc13bc	38179	94.81833	99.08970
f6325e9c-ec19-40e2-99a8-a43597e374fa	34241	95.23509	99.17845
f63672d7-748e-4684-b926-65f036ccb638	27259	87.27880	94.74106
f6377889-0591-4274-bf6a-b4dc0742e00b	45716	94.20972	98.84545
f63e051a-659f-4626-8c93-5f0295634641	34552	90.53449	98.07386
f63eedb0-731b-4b1c-a8f9-0723de9cfccf	39141	91.67653	98.29733
f6436066-6b10-460c-bb20-bf9a38287c3f	22295	82.65281	96.10367
f643e056-8da7-416f-9914-1b8f1d8abfd0	25501	92.59486	98.80652
f644b4b0-b4f7-4818-a369-eac2f7dcc83a	50767	94.91032	98.77231
f646c1c7-fa89-4ced-9d97-95448423f8f4	48508	83.17367	96.15682
f64b27ad-bca9-4692-b923-f78dca7bb862	36600	90.37109	97.89657
f64b4377-bfa4-4c40-b7e5-e68f696470e6	69677	94.83760	99.07298
f6527d79-aa92-4610-988a-30e65be050b7	37334	86.64384	98.23609
f652ede3-2aa9-4a3d-99a7-77d3e01aff54	45120	95.48515	99.09071
f65621b6-b3f8-4cdc-a22d-9cab4cc1d132	35442	89.21566	97.68869
f65ba409-e6a1-416e-b54e-a924ee1641aa	30933	91.37764	98.29730
f65e4c74-d9b9-42de-b893-3009d39595ed	34352	86.64745	96.25695
f669fe49-f7dc-4560-9646-bbf016954f1d	56031	82.22489	94.44304
f66c4163-109b-43ec-87f6-306cfaf6d7c8	45501	85.54541	96.07566
f6799ec4-45dd-40d8-ae99-bd36546d72fe	23218	93.74710	99.33894
f68a9ab4-65be-4219-b265-967b5e3659b5	23241	89.22016	96.19400
f68c3a8f-f8ff-494e-8c3e-b8d4c496c345	42084	79.41946	95.47997
f68d9b52-55d4-487d-a025-2f0d58c300b5	36716	89.03842	97.80919
f69012e2-d9e1-4433-9de3-5d50288d7079	40409	92.17781	99.35940
f6915894-0582-42ae-b016-39443bd52464	25725	87.83888	96.30520
f692663e-9c50-4f96-87e1-9c3cf4bda7c8	37989	94.53724	99.29282
f6927f20-8fdd-4d42-a19c-af9b230e1f57	40799	88.58604	96.39957
f6955a6a-bba7-4d3f-8adb-6843557616a1	31689	93.91100	99.24345
f69d717e-29bd-4f8c-b5fb-8c1013974895	28992	88.24090	96.92922
f6a4b8cb-5b3a-4a2b-9d27-f498f30b069f	54814	91.56731	99.10009
f6a970ea-3cf6-4574-a2e5-4aaa8677c4db	32864	89.07194	97.72030
f6aced23-3a1e-4b6f-bce6-bd22dd49e43d	47127	95.28805	99.01096
f6b01958-5595-4b09-88d8-a5aed7c26b1c	46610	88.99593	98.13670
f6b45c3d-3c15-401f-95f8-dbaa90c0c756	23821	94.79807	99.23099
f6b57d18-49db-4d76-b28a-51f43b197e68	44962	90.53997	96.80828
f6b6d3ee-2224-4f01-8642-39fa5a179e53	25547	94.74229	98.76289
f6b8ec97-2afd-4b4d-aa4c-b295ad88079f	70294	87.43683	96.65597
f6ba5a9a-f623-48a4-a587-f18043d47176	4226	95.55348	98.91279
f6cbd281-7c4e-40c6-b68e-80eaf1127c2c	24632	91.66177	98.00902
f6d098b6-fdd7-406a-9330-51bafd4303bb	33116	91.11246	97.40210
f6d2a13a-6d78-4a02-bdc0-ce47ae53811b	26553	95.07590	99.18361
f6da4169-7489-4e2e-b5e1-96f480ee7d9c	23878	90.56829	96.12557
f6dbf1b5-fe7b-42a3-a7e7-51745564afa4	41019	85.26924	96.28959
f6ddd7e0-0e02-4963-90c2-f7f9f0701e12	32498	93.56801	99.28287
f6e00a03-c2ef-432f-b552-439920d7f0fc	27276	85.39551	96.73000
f6e25406-3871-45af-aa30-9b69dc5f5c2d	30455	74.75581	92.00243
f6e769cc-e8f8-4cd8-8838-d74c354c9777	76160	89.97912	98.63598
f6e7784d-b406-4677-b098-62dedc906599	56993	91.28801	98.02036
f6e7c05e-a58e-440f-b0c7-648f09ed5162	61412	87.85146	97.23855
f6ea0bd9-b96f-4891-bb22-67ee58a38b61	47812	92.71686	98.48969
f6f23eb6-9381-43ad-8bd4-3b5335a37d2d	35095	88.92322	98.32669
f6f5b325-e242-41f1-9d51-2193546cdb65	27850	96.09201	98.94219
f6f8ea2b-0c46-47bd-a4e1-443277f0926c	41455	93.52706	97.21341
f6f9ffa9-e97f-4b82-94e6-83a4708606cb	29760	85.40739	95.98357
f6fbc377-1917-45a3-9ae1-847524b690aa	27441	92.87588	98.32974
f6fd83a4-90c7-4b00-9cf1-7fb4beee16d4	35778	86.74833	97.61201
f709afeb-54d7-488a-8353-fb8b59473dd8	73260	90.85147	96.65725
f70b49ec-9b9a-4b7f-a284-fe4392412adf	27815	95.03980	99.42644
f714b339-62d2-4f68-ae7a-1255c46cb699	22980	91.10868	98.57746
f716f57a-3d3c-464c-bb3f-5dbbb0bf964a	28091	89.41076	98.71289
f7186549-c693-4f47-b681-fbdad5cdcf8b	31133	85.95845	96.17473
f71a32e8-2545-43ca-9a79-f67172880539	30763	91.54498	99.03471
f72edd0d-a489-47f7-b0e2-5873b08cf519	23771	88.90038	96.14948
f736447c-38f1-4658-bbe6-1abc64adec57	27113	92.65196	98.82469
f73a2661-0231-46ba-a048-eb39847e8c28	27779	92.58390	98.68074
f73ac045-24d5-4c46-9b03-c6606c51f7db	22594	95.71864	99.29568
f73b33e3-b5dd-46a0-8654-7b6130f83b2c	27638	88.33974	97.75775
f73c9a31-37db-440c-b2d0-2cb760bba2af	55166	88.74377	99.00597
f73d4aa0-2f88-4204-a0c5-f9063179af59	24480	93.53152	98.94020
f7415a35-185e-4768-9385-dcf4485f366c	58275	93.59308	98.54734
f743c399-5057-44a5-85b2-39ad980b5eed	39004	94.38596	98.84182
f7479c24-e891-4e77-8ce1-cfbf6533fc6f	39121	72.59984	92.48990
f74e2a12-bcf1-4fb7-8048-9e7b9b0d2a17	52575	82.55107	96.53003
f76f4eae-e43d-45f9-8570-d725ffc78628	40631	89.29019	98.28393
f771b40b-5e9b-4ca2-b720-4caee3a98b2a	26350	93.28551	98.53963
f778031f-7d79-455d-8f73-9dae488ddd96	44775	78.54380	90.96912
f7891433-ae43-4ee6-8dc1-16c40ca3b829	28268	91.94583	98.47379
f78bf361-95e6-4caf-8e47-0d14f7b3f9f5	33625	95.14711	99.01926
f78e7a29-8d79-44d3-8c28-aa5207c4ed30	22425	83.35310	93.97677
f79165d5-eddc-4927-a4d7-c25e879a16e9	35675	90.76214	97.22518
f792af2f-63db-4ed1-93d9-31234886d180	33507	94.90752	99.48219
f793b18c-48e3-46d9-b81b-4928c785f5fd	44968	94.55462	99.38668
f795f615-59db-4980-9270-30857d331bad	24883	90.43345	97.04043
f798c1b8-e1aa-4586-ab8c-98d589a015f8	30424	88.30994	97.61453
f79b8ee8-662a-4746-803d-65a3941f879d	45778	93.46484	98.29236
f7a06560-8d76-40af-83a5-5721304523d5	22361	93.95227	98.94713
f7a1934e-2530-46b3-85c0-52249732642f	38326	92.93224	98.24025
f7a3d6e6-83b5-4cbb-a871-31855041a5cc	25738	95.53797	99.23047
f7a7e7be-f13d-4c7e-a36b-57cf88c06994	60193	94.28233	98.91399
f7a80235-2b6f-49c7-9099-c256becbf9f2	42366	94.61425	98.77129
f7c103ac-e83b-44f8-8790-ead9b6768fb6	39692	82.49742	96.24261
f7c749d4-ccba-41d7-8957-4b9716e4c327	33370	94.67412	99.28991
f7c82230-bee9-4cc7-ab3d-b0699560d7f6	28224	91.01801	98.45567
f7c8f4fe-188a-4e82-bfd4-16eb90c045c6	30020	95.43121	98.89355
f7cf7073-1598-4217-932b-3437d2f783ec	44029	90.81801	98.90837
f7d51305-9965-48d1-aaa6-87b87c366955	36752	88.28276	96.36287
f7da5afd-736d-4050-9e3f-383798ff8b84	38278	89.74071	97.39104
f7e61eb1-7856-4841-bf70-e6608b599f40	43222	90.40590	97.32278
f7eb8a98-38fa-41a5-a396-650755e64496	75297	92.79947	97.20672
f7ede39e-b0b8-4d0f-822d-abfa737f2628	63472	92.27287	98.53430
f7ef2df0-f4a1-4466-a36a-50899d45cf74	67709	93.42676	99.02473
f7f6d92d-0c82-4bdb-a757-ae0190319752	36310	94.90930	99.13538
f7f800a0-218c-4426-beda-fec93ae1b93b	22167	90.02167	97.66126
f7ff1b56-6e83-45b3-adf8-57d3019dd372	44726	89.90914	97.72523
f801670a-65a0-43f1-8652-2d0448b6e9bb	48324	83.29935	96.14909
f804c264-bc30-4872-97e1-2e5996d9fc4e	7006	95.27529	99.07407
f8110bc2-a9e7-4832-93e2-8fc8c1132e32	40164	90.60079	96.99315
f8167096-5be9-4e0a-8beb-44491e9d3c28	44176	85.98423	97.05286
f8190e32-4f8d-46bb-9ed9-2db4dc1f48f6	40498	95.78511	98.98109
f81a017c-cfd5-42b5-9b4b-9d4c249dacc8	26891	92.25357	98.43922
f8268375-7f0d-49c7-b30c-5611ce293248	32776	95.18516	98.94393
f8275a52-67fb-4b6b-bfea-5552e8195a45	31343	86.08372	94.14014
f830e71f-e85a-43cb-bc3c-09c6f28375f3	38931	95.01497	98.97850
f83d11ea-35d2-415f-ab85-b6e818d4210e	60839	84.46562	96.31602
f83de6a0-e9ec-468d-97d2-5ea6336b0e04	26995	86.01487	97.38538
f83f3c47-dce4-4485-a82e-d005dc53c044	60914	94.58814	98.69572
f84137e7-0ff4-469f-b153-53b02780f793	108777	94.50092	99.16614
f8429730-a493-4fb9-9e95-8c547df35707	24779	95.65200	99.32052
f84371d1-1c8f-473a-a76b-0964ad382860	23618	90.56984	96.41526
f84b87f1-0560-46bd-8639-bd8e5f943bc6	25505	81.18368	97.02993
f84cdf0e-b9ac-4df8-a65d-3b522417f1e2	25029	91.26535	97.72335
f84da9d4-948d-4c7e-8ded-672a08fe6d5d	44164	94.57117	99.12531
f84eddb1-fdf0-4c8f-9cd1-80f094e67b60	40011	89.65683	98.27845
f850acb6-fa00-4150-860a-110cdc6f788b	23529	75.28263	85.96134
f851ade9-7030-426b-a46e-575d2bdcf0ed	22770	83.30729	96.59948
f85eebfb-b1a6-4762-957f-597cee3ef80e	38092	91.02852	97.47865
f8651b30-546f-49d0-9051-4cfe0bfbc41d	45599	95.24945	98.77406
f8670d91-7acc-457b-b255-86d325a84c30	26415	94.81767	98.75511
f86b7b61-88a4-4b0f-9fed-c8699035b643	37763	92.22036	98.24054
f872a46f-b3b5-4960-96d3-bc4e8d46bc71	25581	93.25132	99.81606
f8765a12-3aa9-479c-98c8-b49f6c1c1d74	41957	95.15575	99.04465
f87de98c-34e8-40cc-8549-75e6e79deb4e	20595	90.41515	99.05227
f87e9f43-0c1e-485a-8822-cf6fdf8d2b0a	42199	91.88127	98.52387
f8821a87-4835-4861-8dbe-534b016d5e7a	46343	90.22093	97.34245
f8823386-00ce-4e17-ac70-c82e98f0d093	37448	95.37317	99.40147
f884965d-a690-40e4-abee-2783dbbbb0c4	25584	94.98311	99.18715
f888cbd1-543e-47b6-b2f1-649278e3e24e	22551	96.14090	99.20113
f88daaf5-ce1d-4ab7-a919-0bafa8b7632b	23942	92.02948	98.61978
f891bd09-1a1f-4486-b0ed-8774e0819938	24614	94.82319	98.80391
f8926d09-6e88-416f-9066-de0a216f146b	54177	85.18775	96.65332
f8947816-f03a-4f85-ba2e-b0166acdd547	23993	87.28658	98.34911
f89635d2-9cac-477c-89e9-4e5c5a18650c	22337	94.20081	98.54373
f8967423-b501-442c-bb17-bab81ccae964	49319	79.96351	95.53088
f89a2017-99e5-4b43-b507-55e4abc77d36	23437	93.63720	98.27528
f89b01e5-e103-4746-949d-60b367cb9260	22471	90.33676	97.24711
f89b664a-dbc5-41f6-8d17-1ec18a0f4384	51097	93.00521	97.71364
f89f4860-8670-4057-8b75-678d420d0204	23264	92.21534	98.65435
f8a74be5-bae3-4ff1-9e6d-3fb6cc4ef8b1	30133	79.07876	89.52000
f8a771ec-5077-44a9-997c-c7c82f137d17	46099	95.15311	98.86561
f8aa992b-712c-44d4-9878-fa7cf7d141d9	31992	95.14596	98.87856
f8b3f5ae-44f5-4f51-bd3a-8b932627f6d1	22316	91.09696	98.44642
f8b45cba-86bb-49ca-8212-72be472fd436	23662	84.36786	91.46493
f8b6cf0f-9730-4c51-aefc-a0312bd641fe	28811	83.06086	95.29279
f8b9bee3-dfe4-499e-9000-d73314fca093	45089	91.40483	96.98334
f8ba7d30-db10-464b-a905-793fdb8d8da0	39070	93.49138	98.73883
f8c31419-7892-430d-9fd7-075ec8925413	18738	95.18933	99.35666
f8c47676-2833-4cc1-9e99-137a656fee77	25815	94.46388	99.23267
f8c577a8-f09b-48b9-b837-b3d84abec27c	59756	87.95550	97.86480
f8c97016-c9e9-4a88-8c8a-8e461a7a4c1d	46590	86.27168	93.95011
f8cac5e3-505a-4e1b-ae84-c62dd1d2df68	24408	91.45319	97.80101
f8ce6e5f-c69f-4b54-9780-dbd6a7a2713c	36467	88.84435	95.81007
f8d09529-eeb2-4944-ab6e-ebd2bd09118e	18771	90.20484	97.63112
f8d6f42e-b498-481f-b598-02e050a391a0	24664	91.50987	96.95141
f8d84412-2ea9-4382-be7c-abf1d41e27a7	20195	88.15290	98.72630
f8da18c8-385d-489b-9aa8-9b2e91422adc	48515	90.81178	97.26044
f8deae8b-8051-455d-b1a0-9a16b8216928	38974	84.43179	92.72202
f8e22aee-bb2a-48da-9fbb-aac757c3107e	38053	94.78472	98.82429
f8e44b0d-0e1c-4d16-8911-3a5d8810050e	38160	93.89260	98.93736
f8edc0bf-f77b-400a-9b83-21cb753f3f47	46268	87.22900	97.81900
f8ee60bd-c664-4216-967f-4e5389def287	55344	96.38410	99.37246
f8fb465a-4afe-46a1-ba3a-c60207e1223f	28922	85.56233	96.29568
f8fcf69a-5c73-4d9f-9e33-91f903a00ecf	24000	94.79830	98.77726
f8fd70e7-bb92-412a-89bf-262f6a017740	27348	85.61551	94.06118
f8fee2cf-52f6-411e-8698-073ba1a10def	44340	94.76301	99.07778
f901c570-c2a2-4ae8-90fa-0b012fc9cd47	26399	91.84032	98.22582
f908308d-81a1-4b03-b72b-adb74118503c	31993	79.18459	93.01714
f91351ba-aacf-4f46-bf50-c425695f872f	36316	95.00783	99.05423
f914b055-9688-4801-8d06-746b71941700	24541	81.56404	93.46728
f91dde4c-dd66-42ec-b635-c5eae3f3cab5	45566	94.29502	98.62936
f9202728-44a8-4280-b10c-48580f4670ac	27883	89.43131	97.74343
f9211766-d06c-49d6-a79d-d1562ef7e317	35645	81.27387	96.97723
f9211b44-b472-464a-bcb0-81377b28c68e	30221	81.97379	96.09986
f92a8147-ee2a-4c60-8260-ee8d903bb6ee	42539	88.58241	97.88529
f92c8285-428f-4bed-94e8-88741ee1dd81	71883	93.94314	99.03717
f9321426-1b22-4ee7-9b2e-b122ee615693	24657	85.06556	97.02849
f93667bc-4aa1-4ee3-83d7-fe111a3c9a7b	47249	86.70352	96.70084
f9398f2c-57f2-406d-a92d-7b608c5be797	28224	89.29861	97.08621
f93a2023-fada-4cd6-ae01-c7d9669a1705	30475	93.02482	99.13245
f93e5c5f-7c8a-4117-b011-c0d44427c98d	28069	82.60511	95.62318
f93f20b8-e8f3-4e9f-8a1f-77e1499e92ec	30470	95.15394	99.55446
f9404c20-ad25-4518-88ab-952726a6ca65	31306	90.10640	97.65500
f94389b9-9d7f-462b-81bb-c7ad6d276745	40878	86.63572	94.24392
f945b99c-7d7f-4b2d-a78e-3bec81ffdb86	30162	89.39754	98.08131
f9469cb2-b051-451d-a5d1-567915b99f10	25049	90.06998	96.82423
f95456c3-24d6-42a5-8c6f-a777848f85a4	37714	91.64823	98.77889
f95b0a17-156a-4746-bedc-94cbddb1521c	22707	95.66350	99.40701
f963d4db-8bc8-4265-a18a-d64668bc660e	23209	95.29556	98.84836
f9656663-6fc0-4400-9ea2-7b5b1e97a90c	33852	82.47052	96.24380
f967dd32-e36f-45b1-a7d1-4cc454df1199	37975	95.02657	98.97634
f96a8683-96f9-488a-80b0-cdda4cd30602	50793	82.72096	93.21115
f96cf00d-7f68-4a05-8762-85f821ad9033	33248	95.65757	99.06860
f96f0ec9-7296-42d4-a8af-022864030a81	22710	94.02092	98.92454
f97852ca-d405-40e5-892d-b74c40c16986	45153	95.94599	99.11993
f97a269c-2154-4bf7-b93b-e9d61f300bb9	29409	95.39397	98.94392
f98b765e-9b07-453e-ae9b-8279425e48e8	22934	86.93215	98.56428
f98e1ac2-d6ad-4390-8374-ef76578b1b8c	23328	88.71110	94.15727
f98f43fe-c43b-450f-b72d-62ed057be47e	54413	95.51471	99.00884
f99cc6dd-981f-4325-bf06-0f7e357b4533	39032	91.71786	98.89976
f99e186e-18d7-4a9e-80d1-a908c533389d	23837	90.13289	96.14279
f99e1965-58c4-478d-ab16-cc0ae83fd680	30601	87.08155	97.61836
f9a54abd-68aa-4a02-b8fc-083edc3a6185	35977	95.91597	98.91173
f9abc130-9f20-45a7-b895-0fa1153fe19c	32206	85.05190	93.48275
f9b055c8-dcda-4ce0-a95e-e8da01580d4d	24761	94.76891	98.91444
f9b892f9-4803-4f0f-9993-b0d3d7e306d9	69151	76.62323	89.81993
f9bd357f-416b-4f8f-96cb-a34d9769eb6e	25825	89.31438	96.82259
f9c60034-b62f-41dd-b65d-419beacc3ca9	64692	89.30711	97.75922
f9cc9840-e7fb-45ec-a6a7-816fc3cfc624	22808	79.28295	91.72957
f9cf86eb-067c-4526-a7cb-59d69e1bfe29	24744	89.28268	97.15907
f9d088c4-0f38-4acf-8427-ac3fe33677c3	26361	92.79273	98.67408
f9d659b3-7392-4d8c-bcd7-e0a477672229	23694	90.71114	98.65124
f9d9e31f-bcc9-4149-b9c7-15704c370cdb	33362	85.73581	97.63800
f9da6dcc-ad8a-4e3d-8d41-bd0942ad31aa	33461	85.00922	95.97319
f9e75b7a-d99d-4032-aabe-552b9390f394	35055	96.29160	99.39754
f9e9d35e-214f-4b6f-b053-dfcf7f87513b	28215	86.78495	96.53669
f9eb46a5-ad20-4d63-a4c2-ad1d92efc0c8	25489	85.35472	97.55948
f9eff254-8adc-42de-83c2-381fe254b712	68026	94.10427	98.41111
f9f05ded-a667-42f0-9459-068c22f92b87	12772	91.01720	96.73277
f9f0b181-8e20-4cfc-8d0e-e8672d795d8c	40610	94.32571	98.58925
f9f3ed83-eaea-4f3e-bfe3-0690f7c61a8a	35322	93.32910	98.66469
f9f7c425-5a1a-4b60-9410-13670f1abb3f	30651	81.76073	92.17318
f9f91627-845a-46d8-9809-27368e375834	31220	90.30998	94.59550
f9fad9db-e035-4c13-aca9-ae9f57e653f5	44392	83.67143	95.36937
f9fe4c54-d957-41b8-a6b1-35cca33dd693	62626	90.01759	98.00000
fa01a14e-a83c-4dfc-a98a-611cb85a9243	33674	87.39290	97.36453
fa0ae6ad-f022-47fe-85d9-169aad808499	38106	95.22819	98.69705
fa0b2b57-3616-42f7-a0b9-7fc55aeb369c	27800	91.79878	98.37663
fa0e1149-a74a-4aed-abfa-b76238bc44fa	24278	90.99117	98.34546
fa1314c6-11e1-4a6b-9427-55234f3f2560	23105	86.01204	97.26889
fa1404f2-bd74-4925-b594-18a4b76b9986	33265	86.52049	96.59925
fa14add6-8f51-404d-b58f-30dae32f7b7d	31668	85.82366	95.42172
fa14e834-101c-4507-9c04-54b6e7516783	26252	85.17546	95.24244
fa17aa45-df29-4578-9121-f85c194f1a73	23041	94.17843	98.94424
fa17c258-a94d-4434-aa4e-1558f23f1fb3	23514	84.86035	96.57291
fa187057-fb99-4377-8a9f-d37e1f4581f0	31885	83.09172	94.69467
fa1ad5c9-8c6a-4476-bfca-a93f16976b4c	41732	74.05516	86.50901
fa2393ef-315b-44c8-84bc-812f27f486b4	31953	81.13697	95.41594
fa307fb8-be10-4a7e-a3f0-557fac366bbc	16611	87.17760	96.50093
fa332acf-4568-4820-850e-06f17c78b6fe	38567	95.75618	99.16001
fa3dcf8d-0026-4db4-ac5b-1fd544ce7617	24365	88.34532	98.21060
fa4c2d92-64ed-48d9-8ae2-ccf0c5bcc077	31045	91.91009	97.99905
fa4ea6ea-16e0-4132-9a5b-b388b7851b4a	22252	78.04120	92.69416
fa55e402-cf09-421e-9271-e9f5c0735468	32749	91.49269	98.24319
fa56cdd8-71f4-445b-82b4-8d3657413574	25431	96.11221	99.48201
fa5986dd-3f64-44c2-b1c9-f045b294d2a6	30168	72.50510	91.11528
fa62ce65-db36-4b6a-8e3b-87811b488073	39795	94.35324	98.60718
fa6fc2b9-c83e-496c-9bfe-2cd7d96ef71c	31058	92.62732	98.05176
fa770821-fd67-4bdc-bfa2-61adfa2e4f86	24244	92.87545	98.54446
fa78cd46-f17d-4c13-bdd1-99867751a85b	22466	85.33328	97.65918
fa7a36a2-8c63-4e90-9de0-687cd67deb98	24069	91.89960	97.92450
fa7bdc6d-1ff3-4864-8f57-fffd80de08ad	25356	88.91798	98.40162
fa84e0e8-a2e9-4faa-a82c-e1ce7b882925	25462	79.64127	95.87233
fa913623-3b2f-49ad-8978-6a1daf8b503b	32427	93.79262	99.16912
fa927548-7331-4c47-965f-a60555bb3649	27451	95.37465	98.81821
fa991f03-e590-4549-9f9a-9c22e7b24470	22248	82.28758	104.28477
fa99b3d4-9e41-4a22-8f35-e297bb525313	39843	90.24061	97.86705
faa3df88-baae-4eca-8058-f9d08125c79a	24441	83.11857	96.64299
faa4c280-d899-46a8-851d-ad7134dfe405	66998	94.35345	98.85949
faae98e3-442a-4a21-9717-aca80cefd329	23873	89.00607	96.28551
faafebdd-bb8d-47e1-b158-d19fcf8c3dd0	25850	89.64818	96.87841
fab86d2b-0c0a-49d8-8cb1-e144a2cb01dc	35983	92.99986	99.29759
fab89b01-f254-4143-8d9a-c5804353da18	21987	89.47806	98.64549
fac1e2e4-11f4-48b0-be7d-f0acca66c501	32898	91.03264	98.45494
fad1a4af-1daf-4330-9b0a-4a810606b6ca	52160	91.74187	97.85227
fad6c78c-452a-4a30-a1e5-47b062979550	39201	81.40933	87.17412
fadd3421-aa6b-490b-9b9d-15a8b4b4542b	25214	91.38885	98.17869
fade4ef6-84ef-45ce-bd15-96524ee65a3d	25972	89.20157	98.19085
fae08d16-64b0-4648-8c51-daa232fa16d0	40604	91.44470	98.37033
fae40ca3-6a13-4b3f-bca3-77dc82076ad6	26458	81.52345	95.66922
fae4b4c0-64a6-4db8-a3f5-2cac201dd527	27577	91.58499	98.18856
fae6b86e-010d-40c8-97e6-a7e9b105dc58	32791	95.82596	99.13926
faea293e-6c7e-4357-be0f-a305b934470b	23735	86.83351	97.13852
faec77e2-5fdf-42f9-8c6e-2e0d2593f215	25414	95.40119	98.85663
faed9522-8616-45f5-bc55-787a068eb1a3	22397	82.15336	95.38633
faf1c6c3-0711-4ac9-8ef6-3b060fe0b781	26112	94.96538	99.05632
faf403a5-b78e-4a73-8b23-5faf15a250a8	37152	95.41115	99.09910
faff64b8-3699-4fd8-a514-a8d5a6fd6d09	43646	87.69052	98.23909
fb03b5fb-2885-4331-ad70-c0305abd5280	29024	94.41184	98.81915
fb07f0db-5a28-4087-ac7e-181c0b5b9523	28200	79.89670	95.64682
fb0dfaa2-38fc-485d-9e5d-261f77a123ac	45979	88.20455	96.15900
fb151e06-258a-4e46-aa48-62629b1b66e5	30322	94.21794	98.71728
fb15f2e2-a6b5-43f8-80b7-747318f5760e	25006	97.20427	99.63626
fb1add7e-c70e-4764-8dbd-7c6c826feadd	22802	92.91319	97.69631
fb20f772-de04-4964-bcac-3cd1b0e7851b	37586	85.92193	96.37130
fb23c11c-d778-4029-adc3-3a99912ad63c	27946	83.03287	94.00688
fb2e0698-e05f-4136-b2aa-e657e9d24cb7	25203	88.88181	96.40051
fb313e30-0f1c-4ee4-83c1-87def4bfaeae	30476	85.66646	96.08953
fb3623e6-bb92-4ab4-a272-6f960cf7759e	27769	95.50419	98.82261
fb37418a-20f7-455c-a9cc-3c7c95c86fdc	31688	79.51856	94.27490
fb3c0064-b266-4870-b720-ec369127270d	27280	92.93486	99.31457
fb413ea0-e7f3-4ce0-99a7-831559331006	36922	88.47098	97.50225
fb443cba-770e-4a2c-82b9-d898de0d6971	23806	94.52697	98.75505
fb469392-668c-4a18-bcc1-ef7ec092e66e	51630	90.37004	97.13613
fb48c454-7224-4830-b22f-08a879646e78	45694	90.89859	97.91783
fb4a1472-01d7-43fe-b807-25ae2375af50	35539	93.03636	98.51389
fb4e89a1-a18c-4315-ad1c-bff359c57d40	39356	91.83793	98.02111
fb52eb22-d5c7-464a-88ce-73bca417ab80	23697	94.67896	98.78676
fb595a53-7ba7-4361-b903-136aec3f3f76	24981	94.65835	98.97854
fb5e4cb1-8a36-4619-af33-f74a7e603e3c	22282	93.70925	99.36417
fb6d4904-6b45-4346-90ae-688b8be8b255	32647	94.33255	98.89469
fb6e54c8-d834-48b7-81c5-f7308b319b32	27783	91.83402	99.24799
fb6e7a6f-c490-42af-a4a7-baff9897b89b	31034	81.65455	95.50225
fb732763-4c1a-49cb-8700-f85d4f1d0e3d	81045	90.93105	97.48839
fb732edc-8523-4ca7-b1fc-9f51b0c578ca	22597	90.32713	98.68104
fb742e18-dd96-438b-baec-d95bd349c86a	38228	89.59291	98.12281
fb774e03-9b7f-487a-9ccc-f09b6708b13a	41122	81.77377	94.53473
fb79d306-8016-4060-93b3-50b6e833ccda	37108	91.94825	98.12536
fb7ca7c4-a797-4496-a9de-4a24021825bd	49456	91.37149	97.97607
fb802061-d319-4469-8849-cd9a9096651f	24294	94.46845	99.00650
fb82c458-ebe9-40b8-93ff-649589cc119a	61638	95.19210	98.90115
fb908568-2919-43d4-8cd8-a914fa47ef9d	26043	94.46548	98.56118
fb9169e8-0fd0-48d6-8db2-397405570fc5	56158	95.48059	99.01836
fb92fa67-0ee0-477a-88d9-811081c73a75	25598	86.85744	95.61808
fb968ca0-2e72-4515-bcbd-d16dde721a6f	22790	92.89757	98.02703
fb984e68-8a90-4ca9-913e-fae94e4499a1	30870	80.04841	93.02915
fb9cfd6c-d817-45c6-9d45-d315aa500d2d	32100	95.29610	99.10858
fb9ef4e1-bb58-425c-a012-94dac6af3a90	43227	83.81652	97.01923
fb9efc23-48b9-4943-87e7-d1b3deae857f	25000	91.65021	98.23745
fba2ebf2-fc48-47c8-b3a4-245b321923c4	38985	94.27380	99.06299
fba5596e-7055-4676-97ca-5e3b6076cfae	42264	81.68411	95.83001
fbaad287-64c3-45fb-a6cf-1aa4c90f30c8	5743	93.76601	98.49063
fbad6f92-db8b-4474-9829-3b44854643f7	24213	83.11810	92.56373
fbae4655-b3ea-4a76-90a5-221d01230cfe	18842	96.19187	98.84046
fbafd17a-d286-40d8-b2e8-29656bc35653	32081	89.33841	97.45481
fbb5ed71-891e-46bb-87cf-c0ee1348fc2d	24214	86.45889	94.82123
fbb9b179-c3a3-4291-9b11-938d85ec7d13	24993	82.66686	95.68896
fbbab38d-e1b1-44a2-b826-4bff2f58bc24	24202	92.65790	98.06113
fbbf756b-96c8-4175-b390-07a7ab711d7a	47982	94.91391	98.79349
fbc30159-38e4-401d-bb65-42406fd7fe57	26564	88.54070	97.32991
fbc3402f-8d04-4b32-b61f-db908a0ff74c	28926	94.75202	99.04909
fbc368d7-5464-4a6c-829f-3c31ca67384a	23265	95.67590	99.23416
fbcb3705-8e63-4622-958b-33b43c8f8068	22897	82.23771	92.86441
fbcc33d1-4ba8-4e9f-b35c-2aec1a21da81	33476	86.25162	93.70790
fbccb88b-93d7-436d-9326-9a807f93141e	47882	95.22572	98.82370
fbce28a3-7fb0-485b-819f-2f0cdc70904c	33773	80.42725	94.39263
fbd33726-d0aa-4128-bb51-0686c2dcbe0f	32000	95.04890	99.07505
fbd407bc-413b-481f-9946-716261a549bb	49417	93.42820	98.56178
fbd5b8d7-ce12-4425-a273-b44f64d57286	73036	83.99831	96.84587
fbd6b2ad-3284-47f9-92f4-acdd6a1f7d0b	32226	93.96327	98.65869
fbd765f7-47f3-4142-b675-62083b7a9cdf	32113	96.25483	99.13652
fbd879ee-34a9-4b35-bd57-865b981fab34	48587	82.64708	94.42606
fbdc9ba8-7470-450c-8575-b6a872a25f14	21076	90.13347	97.93834
fbde6447-9af4-421c-90a4-556b94c96833	38959	88.49555	97.98105
fbdf888c-1597-4d8f-80a2-4e712229c547	25816	72.85998	89.94961
fbe90cef-7bab-46ed-830d-f9953d55528d	37121	93.81605	98.22617
fbea7dba-ca02-4a35-af36-b6da8b6eb337	32528	94.14542	98.08948
fbf6c0b7-9dfa-4fd4-9ed9-e2c5be26f555	25127	89.13068	97.69531
fbfb21d7-a989-4bfa-b2b1-fdb6c446d8d3	37900	93.76879	98.43319
fc0e0935-435d-466f-8051-6ed55f65840f	80084	71.42326	88.20831
fc13db05-baa4-452e-8da4-4ae9c96b8b2b	24282	90.29538	98.01555
fc13f1da-631a-4a45-a1e8-7bd3d7aee306	31781	88.93009	98.13067
fc1679c7-539c-41e8-96b6-f022331dad9b	55108	95.49839	99.20323
fc16dff8-d000-4e64-93f5-6ed298581b64	27179	92.49964	98.86795
fc1c4231-8e21-4b2b-83bd-35794369d765	24988	88.23972	95.75180
fc241e64-29bc-49a3-a1a9-dea2e9d7d5ec	23458	91.39648	98.15577
fc2e2d9a-6c49-4e26-a0e3-d02de1fa1540	46395	89.01630	96.81610
fc2ec227-23be-4487-8e03-33f6b3ba3ee5	25225	85.20997	97.66277
fc330028-19ce-4529-8630-1848732b6367	27327	82.73565	95.51595
fc371723-9260-49df-a324-b517886088e2	54070	91.06739	98.32204
fc420859-2638-4e5b-9d28-8122bb585a8f	23553	95.78253	98.87517
fc47906a-3eb2-47b1-be1f-9bfde2a4389b	52539	91.74339	98.91421
fc47c52e-717e-41f6-94b2-1173f7155ed9	36084	88.26621	96.25886
fc47c8c3-487d-4031-9679-4d44f35bfdfc	48696	95.88488	99.04451
fc47df97-90b5-4f39-be93-617fcc604b74	30570	91.56912	98.36615
fc4f809e-a1a9-46ed-a45a-246a8e0864fd	53991	87.01078	97.34453
fc52dcf6-f63f-4558-9738-9150e9683262	21964	92.16416	98.54863
fc5628c6-9889-4f26-9889-6e132dc44034	56911	94.08859	98.77629
fc5c20f5-4a0b-4ac6-8105-2ea353fb860b	36466	93.66767	98.91278
fc626622-4ce4-4c7c-96ac-c5b8946d8f9b	31923	89.54282	97.97100
fc6d2e2f-7b0c-4793-9519-f149434e27fe	31773	91.50667	97.90054
fc72e594-48eb-4c67-ab00-1e5bb1a831ac	23925	89.90004	97.52147
fc7ae548-f26c-4c5c-ac6b-66df2552f23f	35433	87.52467	96.80272
fc7d2c9a-ddc0-4de8-aa01-6c13d4f97db7	26720	94.24166	98.47746
fc7f84c4-b9c1-45f1-9108-348dbb3c0f84	32105	84.56792	95.45319
fc800b4f-ae8b-49a0-a9c3-b8d667b90551	23188	92.92366	98.60933
fc8b183b-ba72-45eb-aad0-0e233f454fcd	54484	94.15348	98.83736
fc8c901c-5b1c-40e7-bf0b-255af9b75e6f	39229	93.59787	99.07063
fc8d0744-a342-4a60-a999-7f9a8a53aec9	35655	89.39406	98.50846
fc9241e2-8e14-4b88-bd65-67af686efd5e	25615	86.58469	97.08298
fc986da3-aa38-4ae1-b48b-22a6fe834c8a	31746	84.96384	95.64192
fc98ce10-2bfd-44df-aff3-9ec8678acf70	31493	94.85755	99.26003
fc993383-a519-41f7-84bd-87c169edefbb	22345	92.97549	98.40694
fc9c006b-e449-49f6-9c1f-4ad8be0d76bd	33327	93.74504	99.04680
fca4af75-1ec9-4ac9-b184-f167bf8e157c	26065	86.80707	97.30165
fca72f2b-6d42-48c3-85aa-5a25a3aab280	45738	95.22767	99.11645
fca88bd6-e386-4101-9645-945d87dff1e7	22513	93.06476	99.01134
fcc0e091-29fc-4da1-99ad-ff786ddd4884	29616	92.93225	98.83919
fcc4f948-cca2-4f6b-b69f-a4eb9e5e7c07	48979	81.36461	94.08821
fcd2578d-e2d5-439a-a690-55b7ed9385c5	38308	93.08411	98.46661
fcd6c6aa-2b8d-41b2-b952-4aeb08f1a687	35447	90.85963	97.56340
fcd6d833-7cbd-412c-9dd3-2f62b2076872	30661	89.46055	97.60271
fcd9e05e-468d-4bb9-9e8e-78523c867156	22842	94.22491	99.11304
fce187b0-9c58-4c2f-ad93-cd8362a0f1b3	26782	86.88997	94.85412
fce786ae-807b-4ed5-b455-c0a66a8b6152	31617	83.60190	97.32658
fceac99b-269d-4198-b8b9-514e751d1096	23621	92.79093	99.23207
fcf04a63-80bc-49c7-a6ce-c7db5ca374fd	53171	89.95718	97.92778
fcf23168-e609-40da-8a12-c889b77b64ae	31927	96.06591	99.18099
fcf4a59f-cdb6-4c69-9563-fd35a413ff04	26802	93.93166	98.80076
fcf763da-9869-4686-9ba5-55ab5ec1596a	6987	94.85377	98.88968
fcf94cfd-6683-4309-837e-e900b180b543	31086	95.31339	99.27648
fcfa6aab-8f43-4603-9ed6-9cde25f4f479	67446	95.99807	99.21647
fcfc6772-5910-4d27-bd9e-93739ba3100b	21957	78.65750	93.55407
fd0164e4-e0e5-4d84-b190-b245d56aa40d	25200	91.11315	97.88809
fd02cf0e-5188-49ec-951e-17290ef9744a	31808	91.34916	98.37630
fd03e6eb-df85-4d8d-bdc6-7da2bf30b108	23452	81.87102	97.11566
fd0f99b5-4306-4e4c-8b60-b57a45be4d67	31718	93.75058	98.87475
fd11c3db-5359-4303-bfed-92aac6e7a1eb	23115	78.89688	91.93600
fd2fd19e-2a17-4613-b10c-74760514113e	82519	94.92875	98.94028
fd315a17-372f-4a3b-8b99-b688a3198e4a	34493	94.43846	98.80310
fd325f2d-630f-4c23-a41b-60ddb30618b5	58734	91.56108	97.61025
fd3e862d-c00c-49d6-ba59-0a92831e030f	27312	93.50909	98.88171
fd4127f0-ec2c-4fbf-8f05-327531651df4	67161	90.67841	97.21115
fd49c615-5f1c-470a-b5f3-10ebbc8e8056	23822	93.13850	98.27037
fd4c2e8e-f384-4c8c-a84f-e2c237e6a0e5	33108	90.92286	98.29752
fd506e6c-4ebe-44a7-ae0b-e35dbc97a49e	31005	87.05623	96.91931
fd50a9a1-411d-4b7e-883b-3344d0299d9d	39809	90.16318	98.79113
fd517471-6fa2-479d-86fe-148910bbec10	29924	87.18583	97.05404
fd55cd96-0b7c-4251-962c-c58ad74f761f	41199	95.16394	99.01040
fd561776-c258-4974-ac88-2c584a8514eb	23371	92.52854	98.69370
fd570199-af31-4e8b-87b7-66ff321dbe39	29217	95.03496	99.27783
fd57ca7b-efb8-4083-8cb8-b7cb20abe3d6	32987	94.73091	98.92680
fd5bbf44-f9d1-4157-aff2-e045f2f58be2	41618	83.11419	90.55164
fd5bfd79-2976-45c6-89f9-b12247f9cbd1	58991	95.13726	98.94862
fd5c9552-1ed4-424d-b50c-316e320408b1	24707	88.74797	95.32848
fd6cfb26-1603-4f28-b5e8-fbe4fa7d4664	26582	86.13900	98.00666
fd7dedb3-3ee3-40ba-bebb-d7055304372d	25245	91.08404	97.87350
fd8c75a0-8b3d-4793-a73b-e3641b7ebe92	39663	88.99885	94.32612
fd8e11d2-c856-40fa-a8c1-d6174aad51c1	34023	92.43246	98.65167
fd8ffb00-8b2e-489c-9871-bd7ab52fc436	31972	84.85934	95.28996
fd929e94-9f90-4040-9142-30fc7265c008	27275	91.96929	98.86087
fd9e792e-c4e0-4ece-950e-5a6406b41605	32890	70.47169	91.43731
fdab9d6f-d9e7-4228-ad7e-88df6cf47bfd	31466	92.29446	97.67666
fdb570ac-2088-4488-9b4c-41c2d51c7599	45921	0.00000	nan
fdbff44f-4a0a-4baf-83bc-c78921572f55	39332	94.02221	98.92167
fdc1b2c5-bc25-4606-b555-efdfa7ac358d	73204	92.03116	97.89949
fdcfad10-38b4-41f3-b963-4e6c20d91c1b	31083	90.44568	97.46935
fdd4abe6-8779-4b89-88dd-00e84d6de59d	39217	81.89360	100.32849
fdd7a8e9-44cd-4f72-ac49-413aa87d4d4a	36367	89.59697	97.76658
fdde93a9-bfcd-444d-9313-2bb0a8eea1a1	55118	94.45660	99.66712
fde231f6-7046-4d61-8d10-c97dec91ed33	26341	90.96861	97.40024
fdea7a4c-7988-4ac7-a6c3-7d14bdcf367d	23702	95.23316	99.04040
fdeaa517-aea1-458d-b455-a6b2e5ffbc54	41981	94.57448	99.04037
fdf0214e-ccd6-42a0-ba4a-45526a950f6b	26938	94.92200	99.40802
fdf2ca54-d4af-4e22-8733-806b7e7e4e15	45238	83.35342	95.26010
fdf54213-4b23-485e-81eb-d52e0ac2752b	23997	79.85443	89.75419
fdf6bf85-b24d-44e6-8ffa-5c3da8a2ac90	24928	94.53730	98.88553
fdf6fed8-eae4-41cc-b36e-a078431c0d42	23857	96.25852	98.89735
fdfbb544-ae02-4a45-a948-5bdff15b4313	52595	95.15455	98.98598
fe068517-a680-4004-8d69-dfb0d09d23f1	40986	94.60741	99.40953
fe081bd9-56e1-4aa2-a477-056c271bbae6	27517	93.96229	98.79161
fe11d06b-86ea-46e3-b11e-eb7edb714923	55552	95.25625	98.95464
fe131b31-1ac9-45f2-a906-c5225a3d57f0	26750	94.91234	98.77421
fe166930-3a7d-4843-b83d-5cbd2979480a	29477	88.39571	97.20449
fe187ac2-147b-481e-8204-0302d60c3a4c	2473	94.34818	98.25218
fe1bf64e-f71f-4067-b950-078e4cfd8237	28567	93.95484	98.80676
fe1d1684-f9e7-4923-855b-cf9e32aec93b	31468	89.60435	97.41489
fe23d4f2-3dbc-415f-a984-dd1f874c7aee	48385	95.40186	98.91465
fe24864c-c7a9-47fa-b6d1-f6166525145c	30481	90.65515	98.59849
fe27b9c0-18fc-49dd-8b51-a4018fc7ce6a	23126	89.85555	97.92605
fe2e5991-eed2-46fb-bda9-1ac2cdd8dc0e	35606	79.68160	93.99444
fe2f3b78-7788-4684-98d1-8d197d536720	36478	93.27953	98.79214
fe2fcfc7-9662-451d-9314-7ac2fcc8f126	29935	93.89865	99.28175
fe304f36-cf01-4fe1-843e-51755287103a	41703	95.25265	98.92762
fe3df939-64ea-4bb8-bd2d-0f6395e3650e	42412	85.69794	95.83069
fe3e0714-8027-47e0-be20-e8dd310b06b3	25656	95.25737	98.45206
fe4045dd-a4c4-4835-b128-2a08f68c4cb9	24742	88.61100	97.22025
fe4718bf-949d-4768-8c5e-b8ff29f8db04	30817	95.45556	99.06563
fe4e53d6-ef54-461e-a672-c65b2d8fa314	66734	94.14037	98.92990
fe59a102-45f3-490f-9f71-f81e71b15bdb	36623	94.16103	98.31580
fe5bab2e-1fbd-43a5-ac1a-a7b70c5b305a	27026	91.18946	97.83627
fe5c257c-2456-4809-b56a-fa4bbb13bf25	44129	86.31375	96.11320
fe5d2247-4529-4c21-b067-c50759aa5648	35731	90.72712	98.04186
fe61f4f0-d1a2-4980-b4b3-50c7affe75f2	57134	94.37239	99.62463
fe673aba-2f6a-4296-bed4-bd1e710be145	41815	90.85330	97.56001
fe68b402-6f5e-495e-828f-f1f1161fc4f9	39274	93.39482	98.58609
fe768944-aa7e-4031-a08a-03260e3176d8	28375	94.61313	98.83392
fe78ecc4-0853-472c-9e6a-cb777ee4164f	23014	95.85439	99.12235
fe792784-f9f4-4d75-9970-1aae1d3a3976	48054	95.30608	99.37659
fe7a4436-2e5f-41a2-8e62-0eb5bf14e169	42973	93.94952	98.95052
fe7af62c-1a92-4124-a189-4df459f5d1e2	22175	93.17333	98.60349
fe8644cc-c9e3-4a25-9281-b36af35b46ad	50903	95.71304	99.29472
fe880cda-ee60-4b4d-9766-3c469c710b13	25934	93.39913	98.60449
fe8bed99-baba-452f-81f2-5497ab4b83d1	23383	95.84246	99.27184
fe94d200-9d2f-4934-b38a-ad6a51843f66	34504	88.49939	98.13859
fe95988b-41c9-465a-a289-3eade2d78914	43836	80.75086	93.27814
fe994de0-d6ee-465a-aeee-3f3fc9bfa5be	43529	93.98252	98.79039
fe9dcae3-122a-403b-aa26-828ef36b5fa6	25916	96.72019	99.31546
fe9f6bc6-6545-4bfa-aedb-a13e83234dc9	46627	90.12403	94.11301
fea64fb4-36c1-4eb3-a234-3a0cac3cd512	7799	86.36692	95.76094
feb6c9ee-f378-42ee-8eb6-4556b7d57eaa	29896	94.32227	98.96082
feb821c4-a473-44a7-aee8-6a43d370410f	37606	84.86291	95.96704
fec1a096-5919-4816-9a60-d28b7ce5ff00	45102	90.08149	97.20692
fec87b61-93e3-4bb5-bc54-9497b2af2301	36223	90.87858	98.47143
fec90277-3f3f-4ec3-a146-0b3bc64454e1	36125	91.28704	97.99244
fecd4630-941e-48be-b7ec-e4e8999b54ee	29959	92.20522	98.95999
fed00ac5-9b7f-42c2-aa7c-4942241fd508	24847	94.97886	98.75744
fed8e984-6228-4d0d-8e5f-9f5c69d9868c	25954	94.72869	98.97854
fedd1f8e-671d-4719-b648-20c1f1d26e94	26936	82.72599	95.00672
fede9e4b-5336-47b3-85cd-2ffe9b9ed25a	35860	95.65992	99.38899
fee118ad-2917-4a01-8865-38b59c7251d9	28139	83.38445	92.90498
fee3b056-95d8-4f58-afc3-7fc0898cde1a	29483	86.30150	97.17927
fee71fd7-b78f-4e6e-b4e4-6a71346b0659	38671	93.51532	98.65321
feeb2798-1718-403a-aea5-1dd6627d0932	25955	80.90036	95.54710
feedf8f1-a2d2-4bf5-a891-0ac0eee075cc	37304	92.44768	95.76794
feefd95d-6005-472a-852a-e877f235c454	25829	95.06586	99.38269
fef86ebe-6fdf-46c0-b47e-5e18ff63e5d8	25667	92.98690	98.35127
fefcdbcb-3298-47cd-9104-0b6211258257	56289	94.68485	99.04141
fefef2d0-7e75-40f3-98d8-70bbf1e98ab0	30295	92.77054	98.46766
ff090111-9086-41b8-b2cb-f7da8f16b426	38006	87.52104	96.19550
ff09b090-d3c4-4937-9c7f-c7e2a5d5e554	34000	90.12000	98.28495
ff0b4b14-27cc-48cf-9def-e3579c6c55ae	29216	95.36400	99.02833
ff0c40b0-3708-4388-9daf-504ca4c71913	42601	94.21217	99.42675
ff1e9618-e1d5-4944-bd67-8dce908b451b	41874	90.71465	97.54230
ff25e182-9ab3-4436-b766-7f1bfa77a691	23075	95.97367	99.37343
ff277447-c400-4a76-a048-e6a05c4736d4	42249	83.97789	96.30231
ff2e846f-4a5e-422d-b332-fd8fe63ffead	30366	96.31170	99.30173
ff30c255-d5ac-4ff8-8289-f72831772bb5	32554	91.80104	98.32582
ff330771-6a2a-4820-b5e2-5b3d45cdd8d6	50541	95.06470	99.02272
ff3689d9-a09c-4af0-8687-2d4f86995941	57521	95.55268	98.87582
ff3699b1-4719-4dfd-99d3-6c1f294c164d	41457	88.60583	94.43760
ff36b1b6-4df0-4908-8e17-f99cbcc47881	53128	88.26262	96.55172
ff36fde6-c702-4126-a7da-bba4c88f34ed	22587	86.38057	96.85386
ff3821da-dbb5-44b1-b6fb-8c6f621a15bc	26177	82.15616	94.35402
ff38c9bd-6244-4ea1-85a8-acd4066a4cb4	26712	95.01486	98.84563
ff3efdfc-5831-4045-8dd5-f692a86994dc	43887	90.89630	98.47368
ff45e71a-bc8e-494e-ba1f-bde3b2c959c4	61197	90.96942	97.63278
ff534134-d117-4e18-b1e6-4e20f6e7c7e6	54534	94.59938	98.57192
ff5487a9-2367-4e10-be60-ec5c65ddbed7	27065	90.69875	97.79478
ff5716e3-6911-4cd2-b19c-8a02a931303a	37266	94.30071	98.84889
ff57c8fb-7d7e-4017-846f-daace6b6e136	21450	94.25571	98.69254
ff58ba7e-3549-40fa-9466-f5abb304961c	24302	90.87703	97.80095
ff5f958b-a58a-4438-abb2-e28de7eba546	81122	95.83883	99.17778
ff60726b-2174-47e7-b401-5e70df048fa3	61646	88.65960	98.93875
ff61f7c9-6b79-44ce-9eb9-fe94b52012af	18696	94.91205	99.13261
ff67afe0-7655-484e-b64a-52c171f1b7f4	37570	94.38822	98.68088
ff695152-a4d4-4cf1-84dc-1b491a8d9123	54361	84.65836	96.28867
ff6a7432-5322-41d9-b734-3077ec3cd5a1	22545	88.36384	97.13482
ff6be52c-fbc9-473e-8761-eb215ca68a2d	33110	92.94194	98.80945
ff6de189-e342-4096-ad57-435a1c534981	24531	89.65396	97.47249
ff6f28f0-f16f-480b-9b28-d917f53b243b	44237	90.64988	98.45440
ff752041-6aa7-4413-b470-8f25ddb58f35	31308	94.26809	98.91280
ff7dc3d9-ff51-4558-b2e2-cbc2e373234a	14381	72.72351	86.68415
ff7feee3-a218-4db8-8aaf-3ca806774f26	34657	91.38700	97.93893
ff806374-e122-4e1f-8de5-0f0bab0f5324	11308	94.27948	99.57367
ff8f089c-16f7-4d2d-9c9e-5a01338e50a4	68058	93.46850	99.11204
ff95f646-4594-4040-9ed0-a3e889546cdd	43037	94.66093	99.03177
ffa48391-956d-40d5-8b51-9c105fcd1757	27505	93.59302	98.81111
ffa555ef-ed5e-4b4f-ba9f-4af0f85de26c	27749	94.89508	98.84577
ffa68f64-fb8b-4ff8-aa46-4d12029524a7	45456	85.00909	96.67363
ffa71bd3-41a3-4763-8864-ad2deb0d86d8	44287	95.93509	99.05238
ffad4135-b6df-4606-8d75-86519c15ca97	41217	95.02900	98.99413
ffc2daa8-86dc-471a-8127-36b91727b30c	50585	84.35841	96.49431
ffc6c83d-dabb-4ebd-a8a1-b549ccb792cf	24688	96.43702	99.52285
ffc9ae67-e7f9-44ca-b8f3-bd59d80f77a1	58344	86.41530	96.32766
ffd7acb2-8b74-4712-a196-901e5e043989	47150	96.24047	99.24937
ffe20c93-54f2-4a9f-8207-72e268018099	46708	93.76125	99.23182
ffe4176a-e149-4dd1-8964-46d2e176d53b	24967	96.29849	99.44069
ffe8a29a-17a4-4976-9a89-bd2147f46f52	38788	93.71167	98.06728
ffeb4cde-aed9-426d-8041-3f559e34f658	57638	80.38342	94.48538
ffef720f-0ded-42a5-a8da-50b88985843c	24925	95.06635	98.85762
fff2691f-41bc-4410-8108-c7c9f60ede9a	30648	90.41879	98.36740
fff51eb5-84e8-42c6-9125-3db1ef859acd	64074	95.28794	99.40044
fff52a3b-e8e8-430f-a238-f9f8e4e37b47	56186	95.49633	99.13429
fff68344-6a3e-438c-b5a6-a586f7e54f91	21818	86.84852	97.45839
fff87b31-7727-4857-80a7-7dcddeb6ec5d	54267	91.67099	98.99527
